Subject#	Session#	Block#	Stim#	Trial#	Task	Numerosity	P_true	P_reported	x1	x2	CE	
19	1	1	29	1	2	0	0.05	0	200	100	110	
19	1	1	122	2	2	0	0.9	0	50	0	45	
19	1	1	82	3	2	0	0.5	0	400	0	200	
19	1	1	225	4	1	600	0.01	0.0455446	0	0	0	
19	1	1	48	5	2	0	0.25	0	75	0	19.5	
19	1	1	25	6	2	0	0.05	0	75	50	57.5	
19	1	1	159	7	2	0	0.99	0	50	25	49.5	
19	1	1	52	8	2	0	0.25	0	400	0	104	
19	1	1	220	9	1	600	0.99	0.972487	0	0	0	
19	1	1	65	10	1	600	0.05	0.0635102	0	0	0	
19	1	1	78	11	2	0	0.5	0	75	0	22.5	
19	1	1	133	12	1	400	0.4	0.3972	0	0	0	
19	1	1	178	13	1	400	0.1	0.102515	0	0	0	
19	1	1	87	14	1	300	0.6	0.5	0	0	0	
19	1	1	184	15	1	500	0.25	0.310185	0	0	0	
19	1	1	301	16	1	200	0.5	0.50199	0	0	0	
19	1	1	157	17	2	0	0.99	0	400	0	392	
19	1	1	144	18	2	0	0.95	0	50	25	48.5	
19	1	1	33	19	1	400	0.6	0.565524	0	0	0	
19	1	1	208	20	1	400	0.9	0.806105	0	0	0	
19	1	1	107	21	2	0	0.75	0	50	0	25	
19	1	1	302	22	1	300	0.5	0.435365	0	0	0	
19	1	1	317	23	1	300	0.9	0.781859	0	0	0	
19	1	1	155	24	1	600	0.9	0.841921	0	0	0	
19	1	1	300	25	1	600	0.4	0.258181	0	0	0	
19	1	1	59	26	2	0	0.25	0	200	100	142	
19	1	1	43	27	2	0	0.1	0	150	100	111	
19	1	1	157	28	1	300	0.95	0.899475	0	0	0	
19	1	1	112	29	2	0	0.75	0	400	0	200	
19	1	1	3	30	1	400	0.01	0.0449343	0	0	0	
19	1	1	153	31	1	400	0.9	0.850881	0	0	0	
19	1	1	327	32	1	300	0.99	0.978463	0	0	0	
19	1	1	102	33	1	300	0.95	0.244285	0	0	0	
19	1	1	229	34	1	500	0.05	0.925512	0	0	0	
19	1	1	83	35	1	400	0.5	0.455825	0	0	0	
19	1	1	231	36	1	200	0.1	0.840094	0	0	0	
19	1	1	216	37	1	200	0.99	0.0401134	0	0	0	
19	1	1	310	38	1	600	0.6	0.569266	0	0	0	
19	1	1	20	39	2	0	0.05	0	150	0	9	
19	1	1	228	40	1	400	0.05	0.0786186	0	0	0	
19	1	1	172	41	1	300	0.05	0.0350315	0	0	0	
19	1	1	257	42	1	300	0.75	0.704733	0	0	0	
19	1	1	81	43	1	200	0.5	0.477523	0	0	0	
19	1	1	67	44	2	0	0.4	0	400	0	152	
19	1	1	187	45	1	300	0.4	0.318801	0	0	0	
19	1	1	309	46	1	500	0.6	0.442844	0	0	0	
19	1	1	215	47	1	600	0.95	0.865698	0	0	0	
19	1	1	307	48	1	300	0.6	0.442543	0	0	0	
19	1	1	3	49	2	0	0.01	0	75	0	10.5	
19	1	1	77	50	1	300	0.4	0.452397	0	0	0	
19	1	1	49	51	2	0	0.25	0	100	0	30	
19	1	1	284	52	1	500	0.05	0.0685478	0	0	0	
19	1	1	121	53	2	0	0.9	0	25	0	19.5	
19	1	1	116	54	1	200	0.05	0.866839	0	0	0	
19	1	1	99	55	1	500	0.9	0.768444	0	0	0	
19	1	1	89	56	1	500	0.6	0.624286	0	0	0	
19	1	1	244	57	1	500	0.4	0.312675	0	0	0	
19	1	1	94	58	2	0	0.6	0	100	0	58	
19	1	1	262	59	1	300	0.9	0.760187	0	0	0	
19	1	1	152	60	1	300	0.9	0.835048	0	0	0	
19	1	1	61	61	1	200	0.05	0.115324	0	0	0	
19	1	1	85	62	1	600	0.5	0.353087	0	0	0	
19	1	1	32	63	1	300	0.6	0.456753	0	0	0	
19	1	1	211	64	1	200	0.95	0.809515	0	0	0	
19	1	1	70	65	2	0	0.4	0	75	50	61.5	
19	1	1	58	66	2	0	0.25	0	150	100	115	
19	1	1	196	67	1	200	0.6	0.45609	0	0	0	
19	1	1	100	68	2	0	0.6	0	75	50	62.5	
19	1	1	66	69	1	200	0.1	0.112232	0	0	0	
19	1	1	52	70	1	300	0.99	0.959847	0	0	0	
19	1	1	319	71	1	500	0.9	0.771584	0	0	0	
19	1	1	254	72	1	500	0.6	0.578961	0	0	0	
19	1	1	10	73	2	0	0.01	0	75	50	52.5	
19	1	1	140	74	2	0	0.95	0	150	0	147	
19	1	1	57	75	1	300	0.01	0.977304	0	0	0	
19	1	1	101	76	1	200	0.95	0.894703	0	0	0	
19	1	1	93	77	2	0	0.6	0	75	0	37.5	
19	1	1	177	78	1	300	0.1	0.116743	0	0	0	
19	1	1	202	79	1	300	0.75	0.683243	0	0	0	
19	1	1	199	80	1	500	0.6	0.43115	0	0	0	
19	1	1	25	81	1	600	0.4	0.225581	0	0	0	
19	1	1	303	82	1	400	0.5	0.417302	0	0	0	
19	1	1	161	83	1	200	0.99	0.957259	0	0	0	
19	1	1	129	84	2	0	0.9	0	50	25	37.5	
19	1	1	40	85	2	0	0.1	0	75	50	55.5	
19	1	1	19	86	2	0	0.05	0	100	0	10	
19	1	1	77	87	2	0	0.5	0	50	0	25	
19	1	1	204	88	1	500	0.75	0.709696	0	0	0	
19	1	1	33	89	2	0	0.1	0	75	0	7.5	
19	1	1	258	90	1	400	0.75	0.649726	0	0	0	
19	1	1	97	91	1	300	0.9	0.749519	0	0	0	
19	1	1	147	92	1	300	0.75	0.546356	0	0	0	
19	1	1	313	93	1	400	0.75	0.577404	0	0	0	
19	1	1	123	94	1	400	0.1	0.105248	0	0	0	
19	1	1	72	95	1	300	0.25	0.278557	0	0	0	
19	1	1	147	96	2	0	0.95	0	150	50	140	
19	1	1	186	97	1	200	0.4	0.421243	0	0	0	
19	1	1	323	98	1	400	0.95	0.848727	0	0	0	
19	1	1	55	99	2	0	0.25	0	75	50	62.5	
19	1	2	28	100	2	0	0.05	0	150	100	107	
19	1	2	169	101	1	500	0.01	0.0344433	0	0	0	
19	1	2	28	102	1	400	0.5	0.27436	0	0	0	
19	1	2	115	103	2	0	0.75	0	75	50	62.5	
19	1	2	15	104	2	0	0.01	0	200	150	153	
19	1	2	213	105	1	400	0.95	0.785777	0	0	0	
19	1	2	67	106	1	300	0.1	0.139406	0	0	0	
19	1	2	295	107	1	600	0.25	0.252361	0	0	0	
19	1	2	92	108	2	0	0.6	0	50	0	27	
19	1	2	160	109	1	600	0.95	0.857498	0	0	0	
19	1	2	39	110	1	500	0.75	0.652924	0	0	0	
19	1	2	297	111	1	300	0.4	0.384604	0	0	0	
19	1	2	269	112	1	500	0.95	0.908232	0	0	0	
19	1	2	140	113	1	600	0.5	0.268119	0	0	0	
19	1	2	126	114	1	200	0.25	0.34333	0	0	0	
19	1	2	150	115	2	0	0.95	0	200	150	191	
19	1	2	80	116	1	600	0.4	0.279712	0	0	0	
19	1	2	34	117	1	500	0.6	0.607037	0	0	0	
19	1	2	296	118	1	200	0.4	0.429212	0	0	0	
19	1	2	288	119	1	400	0.1	0.22325	0	0	0	
19	1	2	8	120	1	400	0.05	0.0904762	0	0	0	
19	1	2	149	121	2	0	0.95	0	200	100	190	
19	1	2	4	122	2	0	0.01	0	100	0	10	
19	1	2	96	123	2	0	0.6	0	200	0	116	
19	1	2	120	124	2	0	0.75	0	200	150	175	
19	1	2	135	125	2	0	0.9	0	200	150	175	
19	1	2	203	126	1	400	0.75	0.622915	0	0	0	
19	1	2	145	127	2	0	0.95	0	75	50	67.5	
19	1	2	281	128	1	200	0.05	0.0911485	0	0	0	
19	1	2	191	129	1	200	0.5	0.465497	0	0	0	
19	1	2	138	130	1	400	0.5	0.367111	0	0	0	
19	1	2	151	131	2	0	0.99	0	25	0	24.5	
19	1	2	60	132	1	600	0.01	0.0287467	0	0	0	
19	1	2	78	133	1	400	0.4	0.27099	0	0	0	
19	1	2	71	134	2	0	0.4	0	100	50	65	
19	1	2	18	135	1	400	0.25	0.325554	0	0	0	
19	1	2	51	136	1	200	0.99	0.964818	0	0	0	
19	1	2	306	137	1	200	0.6	0.467222	0	0	0	
19	1	2	11	138	2	0	0.01	0	100	50	55	
19	1	2	128	139	1	400	0.25	0.25026	0	0	0	
19	1	2	45	140	1	600	0.9	0.931474	0	0	0	
19	1	2	79	141	2	0	0.5	0	100	0	50	
19	1	2	26	142	1	200	0.5	0.276594	0	0	0	
19	1	2	105	143	2	0	0.6	0	200	150	175	
19	1	2	1	144	1	200	0.01	0.0231031	0	0	0	
19	1	2	195	145	1	600	0.5	0.309526	0	0	0	
19	1	2	275	146	1	600	0.99	0.967485	0	0	0	
19	1	2	37	147	2	0	0.1	0	400	0	40	
19	1	2	12	148	1	300	0.1	0.367302	0	0	0	
19	1	2	218	149	1	400	0.99	0.965066	0	0	0	
19	1	2	149	150	1	500	0.75	0.599775	0	0	0	
19	1	2	138	151	2	0	0.95	0	75	0	61.5	
19	1	2	22	152	1	300	0.4	0.187588	0	0	0	
19	1	2	40	153	1	600	0.75	0.735795	0	0	0	
19	1	2	61	154	2	0	0.4	0	25	0	5.5	
19	1	2	292	155	1	300	0.25	0.301941	0	0	0	
19	1	2	58	156	1	400	0.01	0.0543416	0	0	0	
19	1	2	105	157	1	600	0.95	0.948162	0	0	0	
19	1	2	278	158	1	400	0.01	0.0324309	0	0	0	
19	1	2	102	159	2	0	0.6	0	150	50	108	
19	1	2	72	160	2	0	0.4	0	150	50	92	
19	1	2	304	161	1	500	0.5	0.343476	0	0	0	
19	1	2	181	162	1	200	0.25	0.232237	0	0	0	
19	1	2	127	163	2	0	0.9	0	400	0	312	
19	1	2	227	164	1	300	0.05	0.0870883	0	0	0	
19	1	2	82	165	1	300	0.5	0.349783	0	0	0	
19	1	2	60	166	2	0	0.25	0	200	150	175	
19	1	2	74	167	1	500	0.25	0.159273	0	0	0	
19	1	2	170	168	1	600	0.01	0.049021	0	0	0	
19	1	2	69	169	2	0	0.4	0	50	25	37.5	
19	1	2	119	170	1	500	0.05	0.111878	0	0	0	
19	1	2	87	171	2	0	0.5	0	150	50	100	
19	1	2	212	172	1	300	0.95	0.896614	0	0	0	
19	1	2	325	173	1	600	0.95	0.929506	0	0	0	
19	1	2	107	174	1	300	0.99	0.964721	0	0	0	
19	1	2	263	175	1	400	0.9	0.776303	0	0	0	
19	1	2	249	176	1	500	0.5	0.473202	0	0	0	
19	1	2	168	177	1	400	0.01	0.0235056	0	0	0	
19	1	2	19	178	1	500	0.25	0.27436	0	0	0	
19	1	2	38	179	2	0	0.1	0	800	0	80	
19	1	2	158	180	2	0	0.99	0	800	0	784	
19	1	2	103	181	1	400	0.95	0.876742	0	0	0	
19	1	2	137	182	1	300	0.5	0.442556	0	0	0	
19	1	2	283	183	1	400	0.05	0.0895342	0	0	0	
19	1	2	201	184	1	200	0.75	0.672588	0	0	0	
19	1	2	164	185	1	500	0.99	0.95902	0	0	0	
19	1	2	126	186	2	0	0.9	0	200	0	180	
19	1	2	125	187	1	600	0.1	0.135125	0	0	0	
19	1	2	69	188	1	500	0.1	0.102214	0	0	0	
19	1	2	74	189	2	0	0.4	0	200	100	138	
19	1	2	161	190	2	0	0.99	0	100	50	95	
19	1	2	148	191	1	400	0.75	0.377067	0	0	0	
19	1	2	106	192	2	0	0.75	0	25	0	18.5	
19	1	2	129	193	1	500	0.25	0.158035	0	0	0	
19	1	2	165	194	2	0	0.99	0	200	150	191	
19	1	2	56	195	1	200	0.01	0.0560312	0	0	0	
19	1	2	330	196	1	600	0.99	0.976817	0	0	0	
19	1	2	251	197	1	200	0.6	0.578828	0	0	0	
19	1	2	50	198	2	0	0.25	0	150	0	39	
19	1	3	120	199	1	600	0.05	0.129534	0	0	0	
19	1	3	192	200	1	300	0.5	0.38122	0	0	0	
19	1	3	38	201	1	400	0.75	0.636843	0	0	0	
19	1	3	287	202	1	300	0.1	0.241631	0	0	0	
19	1	3	166	203	1	200	0.01	0.0466282	0	0	0	
19	1	3	320	204	1	600	0.9	0.773778	0	0	0	
19	1	3	36	205	1	200	0.75	0.643384	0	0	0	
19	1	3	236	206	1	200	0.25	0.274391	0	0	0	
19	1	3	183	207	1	400	0.25	0.252241	0	0	0	
19	1	3	205	208	1	600	0.75	0.747785	0	0	0	
19	1	3	54	209	1	500	0.99	0.93959	0	0	0	
19	1	3	85	210	2	0	0.5	0	75	50	62.5	
19	1	3	150	211	1	600	0.75	0.593432	0	0	0	
19	1	3	241	212	1	200	0.4	0.373923	0	0	0	
19	1	3	104	213	1	500	0.95	0.823429	0	0	0	
19	1	3	185	214	1	600	0.25	0.183303	0	0	0	
19	1	3	64	215	2	0	0.4	0	100	0	30	
19	1	3	134	216	2	0	0.9	0	200	100	170	
19	1	3	6	217	1	200	0.05	0.23574	0	0	0	
19	1	3	153	218	2	0	0.99	0	75	0	73.5	
19	1	3	190	219	1	600	0.4	0.342812	0	0	0	
19	1	3	142	220	1	300	0.6	0.463737	0	0	0	
19	1	3	90	221	1	600	0.6	0.5	0	0	0	
19	1	3	139	222	2	0	0.95	0	100	0	94	
19	1	3	16	223	1	200	0.25	0.259743	0	0	0	
19	1	3	47	224	1	300	0.95	0.905862	0	0	0	
19	1	3	44	225	1	500	0.9	0.845304	0	0	0	
19	1	3	27	226	2	0	0.05	0	150	50	60	
19	1	3	305	227	1	600	0.5	0.396355	0	0	0	
19	1	3	159	228	1	500	0.95	0.897379	0	0	0	
19	1	3	188	229	1	400	0.4	0.343971	0	0	0	
19	1	3	14	230	2	0	0.01	0	200	100	106	
19	1	3	48	231	1	400	0.95	0.745286	0	0	0	
19	1	3	117	232	1	300	0.05	0.0671059	0	0	0	
19	1	3	239	233	1	500	0.25	0.115187	0	0	0	
19	1	3	248	234	1	400	0.5	0.309694	0	0	0	
19	1	3	13	235	2	0	0.01	0	150	100	103	
19	1	3	151	236	1	200	0.9	0.804557	0	0	0	
19	1	3	274	237	1	500	0.99	0.938998	0	0	0	
19	1	3	256	238	1	200	0.75	0.582955	0	0	0	
19	1	3	111	239	1	200	0.01	0.0735014	0	0	0	
19	1	3	154	240	2	0	0.99	0	100	0	98	
19	1	3	207	241	1	300	0.9	0.677935	0	0	0	
19	1	3	59	242	1	500	0.01	0.0523646	0	0	0	
19	1	3	109	243	2	0	0.75	0	100	0	70	
19	1	3	57	244	2	0	0.25	0	150	50	80	
19	1	3	103	245	2	0	0.6	0	150	100	115	
19	1	3	14	246	1	500	0.1	0.0971016	0	0	0	
19	1	3	70	247	1	600	0.1	0.113152	0	0	0	
19	1	3	182	248	1	300	0.25	0.373047	0	0	0	
19	1	3	42	249	2	0	0.1	0	150	50	60	
19	1	3	50	250	1	600	0.95	0.93867	0	0	0	
19	1	3	56	251	2	0	0.25	0	100	50	65	
19	1	3	246	252	1	200	0.5	0.440946	0	0	0	
19	1	3	53	253	2	0	0.25	0	800	0	208	
19	1	3	250	254	1	600	0.5	0.433202	0	0	0	
19	1	3	92	255	1	300	0.75	0.669116	0	0	0	
19	1	3	124	256	1	500	0.1	0.0661506	0	0	0	
19	1	3	277	257	1	300	0.01	0.0443106	0	0	0	
19	1	3	128	258	2	0	0.9	0	800	0	720	
19	1	3	15	259	1	600	0.1	0.103745	0	0	0	
19	1	3	125	260	2	0	0.9	0	150	0	135	
19	1	3	136	261	2	0	0.95	0	25	0	22.5	
19	1	3	21	262	2	0	0.05	0	200	0	12	
19	1	3	116	263	2	0	0.75	0	100	50	85	
19	1	3	316	264	1	200	0.9	0.761447	0	0	0	
19	1	3	65	265	2	0	0.4	0	150	0	45	
19	1	3	162	266	2	0	0.99	0	150	50	140	
19	1	3	226	267	1	200	0.05	0.263652	0	0	0	
19	1	3	253	268	1	400	0.6	0.46322	0	0	0	
19	1	3	154	269	1	500	0.9	0.850306	0	0	0	
19	1	3	97	270	2	0	0.6	0	400	0	200	
19	1	3	285	271	1	600	0.05	0.0981543	0	0	0	
19	1	3	122	272	1	300	0.1	0.210003	0	0	0	
19	1	3	35	273	1	600	0.6	0.580292	0	0	0	
19	1	3	86	274	2	0	0.5	0	100	50	75	
19	1	3	84	275	2	0	0.5	0	50	25	37.5	
19	1	3	148	276	2	0	0.95	0	150	100	135	
19	1	3	233	277	1	400	0.1	0.0856332	0	0	0	
19	1	3	110	278	1	600	0.99	0.92806	0	0	0	
19	1	3	18	279	2	0	0.05	0	75	0	7.5	
19	1	3	62	280	1	300	0.05	0.121073	0	0	0	
19	1	3	75	281	2	0	0.4	0	200	150	165	
19	1	3	73	282	1	400	0.25	0.2411	0	0	0	
19	1	3	272	283	1	300	0.99	0.902947	0	0	0	
19	1	3	238	284	1	400	0.25	0.141012	0	0	0	
19	1	3	298	285	1	400	0.4	0.268942	0	0	0	
19	1	3	93	286	1	400	0.75	0.674494	0	0	0	
19	1	3	167	287	1	300	0.01	0.0227803	0	0	0	
19	1	3	311	288	1	200	0.75	0.585091	0	0	0	
19	1	3	16	289	2	0	0.05	0	25	0	2.5	
19	1	3	143	290	1	400	0.6	0.412516	0	0	0	
19	1	3	9	291	2	0	0.01	0	50	25	29.5	
19	1	3	95	292	1	600	0.75	0.635542	0	0	0	
19	1	3	51	293	2	0	0.25	0	200	0	52	
19	1	3	158	294	1	400	0.95	0.870744	0	0	0	
19	1	3	71	295	1	200	0.25	0.290229	0	0	0	
19	1	3	17	296	2	0	0.05	0	50	0	21	
19	1	3	63	297	2	0	0.4	0	75	0	37.5	
19	1	4	224	298	1	500	0.01	0.047672	0	0	0	
19	1	4	80	299	2	0	0.5	0	150	0	75	
19	1	4	75	300	1	600	0.25	0.249482	0	0	0	
19	1	4	108	301	1	400	0.99	0.942474	0	0	0	
19	1	4	39	302	2	0	0.1	0	50	25	32.5	
19	1	4	134	303	1	500	0.4	0.336983	0	0	0	
19	1	4	108	304	2	0	0.75	0	75	0	49.5	
19	1	4	98	305	1	400	0.9	0.567643	0	0	0	
19	1	4	36	306	2	0	0.1	0	200	0	20	
19	1	4	142	307	2	0	0.95	0	400	0	200	
19	1	4	31	308	1	200	0.6	0.5	0	0	0	
19	1	4	114	309	1	500	0.01	0.078163	0	0	0	
19	1	4	24	310	2	0	0.05	0	50	25	30.5	
19	1	4	280	311	1	600	0.01	0.0483708	0	0	0	
19	1	4	290	312	1	600	0.1	0.19298	0	0	0	
19	1	4	132	313	2	0	0.9	0	150	50	100	
19	1	4	106	314	1	200	0.99	0.981859	0	0	0	
19	1	4	113	315	1	400	0.01	0.0330545	0	0	0	
19	1	4	9	316	1	500	0.05	0.0826434	0	0	0	
19	1	4	110	317	2	0	0.75	0	150	0	111	
19	1	4	221	318	1	200	0.01	0.115748	0	0	0	
19	1	4	146	319	1	200	0.75	0.874168	0	0	0	
19	1	4	242	320	1	300	0.4	0.21129	0	0	0	
19	1	4	11	321	1	200	0.1	0.133409	0	0	0	
19	1	4	268	322	1	400	0.95	0.887852	0	0	0	
19	1	4	81	323	2	0	0.5	0	200	0	100	
19	1	4	49	324	1	500	0.95	0.919232	0	0	0	
19	1	4	245	325	1	600	0.4	0.189238	0	0	0	
19	1	4	91	326	2	0	0.6	0	25	0	12.5	
19	1	4	255	327	1	600	0.6	0.398412	0	0	0	
19	1	4	32	328	2	0	0.1	0	50	0	5	
19	1	4	41	329	1	200	0.9	0.421172	0	0	0	
19	1	4	324	330	1	500	0.95	0.891364	0	0	0	
19	1	4	193	331	1	400	0.5	0.395515	0	0	0	
19	1	4	200	332	1	600	0.6	0.501274	0	0	0	
19	1	4	24	333	1	500	0.4	0.325099	0	0	0	
19	1	4	198	334	1	400	0.6	0.461269	0	0	0	
19	1	4	329	335	1	500	0.99	0.940776	0	0	0	
19	1	4	171	336	1	200	0.05	0.0422761	0	0	0	
19	1	4	101	337	2	0	0.6	0	100	50	75	
19	1	4	35	338	2	0	0.1	0	150	0	15	
19	1	4	2	339	2	0	0.01	0	50	0	5	
19	1	4	266	340	1	200	0.95	0.885534	0	0	0	
19	1	4	130	341	2	0	0.9	0	75	50	67.5	
19	1	4	174	342	1	500	0.05	0.0450581	0	0	0	
19	1	4	152	343	2	0	0.99	0	50	0	47	
19	1	4	234	344	1	500	0.1	0.133086	0	0	0	
19	1	4	135	345	1	600	0.4	0.329358	0	0	0	
19	1	4	210	346	1	600	0.9	0.702725	0	0	0	
19	1	4	179	347	1	500	0.1	0.0639834	0	0	0	
19	1	4	113	348	2	0	0.75	0	800	0	496	
19	1	4	206	349	1	200	0.9	0.759966	0	0	0	
19	1	4	104	350	2	0	0.6	0	200	100	150	
19	1	4	91	351	1	200	0.75	0.649983	0	0	0	
19	1	4	137	352	2	0	0.95	0	50	0	45	
19	1	4	6	353	2	0	0.01	0	200	0	4	
19	1	4	30	354	2	0	0.05	0	200	150	159	
19	1	4	189	355	1	500	0.4	0.366404	0	0	0	
19	1	4	100	356	1	600	0.9	0.693689	0	0	0	
19	1	4	95	357	2	0	0.6	0	150	0	75	
19	1	4	176	358	1	200	0.1	0.223192	0	0	0	
19	1	4	29	359	1	500	0.5	0.343175	0	0	0	
19	1	4	265	360	1	600	0.9	0.870766	0	0	0	
19	1	4	230	361	1	600	0.05	0.0786186	0	0	0	
19	1	4	264	362	1	500	0.9	0.905172	0	0	0	
19	1	4	247	363	1	300	0.5	0.544573	0	0	0	
19	1	4	197	364	1	300	0.6	0.570093	0	0	0	
19	1	4	44	365	2	0	0.1	0	200	100	118	
19	1	4	118	366	2	0	0.75	0	150	100	129	
19	1	4	155	367	2	0	0.99	0	150	0	147	
19	1	4	276	368	1	200	0.01	0.032139	0	0	0	
19	1	4	162	369	1	300	0.99	0.941169	0	0	0	
19	1	4	13	370	1	400	0.1	0.21129	0	0	0	
19	1	4	267	371	1	300	0.95	0.811753	0	0	0	
19	1	4	279	372	1	500	0.01	0.0722807	0	0	0	
19	1	4	252	373	1	300	0.6	0.48314	0	0	0	
19	1	4	217	374	1	300	0.99	0.832022	0	0	0	
19	1	4	30	375	1	600	0.5	0.590792	0	0	0	
19	1	4	146	376	2	0	0.95	0	100	50	95	
19	1	4	141	377	1	200	0.6	0.580336	0	0	0	
19	1	4	243	378	1	400	0.4	0.322954	0	0	0	
19	1	4	20	379	1	600	0.25	0.209008	0	0	0	
19	1	4	328	380	1	400	0.99	0.927755	0	0	0	
19	1	4	214	381	1	500	0.95	0.724574	0	0	0	
19	1	4	84	382	1	500	0.5	0.499275	0	0	0	
19	1	4	160	383	2	0	0.99	0	75	50	73.5	
19	1	4	260	384	1	600	0.75	0.663296	0	0	0	
19	1	4	119	385	2	0	0.75	0	200	100	174	
19	1	4	294	386	1	500	0.25	0.0631917	0	0	0	
19	1	4	240	387	1	600	0.25	0.11742	0	0	0	
19	1	4	5	388	2	0	0.01	0	150	0	3	
19	1	4	175	389	1	600	0.05	0.0735102	0	0	0	
19	1	4	293	390	1	400	0.25	0.187504	0	0	0	
19	1	4	90	391	2	0	0.5	0	200	150	175	
19	1	4	114	392	2	0	0.75	0	50	25	39.5	
19	1	4	26	393	2	0	0.05	0	100	50	75	
19	1	4	232	394	1	300	0.1	0.126973	0	0	0	
19	1	4	132	395	1	300	0.4	0.302573	0	0	0	
19	1	4	131	396	2	0	0.9	0	100	50	91	
19	1	5	83	397	2	0	0.5	0	800	0	304	
19	1	5	222	398	1	300	0.01	0.0241912	0	0	0	
19	1	5	164	399	2	0	0.99	0	200	100	198	
19	1	5	1	400	2	0	0.01	0	25	0	2.5	
19	1	5	314	401	1	500	0.75	0.774459	0	0	0	
19	1	5	62	402	2	0	0.4	0	50	0	23	
19	1	5	223	403	1	400	0.01	0.0433288	0	0	0	
19	1	5	79	404	1	500	0.4	0.371251	0	0	0	
19	1	5	111	405	2	0	0.75	0	200	0	108	
19	1	5	289	406	1	500	0.1	0.211282	0	0	0	
19	1	5	21	407	1	200	0.4	0.411145	0	0	0	
19	1	5	89	408	2	0	0.5	0	200	100	150	
19	1	5	64	409	1	500	0.05	0.0737446	0	0	0	
19	1	5	76	410	1	200	0.4	0.449624	0	0	0	
19	1	5	145	411	1	600	0.6	0.523821	0	0	0	
19	1	5	66	412	2	0	0.4	0	200	0	76	
19	1	5	54	413	2	0	0.25	0	50	25	36.5	
19	1	5	326	414	1	200	0.99	0.920457	0	0	0	
19	1	5	94	415	1	500	0.75	0.676794	0	0	0	
19	1	5	88	416	2	0	0.5	0	150	100	125	
19	1	5	308	417	1	400	0.6	0.453352	0	0	0	
19	1	5	31	418	2	0	0.1	0	25	0	2.5	
19	1	5	47	419	2	0	0.25	0	50	0	7	
19	1	5	315	420	1	600	0.75	0.603362	0	0	0	
19	1	5	86	421	1	200	0.6	0.532618	0	0	0	
19	1	5	76	422	2	0	0.5	0	25	0	7.5	
19	1	5	73	423	2	0	0.4	0	150	100	119	
19	1	5	127	424	1	300	0.25	0.690487	0	0	0	
19	1	5	53	425	1	400	0.99	0.0912458	0	0	0	
19	1	5	23	426	1	400	0.4	0.37387	0	0	0	
19	1	5	235	427	1	600	0.1	0.237558	0	0	0	
19	1	5	139	428	1	500	0.5	0.322224	0	0	0	
19	1	5	10	429	1	600	0.05	0.069136	0	0	0	
19	1	5	273	430	1	400	0.99	0.861288	0	0	0	
19	1	5	219	431	1	500	0.99	0.95699	0	0	0	
19	1	5	261	432	1	200	0.9	0.731615	0	0	0	
19	1	5	130	433	1	600	0.25	0.243927	0	0	0	
19	1	5	318	434	1	400	0.9	0.798776	0	0	0	
19	1	5	34	435	2	0	0.1	0	100	0	10	
19	1	5	98	436	2	0	0.6	0	800	0	368	
19	1	5	117	437	2	0	0.75	0	150	50	80	
19	1	5	259	438	1	500	0.75	0.690708	0	0	0	
19	1	5	115	439	1	600	0.01	0.0307635	0	0	0	
19	1	5	322	440	1	300	0.95	0.923217	0	0	0	
19	1	5	312	441	1	300	0.75	0.802261	0	0	0	
19	1	5	173	442	1	400	0.05	0.0441205	0	0	0	
19	1	5	46	443	1	200	0.95	0.861492	0	0	0	
19	1	5	2	444	1	300	0.01	0.0166193	0	0	0	
19	1	5	124	445	2	0	0.9	0	100	0	78	
19	1	5	96	446	1	200	0.9	0.680925	0	0	0	
19	1	5	282	447	1	300	0.05	0.0911441	0	0	0	
19	1	5	42	448	1	300	0.9	0.914544	0	0	0	
19	1	5	156	449	2	0	0.99	0	200	0	188	
19	1	5	41	450	2	0	0.1	0	100	50	61	
19	1	5	12	451	2	0	0.01	0	150	50	52	
19	1	5	37	452	1	300	0.75	0.594251	0	0	0	
19	1	5	23	453	2	0	0.05	0	800	0	48	
19	1	5	63	454	1	400	0.05	0.25999	0	0	0	
19	1	5	112	455	1	300	0.01	0.138092	0	0	0	
19	1	5	46	456	2	0	0.25	0	25	0	12.5	
19	1	5	144	457	1	500	0.6	0.587125	0	0	0	
19	1	5	8	458	2	0	0.01	0	800	0	16	
19	1	5	143	459	2	0	0.95	0	800	0	784	
19	1	5	136	460	1	200	0.5	0.351901	0	0	0	
19	1	5	286	461	1	200	0.1	0.159866	0	0	0	
19	1	5	5	462	1	600	0.01	0.0292686	0	0	0	
19	1	5	123	463	2	0	0.9	0	75	0	70.5	
19	1	5	270	464	1	600	0.95	0.907016	0	0	0	
19	1	5	88	465	1	400	0.6	0.500358	0	0	0	
19	1	5	237	466	1	300	0.25	0.262715	0	0	0	
19	1	5	17	467	1	300	0.25	0.284015	0	0	0	
19	1	5	109	468	1	500	0.99	0.834986	0	0	0	
19	1	5	45	469	2	0	0.1	0	200	150	175	
19	1	5	180	470	1	600	0.1	0.10037	0	0	0	
19	1	5	209	471	1	500	0.9	0.896348	0	0	0	
19	1	5	7	472	2	0	0.01	0	400	0	8	
19	1	5	133	473	2	0	0.9	0	150	100	125	
19	1	5	4	474	1	500	0.01	0.0383088	0	0	0	
19	1	5	299	475	1	500	0.4	0.435657	0	0	0	
19	1	5	68	476	2	0	0.4	0	800	0	240	
19	1	5	121	477	1	200	0.1	0.146982	0	0	0	
19	1	5	55	478	1	600	0.99	0.991647	0	0	0	
19	1	5	131	479	1	200	0.4	0.5	0	0	0	
19	1	5	22	480	2	0	0.05	0	400	0	40	
19	1	5	291	481	1	200	0.25	0.222051	0	0	0	
19	1	5	99	482	2	0	0.6	0	50	25	32.5	
19	1	5	141	483	2	0	0.95	0	200	0	156	
19	1	5	27	484	1	300	0.5	0.402512	0	0	0	
19	1	5	163	485	1	400	0.99	0.963465	0	0	0	
19	1	5	118	486	1	400	0.05	0.0504451	0	0	0	
19	1	5	156	487	1	200	0.95	0.833283	0	0	0	
19	1	5	7	488	1	300	0.05	0.147473	0	0	0	
19	1	5	68	489	1	400	0.1	0.141427	0	0	0	
19	1	5	165	490	1	600	0.99	0.988573	0	0	0	
19	1	5	271	491	1	200	0.99	0.938887	0	0	0	
19	1	5	43	492	1	400	0.9	0.728249	0	0	0	
19	1	5	321	493	1	200	0.95	0.821545	0	0	0	
19	1	5	163	494	2	0	0.99	0	150	100	147	
19	1	5	194	495	1	500	0.5	0.388792	0	0	0	
19	2	1	45	1	1	600	0.9	0.54165	0	0	0	
19	2	1	4	2	2	0	0.01	0	100	0	2	
19	2	1	141	3	2	0	0.95	0	200	0	180	
19	2	1	150	4	2	0	0.95	0	200	150	191	
19	2	1	112	5	1	300	0.01	0.0436384	0	0	0	
19	2	1	294	6	1	500	0.25	0.15087	0	0	0	
19	2	1	263	7	1	400	0.9	0.856994	0	0	0	
19	2	1	255	8	1	600	0.6	0.487744	0	0	0	
19	2	1	163	9	1	400	0.99	0.923301	0	0	0	
19	2	1	181	10	1	200	0.25	0.198902	0	0	0	
19	2	1	110	11	2	0	0.75	0	150	0	75	
19	2	1	187	12	1	300	0.4	0.163152	0	0	0	
19	2	1	176	13	1	200	0.1	0.0756199	0	0	0	
19	2	1	195	14	1	600	0.5	0.363498	0	0	0	
19	2	1	213	15	1	400	0.95	0.871996	0	0	0	
19	2	1	238	16	1	400	0.25	0.126624	0	0	0	
19	2	1	76	17	2	0	0.5	0	25	0	10.5	
19	2	1	49	18	2	0	0.25	0	100	0	10	
19	2	1	319	19	1	500	0.9	0.895265	0	0	0	
19	2	1	139	20	2	0	0.95	0	100	0	82	
19	2	1	9	21	1	500	0.05	0.107088	0	0	0	
19	2	1	242	22	1	300	0.4	0.397492	0	0	0	
19	2	1	287	23	1	300	0.1	0.257553	0	0	0	
19	2	1	98	24	2	0	0.6	0	800	0	240	
19	2	1	197	25	1	300	0.6	0.484277	0	0	0	
19	2	1	88	26	1	400	0.6	0.445604	0	0	0	
19	2	1	135	27	2	0	0.9	0	200	150	159	
19	2	1	291	28	1	200	0.25	0.429248	0	0	0	
19	2	1	122	29	2	0	0.9	0	50	0	33	
19	2	1	131	30	2	0	0.9	0	100	50	69	
19	2	1	281	31	1	200	0.05	0.0940499	0	0	0	
19	2	1	136	32	2	0	0.95	0	25	0	20.5	
19	2	1	279	33	1	500	0.01	0.0304185	0	0	0	
19	2	1	38	34	2	0	0.1	0	800	0	80	
19	2	1	243	35	1	400	0.4	0.39295	0	0	0	
19	2	1	14	36	2	0	0.01	0	200	100	102	
19	2	1	178	37	1	400	0.1	0.071719	0	0	0	
19	2	1	244	38	1	500	0.4	0.39965	0	0	0	
19	2	1	228	39	1	400	0.05	0.0724974	0	0	0	
19	2	1	324	40	1	500	0.95	0.920873	0	0	0	
19	2	1	184	41	1	500	0.25	0.114174	0	0	0	
19	2	1	42	42	1	300	0.9	0.706622	0	0	0	
19	2	1	130	43	2	0	0.9	0	75	50	62.5	
19	2	1	240	44	1	600	0.25	0.11646	0	0	0	
19	2	1	7	45	1	300	0.05	0.116969	0	0	0	
19	2	1	120	46	2	0	0.75	0	200	150	175	
19	2	1	164	47	1	500	0.99	0.965176	0	0	0	
19	2	1	7	48	2	0	0.01	0	400	0	8	
19	2	1	270	49	1	600	0.95	0.878387	0	0	0	
19	2	1	109	50	2	0	0.75	0	100	0	50	
19	2	1	74	51	2	0	0.4	0	200	100	150	
19	2	1	56	52	2	0	0.25	0	100	50	61	
19	2	1	315	53	1	600	0.75	0.572322	0	0	0	
19	2	1	221	54	1	200	0.01	0.0281054	0	0	0	
19	2	1	277	55	1	300	0.01	0.0327184	0	0	0	
19	2	1	144	56	1	500	0.6	0.549469	0	0	0	
19	2	1	26	57	1	200	0.5	0.458828	0	0	0	
19	2	1	154	58	1	500	0.9	0.88384	0	0	0	
19	2	1	179	59	1	500	0.1	0.0474287	0	0	0	
19	2	1	182	60	1	300	0.25	0.241746	0	0	0	
19	2	1	6	61	1	200	0.05	0.254847	0	0	0	
19	2	1	20	62	2	0	0.05	0	150	0	15	
19	2	1	27	63	1	300	0.5	0.352052	0	0	0	
19	2	1	116	64	1	200	0.05	0.0916792	0	0	0	
19	2	1	17	65	1	300	0.25	0.224988	0	0	0	
19	2	1	160	66	2	0	0.99	0	75	50	57.5	
19	2	1	161	67	1	200	0.99	0.94932	0	0	0	
19	2	1	13	68	2	0	0.01	0	150	100	103	
19	2	1	267	69	1	300	0.95	0.912863	0	0	0	
19	2	1	156	70	2	0	0.99	0	200	0	180	
19	2	1	314	71	1	500	0.75	0.7612	0	0	0	
19	2	1	162	72	2	0	0.99	0	150	50	140	
19	2	1	105	73	2	0	0.6	0	200	150	165	
19	2	1	24	74	2	0	0.05	0	50	25	31.5	
19	2	1	14	75	1	500	0.1	0.116337	0	0	0	
19	2	1	30	76	2	0	0.05	0	200	150	155	
19	2	1	72	77	2	0	0.4	0	150	50	92	
19	2	1	119	78	2	0	0.75	0	200	100	150	
19	2	1	151	79	1	200	0.9	0.890784	0	0	0	
19	2	1	77	80	2	0	0.5	0	50	0	25	
19	2	1	236	81	1	200	0.25	0.199181	0	0	0	
19	2	1	122	82	1	300	0.1	0.0973449	0	0	0	
19	2	1	79	83	1	500	0.4	0.442653	0	0	0	
19	2	1	137	84	2	0	0.95	0	50	0	39	
19	2	1	130	85	1	600	0.25	0.123214	0	0	0	
19	2	1	276	86	1	200	0.01	0.0732316	0	0	0	
19	2	1	307	87	1	300	0.6	0.558691	0	0	0	
19	2	1	15	88	1	600	0.1	0.201419	0	0	0	
19	2	1	302	89	1	300	0.5	0.462746	0	0	0	
19	2	1	114	90	2	0	0.75	0	50	25	31.5	
19	2	1	193	91	1	400	0.5	0.340088	0	0	0	
19	2	1	204	92	1	500	0.75	0.816228	0	0	0	
19	2	1	246	93	1	200	0.5	0.526842	0	0	0	
19	2	1	64	94	1	500	0.05	0.110397	0	0	0	
19	2	1	136	95	1	200	0.5	0.461517	0	0	0	
19	2	1	188	96	1	400	0.4	0.383799	0	0	0	
19	2	1	131	97	1	200	0.4	0.373613	0	0	0	
19	2	1	48	98	1	400	0.95	0.938334	0	0	0	
19	2	1	41	99	1	200	0.9	0.850629	0	0	0	
19	2	2	192	100	1	300	0.5	0.361897	0	0	0	
19	2	2	80	101	1	600	0.4	0.111003	0	0	0	
19	2	2	143	102	1	400	0.6	0.554047	0	0	0	
19	2	2	146	103	2	0	0.95	0	100	50	89	
19	2	2	12	104	2	0	0.01	0	150	50	52	
19	2	2	269	105	1	500	0.95	0.917635	0	0	0	
19	2	2	132	106	2	0	0.9	0	150	50	108	
19	2	2	262	107	1	300	0.9	0.87484	0	0	0	
19	2	2	69	108	1	500	0.1	0.126253	0	0	0	
19	2	2	70	109	1	600	0.1	0.0971768	0	0	0	
19	2	2	49	110	1	500	0.95	0.927255	0	0	0	
19	2	2	105	111	1	600	0.95	0.932545	0	0	0	
19	2	2	85	112	2	0	0.5	0	75	50	62.5	
19	2	2	40	113	1	600	0.75	0.599987	0	0	0	
19	2	2	21	114	2	0	0.05	0	200	0	12	
19	2	2	264	115	1	500	0.9	0.923624	0	0	0	
19	2	2	129	116	1	500	0.25	0.255169	0	0	0	
19	2	2	108	117	1	400	0.99	0.951762	0	0	0	
19	2	2	292	118	1	300	0.25	0.138362	0	0	0	
19	2	2	190	119	1	600	0.4	0.390451	0	0	0	
19	2	2	274	120	1	500	0.99	0.950793	0	0	0	
19	2	2	308	121	1	400	0.6	0.365236	0	0	0	
19	2	2	38	122	1	400	0.75	0.702287	0	0	0	
19	2	2	21	123	1	200	0.4	0.499637	0	0	0	
19	2	2	36	124	1	200	0.75	0.588267	0	0	0	
19	2	2	301	125	1	200	0.5	0.400614	0	0	0	
19	2	2	214	126	1	500	0.95	0.885508	0	0	0	
19	2	2	200	127	1	600	0.6	0.595741	0	0	0	
19	2	2	231	128	1	200	0.1	0.0984462	0	0	0	
19	2	2	92	129	2	0	0.6	0	50	0	21	
19	2	2	53	130	1	400	0.99	0.949528	0	0	0	
19	2	2	63	131	2	0	0.4	0	75	0	19.5	
19	2	2	41	132	2	0	0.1	0	100	50	59	
19	2	2	78	133	1	400	0.4	0.387762	0	0	0	
19	2	2	265	134	1	600	0.9	0.911563	0	0	0	
19	2	2	82	135	1	300	0.5	0.431902	0	0	0	
19	2	2	227	136	1	300	0.05	0.0900207	0	0	0	
19	2	2	132	137	1	300	0.4	0.138712	0	0	0	
19	2	2	154	138	2	0	0.99	0	100	0	78	
19	2	2	35	139	1	600	0.6	0.45517	0	0	0	
19	2	2	104	140	2	0	0.6	0	200	100	150	
19	2	2	34	141	2	0	0.1	0	100	0	10	
19	2	2	140	142	2	0	0.95	0	150	0	135	
19	2	2	24	143	1	500	0.4	0.334104	0	0	0	
19	2	2	60	144	1	600	0.01	0.0691979	0	0	0	
19	2	2	229	145	1	500	0.05	0.153325	0	0	0	
19	2	2	56	146	1	200	0.01	0.0794545	0	0	0	
19	2	2	142	147	1	300	0.6	0.606489	0	0	0	
19	2	2	311	148	1	200	0.75	0.673893	0	0	0	
19	2	2	305	149	1	600	0.5	0.259544	0	0	0	
19	2	2	54	150	1	500	0.99	0.887896	0	0	0	
19	2	2	55	151	2	0	0.25	0	75	50	62.5	
19	2	2	150	152	1	600	0.75	0.754247	0	0	0	
19	2	2	88	153	2	0	0.5	0	150	100	125	
19	2	2	155	154	1	600	0.9	0.950895	0	0	0	
19	2	2	207	155	1	300	0.9	0.896715	0	0	0	
19	2	2	123	156	1	400	0.1	0.0547883	0	0	0	
19	2	2	46	157	2	0	0.25	0	25	0	7.5	
19	2	2	113	158	2	0	0.75	0	800	0	400	
19	2	2	2	159	1	300	0.01	0.0484195	0	0	0	
19	2	2	50	160	2	0	0.25	0	150	0	21	
19	2	2	11	161	1	200	0.1	0.143334	0	0	0	
19	2	2	124	162	2	0	0.9	0	100	0	90	
19	2	2	39	163	1	500	0.75	0.637497	0	0	0	
19	2	2	27	164	2	0	0.05	0	150	50	60	
19	2	2	203	165	1	400	0.75	0.762703	0	0	0	
19	2	2	120	166	1	600	0.05	0.0733023	0	0	0	
19	2	2	11	167	2	0	0.01	0	100	50	53	
19	2	2	94	168	2	0	0.6	0	100	0	46	
19	2	2	288	169	1	400	0.1	0.0964692	0	0	0	
19	2	2	133	170	2	0	0.9	0	150	100	125	
19	2	2	170	171	1	600	0.01	0.0400426	0	0	0	
19	2	2	239	172	1	500	0.25	0.185067	0	0	0	
19	2	2	79	173	2	0	0.5	0	100	0	30	
19	2	2	141	174	1	200	0.6	0.527603	0	0	0	
19	2	2	10	175	1	600	0.05	0.0805071	0	0	0	
19	2	2	191	176	1	200	0.5	0.471451	0	0	0	
19	2	2	138	177	1	400	0.5	0.478394	0	0	0	
19	2	2	42	178	2	0	0.1	0	150	50	60	
19	2	2	47	179	2	0	0.25	0	50	0	13	
19	2	2	29	180	2	0	0.05	0	200	100	122	
19	2	2	159	181	1	500	0.95	0.912783	0	0	0	
19	2	2	297	182	1	300	0.4	0.173674	0	0	0	
19	2	2	118	183	1	400	0.05	0.0876279	0	0	0	
19	2	2	37	184	2	0	0.1	0	400	0	88	
19	2	2	144	185	2	0	0.95	0	50	25	37.5	
19	2	2	140	186	1	600	0.5	0.381884	0	0	0	
19	2	2	60	187	2	0	0.25	0	200	150	165	
19	2	2	247	188	1	300	0.5	0.438576	0	0	0	
19	2	2	6	189	2	0	0.01	0	200	0	4	
19	2	2	71	190	2	0	0.4	0	100	50	75	
19	2	2	32	191	1	300	0.6	0.5	0	0	0	
19	2	2	330	192	1	600	0.99	0.960307	0	0	0	
19	2	2	226	193	1	200	0.05	0.134329	0	0	0	
19	2	2	210	194	1	600	0.9	0.905114	0	0	0	
19	2	2	45	195	2	0	0.1	0	200	150	153	
19	2	2	46	196	1	200	0.95	0.922067	0	0	0	
19	2	2	156	197	1	200	0.95	0.881855	0	0	0	
19	2	2	2	198	2	0	0.01	0	50	0	21	
19	2	3	92	199	1	300	0.75	0.76445	0	0	0	
19	2	3	107	200	1	300	0.99	0.914296	0	0	0	
19	2	3	73	201	2	0	0.4	0	150	100	125	
19	2	3	118	202	2	0	0.75	0	150	100	125	
19	2	3	5	203	2	0	0.01	0	150	0	3	
19	2	3	102	204	2	0	0.6	0	150	50	84	
19	2	3	36	205	2	0	0.1	0	200	0	12	
19	2	3	317	206	1	300	0.9	0.913615	0	0	0	
19	2	3	80	207	2	0	0.5	0	150	0	69	
19	2	3	95	208	2	0	0.6	0	150	0	75	
19	2	3	84	209	1	500	0.5	0.398912	0	0	0	
19	2	3	220	210	1	600	0.99	0.924685	0	0	0	
19	2	3	257	211	1	300	0.75	0.691177	0	0	0	
19	2	3	115	212	2	0	0.75	0	75	50	62.5	
19	2	3	259	213	1	500	0.75	0.66721	0	0	0	
19	2	3	57	214	1	300	0.01	0.0689945	0	0	0	
19	2	3	74	215	1	500	0.25	0.19137	0	0	0	
19	2	3	34	216	1	500	0.6	0.451791	0	0	0	
19	2	3	8	217	2	0	0.01	0	800	0	16	
19	2	3	66	218	2	0	0.4	0	200	0	52	
19	2	3	323	219	1	400	0.95	0.883579	0	0	0	
19	2	3	233	220	1	400	0.1	0.0944214	0	0	0	
19	2	3	155	221	2	0	0.99	0	150	0	69	
19	2	3	254	222	1	500	0.6	0.575202	0	0	0	
19	2	3	29	223	1	500	0.5	0.415714	0	0	0	
19	2	3	169	224	1	500	0.01	0.0868406	0	0	0	
19	2	3	10	225	2	0	0.01	0	75	50	56.5	
19	2	3	283	226	1	400	0.05	0.0964869	0	0	0	
19	2	3	126	227	2	0	0.9	0	200	0	140	
19	2	3	202	228	1	300	0.75	0.661097	0	0	0	
19	2	3	86	229	2	0	0.5	0	100	50	75	
19	2	3	253	230	1	400	0.6	0.596683	0	0	0	
19	2	3	94	231	1	500	0.75	0.805308	0	0	0	
19	2	3	139	232	1	500	0.5	0.417306	0	0	0	
19	2	3	58	233	1	400	0.01	0.105094	0	0	0	
19	2	3	52	234	2	0	0.25	0	400	0	104	
19	2	3	148	235	1	400	0.75	0.439973	0	0	0	
19	2	3	99	236	2	0	0.6	0	50	25	37.5	
19	2	3	25	237	2	0	0.05	0	75	50	57.5	
19	2	3	116	238	2	0	0.75	0	100	50	63	
19	2	3	62	239	1	300	0.05	0.0894457	0	0	0	
19	2	3	147	240	1	300	0.75	0.92595	0	0	0	
19	2	3	194	241	1	500	0.5	0.153373	0	0	0	
19	2	3	100	242	2	0	0.6	0	75	50	61.5	
19	2	3	121	243	1	200	0.1	0.292056	0	0	0	
19	2	3	278	244	1	400	0.01	0.127743	0	0	0	
19	2	3	112	245	2	0	0.75	0	400	0	232	
19	2	3	89	246	2	0	0.5	0	200	100	150	
19	2	3	83	247	1	400	0.5	0.453728	0	0	0	
19	2	3	245	248	1	600	0.4	0.13083	0	0	0	
19	2	3	5	249	1	600	0.01	0.171246	0	0	0	
19	2	3	37	250	1	300	0.75	0.581814	0	0	0	
19	2	3	1	251	1	200	0.01	0.0331562	0	0	0	
19	2	3	78	252	2	0	0.5	0	75	0	37.5	
19	2	3	30	253	1	600	0.5	0.503264	0	0	0	
19	2	3	67	254	1	300	0.1	0.0906664	0	0	0	
19	2	3	22	255	2	0	0.05	0	400	0	24	
19	2	3	134	256	2	0	0.9	0	200	100	178	
19	2	3	70	257	2	0	0.4	0	75	50	62.5	
19	2	3	318	258	1	400	0.9	0.891311	0	0	0	
19	2	3	99	259	1	500	0.9	0.922845	0	0	0	
19	2	3	1	260	2	0	0.01	0	25	0	10.5	
19	2	3	96	261	2	0	0.6	0	200	0	52	
19	2	3	175	262	1	600	0.05	0.0857703	0	0	0	
19	2	3	282	263	1	300	0.05	0.140087	0	0	0	
19	2	3	284	264	1	500	0.05	0.105903	0	0	0	
19	2	3	153	265	2	0	0.99	0	75	0	19.5	
19	2	3	57	266	2	0	0.25	0	150	50	80	
19	2	3	121	267	2	0	0.9	0	25	0	7.5	
19	2	3	76	268	1	200	0.4	0.5	0	0	0	
19	2	3	256	269	1	200	0.75	0.635693	0	0	0	
19	2	3	86	270	1	200	0.6	0.585255	0	0	0	
19	2	3	199	271	1	500	0.6	0.531106	0	0	0	
19	2	3	18	272	1	400	0.25	0.210769	0	0	0	
19	2	3	110	273	1	600	0.99	0.923726	0	0	0	
19	2	3	133	274	1	400	0.4	0.121564	0	0	0	
19	2	3	325	275	1	600	0.95	0.910882	0	0	0	
19	2	3	142	276	2	0	0.95	0	400	0	104	
19	2	3	3	277	1	400	0.01	0.0650582	0	0	0	
19	2	3	115	278	1	600	0.01	0.057672	0	0	0	
19	2	3	65	279	1	600	0.05	0.101812	0	0	0	
19	2	3	266	280	1	200	0.95	0.68054	0	0	0	
19	2	3	322	281	1	300	0.95	0.636595	0	0	0	
19	2	3	71	282	1	200	0.25	0.275705	0	0	0	
19	2	3	148	283	2	0	0.95	0	150	100	129	
19	2	3	68	284	1	400	0.1	0.267244	0	0	0	
19	2	3	158	285	1	400	0.95	0.90059	0	0	0	
19	2	3	63	286	1	400	0.05	0.0976722	0	0	0	
19	2	3	172	287	1	300	0.05	0.134559	0	0	0	
19	2	3	111	288	1	200	0.01	0.0781453	0	0	0	
19	2	3	280	289	1	600	0.01	0.0356994	0	0	0	
19	2	3	25	290	1	600	0.4	0.178986	0	0	0	
19	2	3	101	291	1	200	0.95	0.71127	0	0	0	
19	2	3	4	292	1	500	0.01	0.0729176	0	0	0	
19	2	3	16	293	1	200	0.25	0.37226	0	0	0	
19	2	3	309	294	1	500	0.6	0.5	0	0	0	
19	2	3	97	295	1	300	0.9	0.617134	0	0	0	
19	2	3	28	296	2	0	0.05	0	150	100	111	
19	2	3	81	297	1	200	0.5	0.42762	0	0	0	
19	2	4	81	298	2	0	0.5	0	200	0	100	
19	2	4	117	299	2	0	0.75	0	150	50	120	
19	2	4	59	300	2	0	0.25	0	200	100	126	
19	2	4	65	301	2	0	0.4	0	150	0	45	
19	2	4	216	302	1	200	0.99	0.959365	0	0	0	
19	2	4	167	303	1	300	0.01	0.0616128	0	0	0	
19	2	4	72	304	1	300	0.25	0.130065	0	0	0	
19	2	4	208	305	1	400	0.9	0.896583	0	0	0	
19	2	4	106	306	2	0	0.75	0	25	0	12.5	
19	2	4	53	307	2	0	0.25	0	800	0	112	
19	2	4	117	308	1	300	0.05	0.124041	0	0	0	
19	2	4	51	309	2	0	0.25	0	200	0	52	
19	2	4	48	310	2	0	0.25	0	75	0	16.5	
19	2	4	43	311	1	400	0.9	0.905291	0	0	0	
19	2	4	185	312	1	600	0.25	0.131834	0	0	0	
19	2	4	320	313	1	600	0.9	0.921253	0	0	0	
19	2	4	111	314	2	0	0.75	0	200	0	100	
19	2	4	174	315	1	500	0.05	0.0487291	0	0	0	
19	2	4	166	316	1	200	0.01	0.10934	0	0	0	
19	2	4	123	317	2	0	0.9	0	75	0	52.5	
19	2	4	145	318	1	600	0.6	0.609001	0	0	0	
19	2	4	69	319	2	0	0.4	0	50	25	31.5	
19	2	4	103	320	2	0	0.6	0	150	100	125	
19	2	4	293	321	1	400	0.25	0.0804541	0	0	0	
19	2	4	66	322	1	200	0.1	0.155151	0	0	0	
19	2	4	90	323	2	0	0.5	0	200	150	165	
19	2	4	87	324	1	300	0.6	0.637568	0	0	0	
19	2	4	248	325	1	400	0.5	0.571296	0	0	0	
19	2	4	52	326	1	300	0.99	0.93124	0	0	0	
19	2	4	101	327	2	0	0.6	0	100	50	75	
19	2	4	128	328	1	400	0.25	0.0769866	0	0	0	
19	2	4	152	329	1	300	0.9	0.876958	0	0	0	
19	2	4	268	330	1	400	0.95	0.898431	0	0	0	
19	2	4	249	331	1	500	0.5	0.359774	0	0	0	
19	2	4	127	332	1	300	0.25	0.222542	0	0	0	
19	2	4	271	333	1	200	0.99	0.95668	0	0	0	
19	2	4	114	334	1	500	0.01	0.0342885	0	0	0	
19	2	4	232	335	1	300	0.1	0.341574	0	0	0	
19	2	4	61	336	2	0	0.4	0	25	0	12.5	
19	2	4	224	337	1	500	0.01	0.0568759	0	0	0	
19	2	4	58	338	2	0	0.25	0	150	100	111	
19	2	4	145	339	2	0	0.95	0	75	50	72.5	
19	2	4	33	340	1	400	0.6	0.5	0	0	0	
19	2	4	290	341	1	600	0.1	0.125863	0	0	0	
19	2	4	146	342	1	200	0.75	0.685525	0	0	0	
19	2	4	260	343	1	600	0.75	0.782721	0	0	0	
19	2	4	321	344	1	200	0.95	0.891041	0	0	0	
19	2	4	205	345	1	600	0.75	0.716746	0	0	0	
19	2	4	82	346	2	0	0.5	0	400	0	88	
19	2	4	64	347	2	0	0.4	0	100	0	22	
19	2	4	13	348	1	400	0.1	0.123095	0	0	0	
19	2	4	234	349	1	500	0.1	0.0711794	0	0	0	
19	2	4	93	350	2	0	0.6	0	75	0	28.5	
19	2	4	8	351	1	400	0.05	0.120503	0	0	0	
19	2	4	138	352	2	0	0.95	0	75	0	34.5	
19	2	4	93	353	1	400	0.75	0.696241	0	0	0	
19	2	4	91	354	2	0	0.6	0	25	0	7.5	
19	2	4	77	355	1	300	0.4	0.388328	0	0	0	
19	2	4	164	356	2	0	0.99	0	200	100	190	
19	2	4	235	357	1	600	0.1	0.0471988	0	0	0	
19	2	4	12	358	1	300	0.1	0.133953	0	0	0	
19	2	4	127	359	2	0	0.9	0	400	0	184	
19	2	4	209	360	1	500	0.9	0.905866	0	0	0	
19	2	4	100	361	1	600	0.9	0.930975	0	0	0	
19	2	4	75	362	1	600	0.25	0.102237	0	0	0	
19	2	4	128	363	2	0	0.9	0	800	0	592	
19	2	4	149	364	2	0	0.95	0	200	100	186	
19	2	4	124	365	1	500	0.1	0.0844479	0	0	0	
19	2	4	286	366	1	200	0.1	0.166005	0	0	0	
19	2	4	222	367	1	300	0.01	0.0837668	0	0	0	
19	2	4	102	368	1	300	0.95	0.90737	0	0	0	
19	2	4	35	369	2	0	0.1	0	150	0	9	
19	2	4	273	370	1	400	0.99	0.935446	0	0	0	
19	2	4	313	371	1	400	0.75	0.62537	0	0	0	
19	2	4	31	372	1	200	0.6	0.58801	0	0	0	
19	2	4	67	373	2	0	0.4	0	400	0	88	
19	2	4	304	374	1	500	0.5	0.392087	0	0	0	
19	2	4	103	375	1	400	0.95	0.785525	0	0	0	
19	2	4	162	376	1	300	0.99	0.950404	0	0	0	
19	2	4	107	377	2	0	0.75	0	50	0	15	
19	2	4	135	378	1	600	0.4	0.347518	0	0	0	
19	2	4	206	379	1	200	0.9	0.804101	0	0	0	
19	2	4	51	380	1	200	0.99	0.964283	0	0	0	
19	2	4	23	381	1	400	0.4	0.164802	0	0	0	
19	2	4	39	382	2	0	0.1	0	50	25	30.5	
19	2	4	159	383	2	0	0.99	0	50	25	33.5	
19	2	4	289	384	1	500	0.1	0.102192	0	0	0	
19	2	4	299	385	1	500	0.4	0.259849	0	0	0	
19	2	4	59	386	1	500	0.01	0.0615641	0	0	0	
19	2	4	316	387	1	200	0.9	0.595294	0	0	0	
19	2	4	153	388	1	400	0.9	0.671248	0	0	0	
19	2	4	328	389	1	400	0.99	0.712283	0	0	0	
19	2	4	3	390	2	0	0.01	0	75	0	4.5	
19	2	4	165	391	1	600	0.99	0.952708	0	0	0	
19	2	4	165	392	2	0	0.99	0	200	150	195	
19	2	4	223	393	1	400	0.01	0.104629	0	0	0	
19	2	4	201	394	1	200	0.75	0.535489	0	0	0	
19	2	4	329	395	1	500	0.99	0.954623	0	0	0	
19	2	4	157	396	1	300	0.95	0.858758	0	0	0	
19	2	5	160	397	1	600	0.95	0.551818	0	0	0	
19	2	5	55	398	1	600	0.99	0.975676	0	0	0	
19	2	5	23	399	2	0	0.05	0	800	0	48	
19	2	5	9	400	2	0	0.01	0	50	25	25.5	
19	2	5	261	401	1	200	0.9	0.768285	0	0	0	
19	2	5	47	402	1	300	0.95	0.860337	0	0	0	
19	2	5	129	403	2	0	0.9	0	50	25	36.5	
19	2	5	272	404	1	300	0.99	0.937352	0	0	0	
19	2	5	104	405	1	500	0.95	0.588797	0	0	0	
19	2	5	186	406	1	200	0.4	0.443879	0	0	0	
19	2	5	173	407	1	400	0.05	0.0906133	0	0	0	
19	2	5	152	408	2	0	0.99	0	50	0	45	
19	2	5	211	409	1	200	0.95	0.74974	0	0	0	
19	2	5	137	410	1	300	0.5	0.437881	0	0	0	
19	2	5	16	411	2	0	0.05	0	25	0	11.5	
19	2	5	327	412	1	300	0.99	0.92641	0	0	0	
19	2	5	32	413	2	0	0.1	0	50	0	5	
19	2	5	98	414	1	400	0.9	0.781898	0	0	0	
19	2	5	87	415	2	0	0.5	0	150	50	76	
19	2	5	17	416	2	0	0.05	0	50	0	11	
19	2	5	250	417	1	600	0.5	0.45732	0	0	0	
19	2	5	28	418	1	400	0.5	0.436585	0	0	0	
19	2	5	95	419	1	600	0.75	0.635918	0	0	0	
19	2	5	109	420	1	500	0.99	0.959475	0	0	0	
19	2	5	198	421	1	400	0.6	0.466068	0	0	0	
19	2	5	295	422	1	600	0.25	0.12903	0	0	0	
19	2	5	126	423	1	200	0.25	0.465405	0	0	0	
19	2	5	40	424	2	0	0.1	0	75	50	61.5	
19	2	5	89	425	1	500	0.6	0.598519	0	0	0	
19	2	5	251	426	1	200	0.6	0.564795	0	0	0	
19	2	5	61	427	1	200	0.05	0.117553	0	0	0	
19	2	5	19	428	2	0	0.05	0	100	0	6	
19	2	5	18	429	2	0	0.05	0	75	0	7.5	
19	2	5	241	430	1	200	0.4	0.43843	0	0	0	
19	2	5	113	431	1	400	0.01	0.0529307	0	0	0	
19	2	5	285	432	1	600	0.05	0.131896	0	0	0	
19	2	5	85	433	1	600	0.5	0.5	0	0	0	
19	2	5	84	434	2	0	0.5	0	50	25	37.5	
19	2	5	217	435	1	300	0.99	0.929059	0	0	0	
19	2	5	73	436	1	400	0.25	0.171587	0	0	0	
19	2	5	50	437	1	600	0.95	0.864004	0	0	0	
19	2	5	275	438	1	600	0.99	0.927379	0	0	0	
19	2	5	237	439	1	300	0.25	0.374117	0	0	0	
19	2	5	310	440	1	600	0.6	0.607833	0	0	0	
19	2	5	296	441	1	200	0.4	0.5	0	0	0	
19	2	5	68	442	2	0	0.4	0	800	0	368	
19	2	5	43	443	2	0	0.1	0	150	100	123	
19	2	5	15	444	2	0	0.01	0	200	150	153	
19	2	5	163	445	2	0	0.99	0	150	100	145	
19	2	5	258	446	1	400	0.75	0.616652	0	0	0	
19	2	5	252	447	1	300	0.6	0.5	0	0	0	
19	2	5	31	448	2	0	0.1	0	25	0	1.5	
19	2	5	83	449	2	0	0.5	0	800	0	208	
19	2	5	300	450	1	600	0.4	0.402468	0	0	0	
19	2	5	149	451	1	500	0.75	0.599514	0	0	0	
19	2	5	177	452	1	300	0.1	0.181445	0	0	0	
19	2	5	161	453	2	0	0.99	0	100	50	75	
19	2	5	62	454	2	0	0.4	0	50	0	13	
19	2	5	218	455	1	400	0.99	0.92189	0	0	0	
19	2	5	125	456	1	600	0.1	0.106252	0	0	0	
19	2	5	326	457	1	200	0.99	0.945751	0	0	0	
19	2	5	312	458	1	300	0.75	0.59855	0	0	0	
19	2	5	147	459	2	0	0.95	0	150	50	128	
19	2	5	91	460	1	200	0.75	0.751301	0	0	0	
19	2	5	189	461	1	500	0.4	0.272246	0	0	0	
19	2	5	33	462	2	0	0.1	0	75	0	4.5	
19	2	5	168	463	1	400	0.01	0.0343593	0	0	0	
19	2	5	119	464	1	500	0.05	0.0681674	0	0	0	
19	2	5	180	465	1	600	0.1	0.103064	0	0	0	
19	2	5	19	466	1	500	0.25	0.163909	0	0	0	
19	2	5	22	467	1	300	0.4	0.375099	0	0	0	
19	2	5	298	468	1	400	0.4	0.401866	0	0	0	
19	2	5	97	469	2	0	0.6	0	400	0	184	
19	2	5	44	470	1	500	0.9	0.838794	0	0	0	
19	2	5	225	471	1	600	0.01	0.0348723	0	0	0	
19	2	5	306	472	1	200	0.6	0.5	0	0	0	
19	2	5	54	473	2	0	0.25	0	50	25	36.5	
19	2	5	215	474	1	600	0.95	0.947507	0	0	0	
19	2	5	303	475	1	400	0.5	0.444697	0	0	0	
19	2	5	171	476	1	200	0.05	0.104629	0	0	0	
19	2	5	90	477	1	600	0.6	0.564675	0	0	0	
19	2	5	143	478	2	0	0.95	0	800	0	624	
19	2	5	158	479	2	0	0.99	0	800	0	752	
19	2	5	106	480	1	200	0.99	0.940165	0	0	0	
19	2	5	26	481	2	0	0.05	0	100	50	55	
19	2	5	151	482	2	0	0.99	0	25	0	12.5	
19	2	5	157	483	2	0	0.99	0	400	0	152	
19	2	5	212	484	1	300	0.95	0.880682	0	0	0	
19	2	5	75	485	2	0	0.4	0	200	150	165	
19	2	5	44	486	2	0	0.1	0	200	100	110	
19	2	5	196	487	1	200	0.6	0.578877	0	0	0	
19	2	5	134	488	1	500	0.4	0.443892	0	0	0	
19	2	5	219	489	1	500	0.99	0.94155	0	0	0	
19	2	5	108	490	2	0	0.75	0	75	0	37.5	
19	2	5	20	491	1	600	0.25	0.173559	0	0	0	
19	2	5	96	492	1	200	0.9	0.747312	0	0	0	
19	2	5	125	493	2	0	0.9	0	150	0	69	
19	2	5	230	494	1	600	0.05	0.0432403	0	0	0	
19	2	5	183	495	1	400	0.25	0.394254	0	0	0	
