Subject#	Session#	Block#	Stim#	Trial#	Task	Numerosity	P_true	P_reported	x1	x2	CE	
17	1	1	199	1	1	500	0.6	0.589164	0	0	0	
17	1	1	81	2	2	0	0.5	0	200	0	100	
17	1	1	32	3	2	0	0.1	0	50	0	11	
17	1	1	57	4	1	300	0.01	0.0403787	0	0	0	
17	1	1	163	5	2	0	0.99	0	150	100	139	
17	1	1	53	6	1	400	0.99	0.981912	0	0	0	
17	1	1	66	7	1	200	0.1	0.303626	0	0	0	
17	1	1	114	8	1	500	0.01	0.0414402	0	0	0	
17	1	1	202	9	1	300	0.75	0.696374	0	0	0	
17	1	1	15	10	2	0	0.01	0	200	150	169	
17	1	1	163	11	1	400	0.99	0.984035	0	0	0	
17	1	1	275	12	1	600	0.99	0.982974	0	0	0	
17	1	1	285	13	1	600	0.05	0.0785921	0	0	0	
17	1	1	94	14	1	500	0.75	0.610394	0	0	0	
17	1	1	241	15	1	200	0.4	0.525476	0	0	0	
17	1	1	35	16	1	600	0.6	0.651792	0	0	0	
17	1	1	257	17	1	300	0.75	0.611456	0	0	0	
17	1	1	97	18	2	0	0.6	0	400	0	200	
17	1	1	215	19	1	600	0.95	0.932023	0	0	0	
17	1	1	88	20	2	0	0.5	0	150	100	125	
17	1	1	33	21	1	400	0.6	0.599779	0	0	0	
17	1	1	128	22	1	400	0.25	0.366253	0	0	0	
17	1	1	9	23	1	500	0.05	0.0764691	0	0	0	
17	1	1	85	24	2	0	0.5	0	75	50	62.5	
17	1	1	69	25	2	0	0.4	0	50	25	35.5	
17	1	1	118	26	2	0	0.75	0	150	100	135	
17	1	1	294	27	1	500	0.25	0.311056	0	0	0	
17	1	1	149	28	2	0	0.95	0	200	100	170	
17	1	1	164	29	2	0	0.99	0	200	100	174	
17	1	1	193	30	1	400	0.5	0.540336	0	0	0	
17	1	1	40	31	2	0	0.1	0	75	50	59.5	
17	1	1	11	32	1	200	0.1	0.0743461	0	0	0	
17	1	1	258	33	1	400	0.75	0.566873	0	0	0	
17	1	1	153	34	1	400	0.9	0.903363	0	0	0	
17	1	1	253	35	1	400	0.6	0.570058	0	0	0	
17	1	1	59	36	2	0	0.25	0	200	100	150	
17	1	1	123	37	1	400	0.1	0.0934528	0	0	0	
17	1	1	131	38	1	200	0.4	0.532906	0	0	0	
17	1	1	255	39	1	600	0.6	0.597656	0	0	0	
17	1	1	28	40	1	400	0.5	0.561566	0	0	0	
17	1	1	97	41	1	300	0.9	0.887441	0	0	0	
17	1	1	82	42	1	300	0.5	0.550951	0	0	0	
17	1	1	49	43	2	0	0.25	0	100	0	46	
17	1	1	326	44	1	200	0.99	0.985097	0	0	0	
17	1	1	125	45	1	600	0.1	0.054178	0	0	0	
17	1	1	175	46	1	600	0.05	0.101945	0	0	0	
17	1	1	28	47	2	0	0.05	0	150	100	115	
17	1	1	14	48	1	500	0.1	0.118928	0	0	0	
17	1	1	87	49	1	300	0.6	0.726095	0	0	0	
17	1	1	135	50	2	0	0.9	0	200	150	175	
17	1	1	209	51	1	500	0.9	0.890625	0	0	0	
17	1	1	86	52	1	200	0.6	0.837551	0	0	0	
17	1	1	116	53	2	0	0.75	0	100	50	75	
17	1	1	9	54	2	0	0.01	0	50	25	30.5	
17	1	1	177	55	1	300	0.1	0.0796535	0	0	0	
17	1	1	319	56	1	500	0.9	0.893809	0	0	0	
17	1	1	105	57	2	0	0.6	0	200	150	175	
17	1	1	40	58	1	600	0.75	0.63587	0	0	0	
17	1	1	8	59	1	400	0.05	0.0679772	0	0	0	
17	1	1	192	60	1	300	0.5	0.50743	0	0	0	
17	1	1	264	61	1	500	0.9	0.856658	0	0	0	
17	1	1	119	62	1	500	0.05	0.0509935	0	0	0	
17	1	1	132	63	2	0	0.9	0	150	50	108	
17	1	1	268	64	1	400	0.95	0.927777	0	0	0	
17	1	1	115	65	1	600	0.01	0.0265795	0	0	0	
17	1	1	18	66	1	400	0.25	0.355639	0	0	0	
17	1	1	36	67	1	200	0.75	0.70062	0	0	0	
17	1	1	323	68	1	400	0.95	0.954314	0	0	0	
17	1	1	113	69	2	0	0.75	0	800	0	368	
17	1	1	137	70	2	0	0.95	0	50	0	35	
17	1	1	166	71	1	200	0.01	0.0191491	0	0	0	
17	1	1	296	72	1	200	0.4	0.5	0	0	0	
17	1	1	51	73	2	0	0.25	0	200	0	52	
17	1	1	42	74	2	0	0.1	0	150	50	80	
17	1	1	321	75	1	200	0.95	0.933084	0	0	0	
17	1	1	19	76	2	0	0.05	0	100	0	26	
17	1	1	77	77	1	300	0.4	0.445864	0	0	0	
17	1	1	324	78	1	500	0.95	0.883195	0	0	0	
17	1	1	25	79	2	0	0.05	0	75	50	62.5	
17	1	1	161	80	1	200	0.99	0.964929	0	0	0	
17	1	1	320	81	1	600	0.9	0.90867	0	0	0	
17	1	1	273	82	1	400	0.99	0.978728	0	0	0	
17	1	1	84	83	1	500	0.5	0.5	0	0	0	
17	1	1	138	84	2	0	0.95	0	75	0	40.5	
17	1	1	306	85	1	200	0.6	0.514861	0	0	0	
17	1	1	70	86	1	600	0.1	0.112559	0	0	0	
17	1	1	93	87	1	400	0.75	0.701681	0	0	0	
17	1	1	286	88	1	200	0.1	0.0647928	0	0	0	
17	1	1	182	89	1	300	0.25	0.397036	0	0	0	
17	1	1	29	90	2	0	0.05	0	200	100	126	
17	1	1	11	91	2	0	0.01	0	100	50	65	
17	1	1	132	92	1	300	0.4	0.314241	0	0	0	
17	1	1	83	93	2	0	0.5	0	800	0	176	
17	1	1	330	94	1	600	0.99	0.949006	0	0	0	
17	1	1	269	95	1	500	0.95	0.896994	0	0	0	
17	1	1	152	96	2	0	0.99	0	50	0	29	
17	1	1	281	97	1	200	0.05	0.0573624	0	0	0	
17	1	1	147	98	2	0	0.95	0	150	50	104	
17	1	1	101	99	2	0	0.6	0	100	50	75	
17	1	2	119	100	2	0	0.75	0	200	100	150	
17	1	2	328	101	1	400	0.99	0.959621	0	0	0	
17	1	2	278	102	1	400	0.01	0.0393173	0	0	0	
17	1	2	67	103	2	0	0.4	0	400	0	104	
17	1	2	2	104	1	300	0.01	0.0382558	0	0	0	
17	1	2	90	105	1	600	0.6	0.604025	0	0	0	
17	1	2	297	106	1	300	0.4	0.612517	0	0	0	
17	1	2	265	107	1	600	0.9	0.796153	0	0	0	
17	1	2	49	108	1	500	0.95	0.900178	0	0	0	
17	1	2	21	109	2	0	0.05	0	200	0	60	
17	1	2	45	110	1	600	0.9	0.842858	0	0	0	
17	1	2	50	111	1	600	0.95	0.868334	0	0	0	
17	1	2	233	112	1	400	0.1	0.0732846	0	0	0	
17	1	2	20	113	2	0	0.05	0	150	0	39	
17	1	2	74	114	2	0	0.4	0	200	100	150	
17	1	2	312	115	1	300	0.75	0.70805	0	0	0	
17	1	2	24	116	1	500	0.4	0.5	0	0	0	
17	1	2	52	117	2	0	0.25	0	400	0	104	
17	1	2	107	118	1	300	0.99	0.991466	0	0	0	
17	1	2	203	119	1	400	0.75	0.791907	0	0	0	
17	1	2	42	120	1	300	0.9	0.871518	0	0	0	
17	1	2	309	121	1	500	0.6	0.617824	0	0	0	
17	1	2	146	122	2	0	0.95	0	100	50	75	
17	1	2	93	123	2	0	0.6	0	75	0	31.5	
17	1	2	151	124	2	0	0.99	0	25	0	14.5	
17	1	2	141	125	2	0	0.95	0	200	0	100	
17	1	2	165	126	1	600	0.99	0.953252	0	0	0	
17	1	2	12	127	2	0	0.01	0	150	50	84	
17	1	2	129	128	2	0	0.9	0	50	25	36.5	
17	1	2	69	129	1	500	0.1	0.108314	0	0	0	
17	1	2	195	130	1	600	0.5	0.5	0	0	0	
17	1	2	5	131	2	0	0.01	0	150	0	33	
17	1	2	291	132	1	200	0.25	0.162449	0	0	0	
17	1	2	120	133	1	600	0.05	0.0998217	0	0	0	
17	1	2	236	134	1	200	0.25	0.337593	0	0	0	
17	1	2	197	135	1	300	0.6	0.640115	0	0	0	
17	1	2	87	136	2	0	0.5	0	150	50	100	
17	1	2	80	137	2	0	0.5	0	150	0	39	
17	1	2	78	138	1	400	0.4	0.50743	0	0	0	
17	1	2	176	139	1	200	0.1	0.0966372	0	0	0	
17	1	2	167	140	1	300	0.01	0.0340099	0	0	0	
17	1	2	96	141	1	200	0.9	0.900178	0	0	0	
17	1	2	47	142	2	0	0.25	0	50	0	19	
17	1	2	238	143	1	400	0.25	0.325917	0	0	0	
17	1	2	13	144	1	400	0.1	0.112559	0	0	0	
17	1	2	305	145	1	600	0.5	0.5	0	0	0	
17	1	2	68	146	2	0	0.4	0	800	0	272	
17	1	2	248	147	1	400	0.5	0.5	0	0	0	
17	1	2	230	148	1	600	0.05	0.0923913	0	0	0	
17	1	2	43	149	1	400	0.9	0.916101	0	0	0	
17	1	2	39	150	2	0	0.1	0	50	25	31.5	
17	1	2	110	151	1	600	0.99	0.973421	0	0	0	
17	1	2	135	152	1	600	0.4	0.5	0	0	0	
17	1	2	3	153	2	0	0.01	0	75	0	10.5	
17	1	2	189	154	1	500	0.4	0.5	0	0	0	
17	1	2	302	155	1	300	0.5	0.53609	0	0	0	
17	1	2	27	156	1	300	0.5	0.5	0	0	0	
17	1	2	228	157	1	400	0.05	0.0637313	0	0	0	
17	1	2	77	158	2	0	0.5	0	50	0	25	
17	1	2	211	159	1	200	0.95	0.943699	0	0	0	
17	1	2	79	160	1	500	0.4	0.5	0	0	0	
17	1	2	17	161	2	0	0.05	0	50	0	11	
17	1	2	244	162	1	500	0.4	0.369438	0	0	0	
17	1	2	96	163	2	0	0.6	0	200	0	92	
17	1	2	27	164	2	0	0.05	0	150	50	80	
17	1	2	139	165	2	0	0.95	0	100	0	46	
17	1	2	130	166	1	600	0.25	0.399159	0	0	0	
17	1	2	161	167	2	0	0.99	0	100	50	79	
17	1	2	318	168	1	400	0.9	0.889564	0	0	0	
17	1	2	293	169	1	400	0.25	0.134851	0	0	0	
17	1	2	51	170	1	200	0.99	0.978728	0	0	0	
17	1	2	4	171	1	500	0.01	0.0403787	0	0	0	
17	1	2	131	172	2	0	0.9	0	100	50	75	
17	1	2	22	173	2	0	0.05	0	400	0	88	
17	1	2	61	174	2	0	0.4	0	25	0	14.5	
17	1	2	65	175	1	600	0.05	0.111498	0	0	0	
17	1	2	114	176	2	0	0.75	0	50	25	35.5	
17	1	2	210	177	1	600	0.9	0.875764	0	0	0	
17	1	2	280	178	1	600	0.01	0.027641	0	0	0	
17	1	2	150	179	2	0	0.95	0	200	150	179	
17	1	2	303	180	1	400	0.5	0.431004	0	0	0	
17	1	2	122	181	1	300	0.1	0.0754076	0	0	0	
17	1	2	325	182	1	600	0.95	0.893809	0	0	0	
17	1	2	72	183	1	300	0.25	0.311056	0	0	0	
17	1	2	308	184	1	400	0.6	0.5	0	0	0	
17	1	2	102	185	1	300	0.95	0.951129	0	0	0	
17	1	2	74	186	1	500	0.25	0.302565	0	0	0	
17	1	2	12	187	1	300	0.1	0.188986	0	0	0	
17	1	2	124	188	2	0	0.9	0	100	0	50	
17	1	2	158	189	1	400	0.95	0.954314	0	0	0	
17	1	2	311	190	1	200	0.75	0.753694	0	0	0	
17	1	2	10	191	2	0	0.01	0	75	50	59.5	
17	1	2	310	192	1	600	0.6	0.599779	0	0	0	
17	1	2	84	193	2	0	0.5	0	50	25	37.5	
17	1	2	149	194	1	500	0.75	0.763247	0	0	0	
17	1	2	201	195	1	200	0.75	0.66453	0	0	0	
17	1	2	21	196	1	200	0.4	0.5	0	0	0	
17	1	2	85	197	1	600	0.5	0.5	0	0	0	
17	1	2	73	198	1	400	0.25	0.388544	0	0	0	
17	1	3	91	199	1	200	0.75	0.798276	0	0	0	
17	1	3	157	200	2	0	0.99	0	400	0	200	
17	1	3	58	201	2	0	0.25	0	150	100	121	
17	1	3	61	202	1	200	0.05	0.0318869	0	0	0	
17	1	3	327	203	1	300	0.99	0.972359	0	0	0	
17	1	3	126	204	1	200	0.25	0.332286	0	0	0	
17	1	3	184	205	1	500	0.25	0.319548	0	0	0	
17	1	3	301	206	1	200	0.5	0.5	0	0	0	
17	1	3	67	207	1	300	0.1	0.188986	0	0	0	
17	1	3	62	208	1	300	0.05	0.0573624	0	0	0	
17	1	3	117	209	1	300	0.05	0.0393173	0	0	0	
17	1	3	218	210	1	400	0.99	0.955375	0	0	0	
17	1	3	179	211	1	500	0.1	0.0913298	0	0	0	
17	1	3	41	212	1	200	0.9	0.857719	0	0	0	
17	1	3	224	213	1	500	0.01	0.0287024	0	0	0	
17	1	3	102	214	2	0	0.6	0	150	50	100	
17	1	3	198	215	1	400	0.6	0.601902	0	0	0	
17	1	3	63	216	1	400	0.05	0.0552395	0	0	0	
17	1	3	134	217	1	500	0.4	0.480893	0	0	0	
17	1	3	165	218	2	0	0.99	0	200	150	179	
17	1	3	19	219	1	500	0.25	0.304688	0	0	0	
17	1	3	322	220	1	300	0.95	0.884256	0	0	0	
17	1	3	277	221	1	300	0.01	0.0244565	0	0	0	
17	1	3	108	222	1	400	0.99	0.969175	0	0	0	
17	1	3	79	223	2	0	0.5	0	100	0	50	
17	1	3	24	224	2	0	0.05	0	50	25	35.5	
17	1	3	6	225	2	0	0.01	0	200	0	20	
17	1	3	146	226	1	200	0.75	0.694251	0	0	0	
17	1	3	106	227	1	200	0.99	0.954314	0	0	0	
17	1	3	204	228	1	500	0.75	0.661345	0	0	0	
17	1	3	34	229	2	0	0.1	0	100	0	14	
17	1	3	142	230	1	300	0.6	0.546705	0	0	0	
17	1	3	190	231	1	600	0.4	0.5	0	0	0	
17	1	3	111	232	2	0	0.75	0	200	0	76	
17	1	3	129	233	1	500	0.25	0.218708	0	0	0	
17	1	3	156	234	1	200	0.95	0.943699	0	0	0	
17	1	3	143	235	1	400	0.6	0.601902	0	0	0	
17	1	3	56	236	1	200	0.01	0.0350713	0	0	0	
17	1	3	117	237	2	0	0.75	0	150	50	100	
17	1	3	72	238	2	0	0.4	0	150	50	80	
17	1	3	6	239	1	200	0.05	0.0552395	0	0	0	
17	1	3	1	240	1	200	0.01	0.0159647	0	0	0	
17	1	3	63	241	2	0	0.4	0	75	0	16.5	
17	1	3	55	242	1	600	0.99	0.964929	0	0	0	
17	1	3	15	243	1	600	0.1	0.121051	0	0	0	
17	1	3	121	244	1	200	0.1	0.0732846	0	0	0	
17	1	3	62	245	2	0	0.4	0	50	0	17	
17	1	3	136	246	1	200	0.5	0.621009	0	0	0	
17	1	3	283	247	1	400	0.05	0.110436	0	0	0	
17	1	3	217	248	1	300	0.99	0.974482	0	0	0	
17	1	3	222	249	1	300	0.01	0.0212721	0	0	0	
17	1	3	99	250	1	500	0.9	0.811014	0	0	0	
17	1	3	14	251	2	0	0.01	0	200	100	126	
17	1	3	71	252	2	0	0.4	0	100	50	75	
17	1	3	169	253	1	500	0.01	0.0414402	0	0	0	
17	1	3	187	254	1	300	0.4	0.5	0	0	0	
17	1	3	100	255	1	600	0.9	0.818444	0	0	0	
17	1	3	1	256	2	0	0.01	0	25	0	6.5	
17	1	3	239	257	1	500	0.25	0.408713	0	0	0	
17	1	3	139	258	1	500	0.5	0.66453	0	0	0	
17	1	3	251	259	1	200	0.6	0.651792	0	0	0	
17	1	3	17	260	1	300	0.25	0.388544	0	0	0	
17	1	3	288	261	1	400	0.1	0.279212	0	0	0	
17	1	3	113	262	1	400	0.01	0.0478091	0	0	0	
17	1	3	115	263	2	0	0.75	0	75	50	66.5	
17	1	3	145	264	1	600	0.6	0.616763	0	0	0	
17	1	3	33	265	2	0	0.1	0	75	0	10.5	
17	1	3	157	266	1	300	0.95	0.896994	0	0	0	
17	1	3	26	267	2	0	0.05	0	100	50	65	
17	1	3	7	268	2	0	0.01	0	400	0	40	
17	1	3	60	269	2	0	0.25	0	200	150	171	
17	1	3	171	270	1	200	0.05	0.0775306	0	0	0	
17	1	3	103	271	1	400	0.95	0.892748	0	0	0	
17	1	3	162	272	1	300	0.99	0.917162	0	0	0	
17	1	3	90	273	2	0	0.5	0	200	150	175	
17	1	3	95	274	1	600	0.75	0.788723	0	0	0	
17	1	3	287	275	1	300	0.1	0.080715	0	0	0	
17	1	3	158	276	2	0	0.99	0	800	0	400	
17	1	3	121	277	2	0	0.9	0	25	0	13.5	
17	1	3	145	278	2	0	0.95	0	75	50	64.5	
17	1	3	151	279	1	200	0.9	0.842858	0	0	0	
17	1	3	136	280	2	0	0.95	0	25	0	13.5	
17	1	3	112	281	2	0	0.75	0	400	0	184	
17	1	3	37	282	2	0	0.1	0	400	0	88	
17	1	3	59	283	1	500	0.01	0.0403787	0	0	0	
17	1	3	30	284	2	0	0.05	0	200	150	175	
17	1	3	46	285	2	0	0.25	0	25	0	11.5	
17	1	3	56	286	2	0	0.25	0	100	50	63	
17	1	3	272	287	1	300	0.99	0.969175	0	0	0	
17	1	3	214	288	1	500	0.95	0.892748	0	0	0	
17	1	3	147	289	1	300	0.75	0.57855	0	0	0	
17	1	3	237	290	1	300	0.25	0.3567	0	0	0	
17	1	3	274	291	1	500	0.99	0.950068	0	0	0	
17	1	3	112	292	1	300	0.01	0.0446247	0	0	0	
17	1	3	231	293	1	200	0.1	0.113621	0	0	0	
17	1	3	249	294	1	500	0.5	0.615701	0	0	0	
17	1	3	94	295	2	0	0.6	0	100	0	42	
17	1	3	23	296	1	400	0.4	0.556258	0	0	0	
17	1	3	148	297	2	0	0.95	0	150	100	125	
17	1	4	70	298	2	0	0.4	0	75	50	59.5	
17	1	4	80	299	1	600	0.4	0.544582	0	0	0	
17	1	4	92	300	2	0	0.6	0	50	0	19	
17	1	4	50	301	2	0	0.25	0	150	0	39	
17	1	4	156	302	2	0	0.99	0	200	0	92	
17	1	4	292	303	1	300	0.25	0.416143	0	0	0	
17	1	4	186	304	1	200	0.4	0.415082	0	0	0	
17	1	4	148	305	1	400	0.75	0.813137	0	0	0	
17	1	4	108	306	2	0	0.75	0	75	0	37.5	
17	1	4	35	307	2	0	0.1	0	150	0	39	
17	1	4	138	308	1	400	0.5	0.567935	0	0	0	
17	1	4	101	309	1	200	0.95	0.90867	0	0	0	
17	1	4	98	310	1	400	0.9	0.892748	0	0	0	
17	1	4	78	311	2	0	0.5	0	75	0	34.5	
17	1	4	75	312	1	600	0.25	0.302565	0	0	0	
17	1	4	31	313	1	200	0.6	0.601902	0	0	0	
17	1	4	64	314	2	0	0.4	0	100	0	38	
17	1	4	127	315	2	0	0.9	0	400	0	184	
17	1	4	134	316	2	0	0.9	0	200	100	150	
17	1	4	81	317	1	200	0.5	0.692128	0	0	0	
17	1	4	20	318	1	600	0.25	0.389606	0	0	0	
17	1	4	104	319	1	500	0.95	0.917162	0	0	0	
17	1	4	267	320	1	300	0.95	0.95856	0	0	0	
17	1	4	128	321	2	0	0.9	0	800	0	208	
17	1	4	88	322	1	400	0.6	0.5	0	0	0	
17	1	4	142	323	2	0	0.95	0	400	0	216	
17	1	4	284	324	1	500	0.05	0.0796535	0	0	0	
17	1	4	66	325	2	0	0.4	0	200	0	68	
17	1	4	45	326	2	0	0.1	0	200	150	171	
17	1	4	60	327	1	600	0.01	0.0287024	0	0	0	
17	1	4	144	328	1	500	0.6	0.596595	0	0	0	
17	1	4	100	329	2	0	0.6	0	75	50	63.5	
17	1	4	250	330	1	600	0.5	0.591287	0	0	0	
17	1	4	172	331	1	300	0.05	0.0403787	0	0	0	
17	1	4	219	332	1	500	0.99	0.967052	0	0	0	
17	1	4	164	333	1	500	0.99	0.970236	0	0	0	
17	1	4	76	334	1	200	0.4	0.558381	0	0	0	
17	1	4	127	335	1	300	0.25	0.382176	0	0	0	
17	1	4	125	336	2	0	0.9	0	150	0	75	
17	1	4	41	337	2	0	0.1	0	100	50	67	
17	1	4	315	338	1	600	0.75	0.605087	0	0	0	
17	1	4	141	339	1	200	0.6	0.604025	0	0	0	
17	1	4	22	340	1	300	0.4	0.422512	0	0	0	
17	1	4	34	341	1	500	0.6	0.636931	0	0	0	
17	1	4	317	342	1	300	0.9	0.804645	0	0	0	
17	1	4	133	343	1	400	0.4	0.432065	0	0	0	
17	1	4	109	344	1	500	0.99	0.95856	0	0	0	
17	1	4	181	345	1	200	0.25	0.354577	0	0	0	
17	1	4	8	346	2	0	0.01	0	800	0	80	
17	1	4	245	347	1	600	0.4	0.457541	0	0	0	
17	1	4	270	348	1	600	0.95	0.900178	0	0	0	
17	1	4	143	349	2	0	0.95	0	800	0	336	
17	1	4	247	350	1	300	0.5	0.5	0	0	0	
17	1	4	263	351	1	400	0.9	0.873641	0	0	0	
17	1	4	98	352	2	0	0.6	0	800	0	176	
17	1	4	31	353	2	0	0.1	0	25	0	7.5	
17	1	4	92	354	1	300	0.75	0.775985	0	0	0	
17	1	4	262	355	1	300	0.9	0.806768	0	0	0	
17	1	4	271	356	1	200	0.99	0.975543	0	0	0	
17	1	4	234	357	1	500	0.1	0.140158	0	0	0	
17	1	4	25	358	1	600	0.4	0.52123	0	0	0	
17	1	4	282	359	1	300	0.05	0.0860224	0	0	0	
17	1	4	122	360	2	0	0.9	0	50	0	23	
17	1	4	213	361	1	400	0.95	0.895932	0	0	0	
17	1	4	140	362	2	0	0.95	0	150	0	69	
17	1	4	178	363	1	400	0.1	0.104068	0	0	0	
17	1	4	73	364	2	0	0.4	0	150	100	125	
17	1	4	155	365	2	0	0.99	0	150	0	81	
17	1	4	95	366	2	0	0.6	0	150	0	57	
17	1	4	298	367	1	400	0.4	0.546705	0	0	0	
17	1	4	174	368	1	500	0.05	0.054178	0	0	0	
17	1	4	150	369	1	600	0.75	0.798276	0	0	0	
17	1	4	159	370	1	500	0.95	0.890625	0	0	0	
17	1	4	107	371	2	0	0.75	0	50	0	25	
17	1	4	43	372	2	0	0.1	0	150	100	119	
17	1	4	30	373	1	600	0.5	0.566873	0	0	0	
17	1	4	173	374	1	400	0.05	0.0817765	0	0	0	
17	1	4	68	375	1	400	0.1	0.0796535	0	0	0	
17	1	4	227	376	1	300	0.05	0.0425017	0	0	0	
17	1	4	242	377	1	300	0.4	0.5	0	0	0	
17	1	4	130	378	2	0	0.9	0	75	50	63.5	
17	1	4	118	379	1	400	0.05	0.0425017	0	0	0	
17	1	4	254	380	1	500	0.6	0.60721	0	0	0	
17	1	4	5	381	1	600	0.01	0.0350713	0	0	0	
17	1	4	232	382	1	300	0.1	0.181556	0	0	0	
17	1	4	191	383	1	200	0.5	0.657099	0	0	0	
17	1	4	89	384	2	0	0.5	0	200	100	150	
17	1	4	252	385	1	300	0.6	0.661345	0	0	0	
17	1	4	226	386	1	200	0.05	0.0902683	0	0	0	
17	1	4	65	387	2	0	0.4	0	150	0	51	
17	1	4	120	388	2	0	0.75	0	200	150	175	
17	1	4	18	389	2	0	0.05	0	75	0	16.5	
17	1	4	316	390	1	200	0.9	0.87258	0	0	0	
17	1	4	200	391	1	600	0.6	0.5	0	0	0	
17	1	4	229	392	1	500	0.05	0.0860224	0	0	0	
17	1	4	299	393	1	500	0.4	0.5	0	0	0	
17	1	4	71	394	1	200	0.25	0.353516	0	0	0	
17	1	4	194	395	1	500	0.5	0.50743	0	0	0	
17	1	4	207	396	1	300	0.9	0.895932	0	0	0	
17	1	5	153	397	2	0	0.99	0	75	0	40.5	
17	1	5	46	398	1	200	0.95	0.969175	0	0	0	
17	1	5	116	399	1	200	0.05	0.0817765	0	0	0	
17	1	5	103	400	2	0	0.6	0	150	100	129	
17	1	5	289	401	1	500	0.1	0.164572	0	0	0	
17	1	5	75	402	2	0	0.4	0	200	150	165	
17	1	5	260	403	1	600	0.75	0.769616	0	0	0	
17	1	5	123	404	2	0	0.9	0	75	0	34.5	
17	1	5	83	405	1	400	0.5	0.47134	0	0	0	
17	1	5	16	406	2	0	0.05	0	25	0	5.5	
17	1	5	144	407	2	0	0.95	0	50	25	33.5	
17	1	5	290	408	1	600	0.1	0.0616084	0	0	0	
17	1	5	99	409	2	0	0.6	0	50	25	35.5	
17	1	5	160	410	2	0	0.99	0	75	50	67.5	
17	1	5	170	411	1	600	0.01	0.023395	0	0	0	
17	1	5	48	412	1	400	0.95	0.898055	0	0	0	
17	1	5	126	413	2	0	0.9	0	200	0	84	
17	1	5	266	414	1	200	0.95	0.899117	0	0	0	
17	1	5	216	415	1	200	0.99	0.950068	0	0	0	
17	1	5	37	416	1	300	0.75	0.590226	0	0	0	
17	1	5	36	417	2	0	0.1	0	200	0	44	
17	1	5	196	418	1	200	0.6	0.514861	0	0	0	
17	1	5	54	419	1	500	0.99	0.970236	0	0	0	
17	1	5	223	420	1	400	0.01	0.0403787	0	0	0	
17	1	5	29	421	1	500	0.5	0.5	0	0	0	
17	1	5	48	422	2	0	0.25	0	75	0	19.5	
17	1	5	111	423	1	200	0.01	0.0361328	0	0	0	
17	1	5	300	424	1	600	0.4	0.558381	0	0	0	
17	1	5	246	425	1	200	0.5	0.565812	0	0	0	
17	1	5	180	426	1	600	0.1	0.212339	0	0	0	
17	1	5	53	427	2	0	0.25	0	800	0	112	
17	1	5	82	428	2	0	0.5	0	400	0	104	
17	1	5	38	429	1	400	0.75	0.755817	0	0	0	
17	1	5	188	430	1	400	0.4	0.540336	0	0	0	
17	1	5	205	431	1	600	0.75	0.82269	0	0	0	
17	1	5	32	432	1	300	0.6	0.658161	0	0	0	
17	1	5	235	433	1	600	0.1	0.109375	0	0	0	
17	1	5	261	434	1	200	0.9	0.809952	0	0	0	
17	1	5	13	435	2	0	0.01	0	150	100	119	
17	1	5	105	436	1	600	0.95	0.797215	0	0	0	
17	1	5	185	437	1	600	0.25	0.45011	0	0	0	
17	1	5	55	438	2	0	0.25	0	75	50	59.5	
17	1	5	86	439	2	0	0.5	0	100	50	75	
17	1	5	137	440	1	300	0.5	0.565812	0	0	0	
17	1	5	155	441	1	600	0.9	0.902301	0	0	0	
17	1	5	154	442	2	0	0.99	0	100	0	50	
17	1	5	212	443	1	300	0.95	0.904424	0	0	0	
17	1	5	109	444	2	0	0.75	0	100	0	50	
17	1	5	106	445	2	0	0.75	0	25	0	8.5	
17	1	5	256	446	1	200	0.75	0.652853	0	0	0	
17	1	5	54	447	2	0	0.25	0	50	25	30.5	
17	1	5	7	448	1	300	0.05	0.052055	0	0	0	
17	1	5	10	449	1	600	0.05	0.210216	0	0	0	
17	1	5	240	450	1	600	0.25	0.5	0	0	0	
17	1	5	225	451	1	600	0.01	0.0223336	0	0	0	
17	1	5	104	452	2	0	0.6	0	200	100	150	
17	1	5	313	453	1	400	0.75	0.70805	0	0	0	
17	1	5	206	454	1	200	0.9	0.811014	0	0	0	
17	1	5	295	455	1	600	0.25	0.439496	0	0	0	
17	1	5	2	456	2	0	0.01	0	50	0	9	
17	1	5	329	457	1	500	0.99	0.961744	0	0	0	
17	1	5	276	458	1	200	0.01	0.0435632	0	0	0	
17	1	5	89	459	1	500	0.6	0.552013	0	0	0	
17	1	5	58	460	1	400	0.01	0.0382558	0	0	0	
17	1	5	162	461	2	0	0.99	0	150	50	100	
17	1	5	314	462	1	500	0.75	0.70805	0	0	0	
17	1	5	38	463	2	0	0.1	0	800	0	112	
17	1	5	23	464	2	0	0.05	0	800	0	80	
17	1	5	47	465	1	300	0.95	0.918224	0	0	0	
17	1	5	64	466	1	500	0.05	0.0934528	0	0	0	
17	1	5	91	467	2	0	0.6	0	25	0	10.5	
17	1	5	159	468	2	0	0.99	0	50	25	35.5	
17	1	5	160	469	1	600	0.95	0.892748	0	0	0	
17	1	5	44	470	2	0	0.1	0	200	100	122	
17	1	5	243	471	1	400	0.4	0.5	0	0	0	
17	1	5	140	472	1	600	0.5	0.568996	0	0	0	
17	1	5	110	473	2	0	0.75	0	150	0	63	
17	1	5	4	474	2	0	0.01	0	100	0	10	
17	1	5	16	475	1	200	0.25	0.5	0	0	0	
17	1	5	39	476	1	500	0.75	0.747325	0	0	0	
17	1	5	307	477	1	300	0.6	0.592349	0	0	0	
17	1	5	152	478	1	300	0.9	0.84392	0	0	0	
17	1	5	52	479	1	300	0.99	0.971298	0	0	0	
17	1	5	154	480	1	500	0.9	0.858781	0	0	0	
17	1	5	168	481	1	400	0.01	0.0138417	0	0	0	
17	1	5	183	482	1	400	0.25	0.462848	0	0	0	
17	1	5	3	483	1	400	0.01	0.0191491	0	0	0	
17	1	5	279	484	1	500	0.01	0.0308254	0	0	0	
17	1	5	26	485	1	200	0.5	0.600841	0	0	0	
17	1	5	124	486	1	500	0.1	0.304688	0	0	0	
17	1	5	208	487	1	400	0.9	0.830121	0	0	0	
17	1	5	221	488	1	200	0.01	0.0127802	0	0	0	
17	1	5	304	489	1	500	0.5	0.645423	0	0	0	
17	1	5	76	490	2	0	0.5	0	25	0	10.5	
17	1	5	220	491	1	600	0.99	0.968113	0	0	0	
17	1	5	133	492	2	0	0.9	0	150	100	129	
17	1	5	57	493	2	0	0.25	0	150	50	72	
17	1	5	44	494	1	500	0.9	0.800399	0	0	0	
17	1	5	259	495	1	500	0.75	0.633747	0	0	0	
17	2	1	250	1	1	600	0.5	0.675144	0	0	0	
17	2	1	315	2	1	600	0.75	0.718665	0	0	0	
17	2	1	71	3	2	0	0.4	0	100	50	75	
17	2	1	21	4	1	200	0.4	0.384299	0	0	0	
17	2	1	32	5	1	300	0.6	0.598718	0	0	0	
17	2	1	47	6	2	0	0.25	0	50	0	11	
17	2	1	70	7	2	0	0.4	0	75	50	62.5	
17	2	1	47	8	1	300	0.95	0.936269	0	0	0	
17	2	1	108	9	1	400	0.99	0.980851	0	0	0	
17	2	1	28	10	2	0	0.05	0	150	100	115	
17	2	1	204	11	1	500	0.75	0.705927	0	0	0	
17	2	1	282	12	1	300	0.05	0.0403787	0	0	0	
17	2	1	9	13	1	500	0.05	0.0669158	0	0	0	
17	2	1	7	14	2	0	0.01	0	400	0	24	
17	2	1	58	15	2	0	0.25	0	150	100	115	
17	2	1	117	16	1	300	0.05	0.0456861	0	0	0	
17	2	1	68	17	1	400	0.1	0.0647928	0	0	0	
17	2	1	208	18	1	400	0.9	0.849227	0	0	0	
17	2	1	130	19	2	0	0.9	0	75	50	64.5	
17	2	1	207	20	1	300	0.9	0.881072	0	0	0	
17	2	1	181	21	1	200	0.25	0.317425	0	0	0	
17	2	1	222	22	1	300	0.01	0.025518	0	0	0	
17	2	1	256	23	1	200	0.75	0.752632	0	0	0	
17	2	1	49	24	1	500	0.95	0.927777	0	0	0	
17	2	1	1	25	1	200	0.01	0.0159647	0	0	0	
17	2	1	131	26	2	0	0.9	0	100	50	75	
17	2	1	162	27	2	0	0.99	0	150	50	100	
17	2	1	147	28	2	0	0.95	0	150	50	84	
17	2	1	141	29	2	0	0.95	0	200	0	60	
17	2	1	88	30	2	0	0.5	0	150	100	125	
17	2	1	158	31	2	0	0.99	0	800	0	208	
17	2	1	40	32	2	0	0.1	0	75	50	57.5	
17	2	1	127	33	2	0	0.9	0	400	0	184	
17	2	1	8	34	1	400	0.05	0.0371943	0	0	0	
17	2	1	66	35	2	0	0.4	0	200	0	44	
17	2	1	281	36	1	200	0.05	0.0382558	0	0	0	
17	2	1	143	37	1	400	0.6	0.673021	0	0	0	
17	2	1	80	38	1	600	0.4	0.587041	0	0	0	
17	2	1	175	39	1	600	0.05	0.0393173	0	0	0	
17	2	1	3	40	1	400	0.01	0.00959579	0	0	0	
17	2	1	129	41	1	500	0.25	0.5	0	0	0	
17	2	1	155	42	1	600	0.9	0.916101	0	0	0	
17	2	1	89	43	1	500	0.6	0.601902	0	0	0	
17	2	1	46	44	2	0	0.25	0	25	0	6.5	
17	2	1	20	45	1	600	0.25	0.389606	0	0	0	
17	2	1	92	46	1	300	0.75	0.809952	0	0	0	
17	2	1	182	47	1	300	0.25	0.610394	0	0	0	
17	2	1	189	48	1	500	0.4	0.560504	0	0	0	
17	2	1	53	49	1	400	0.99	0.979789	0	0	0	
17	2	1	240	50	1	600	0.25	0.411897	0	0	0	
17	2	1	157	51	1	300	0.95	0.972359	0	0	0	
17	2	1	326	52	1	200	0.99	0.989343	0	0	0	
17	2	1	95	53	1	600	0.75	0.696374	0	0	0	
17	2	1	239	54	1	500	0.25	0.407651	0	0	0	
17	2	1	29	55	1	500	0.5	0.615701	0	0	0	
17	2	1	115	56	2	0	0.75	0	75	50	62.5	
17	2	1	190	57	1	600	0.4	0.409774	0	0	0	
17	2	1	179	58	1	500	0.1	0.0605469	0	0	0	
17	2	1	101	59	1	200	0.95	0.9299	0	0	0	
17	2	1	121	60	2	0	0.9	0	25	0	9.5	
17	2	1	85	61	1	600	0.5	0.498939	0	0	0	
17	2	1	232	62	1	300	0.1	0.0287024	0	0	0	
17	2	1	148	63	2	0	0.95	0	150	100	125	
17	2	1	89	64	2	0	0.5	0	200	100	138	
17	2	1	54	65	1	500	0.99	0.964929	0	0	0	
17	2	1	99	66	2	0	0.6	0	50	25	33.5	
17	2	1	168	67	1	400	0.01	0.0223336	0	0	0	
17	2	1	64	68	2	0	0.4	0	100	0	30	
17	2	1	313	69	1	400	0.75	0.779169	0	0	0	
17	2	1	5	70	1	600	0.01	0.0149032	0	0	0	
17	2	1	101	71	2	0	0.6	0	100	50	77	
17	2	1	217	72	1	300	0.99	0.986158	0	0	0	
17	2	1	173	73	1	400	0.05	0.0435632	0	0	0	
17	2	1	61	74	1	200	0.05	0.025518	0	0	0	
17	2	1	45	75	2	0	0.1	0	200	150	171	
17	2	1	216	76	1	200	0.99	0.980851	0	0	0	
17	2	1	44	77	1	500	0.9	0.893809	0	0	0	
17	2	1	27	78	2	0	0.05	0	150	50	80	
17	2	1	77	79	2	0	0.5	0	50	0	19	
17	2	1	223	80	1	400	0.01	0.0180876	0	0	0	
17	2	1	102	81	1	300	0.95	0.951129	0	0	0	
17	2	1	71	82	1	200	0.25	0.405528	0	0	0	
17	2	1	95	83	2	0	0.6	0	150	0	51	
17	2	1	7	84	1	300	0.05	0.052055	0	0	0	
17	2	1	139	85	1	500	0.5	0.533967	0	0	0	
17	2	1	246	86	1	200	0.5	0.591287	0	0	0	
17	2	1	45	87	1	600	0.9	0.898055	0	0	0	
17	2	1	73	88	2	0	0.4	0	150	100	119	
17	2	1	118	89	2	0	0.75	0	150	100	127	
17	2	1	50	90	2	0	0.25	0	150	0	45	
17	2	1	198	91	1	400	0.6	0.69319	0	0	0	
17	2	1	52	92	1	300	0.99	0.984035	0	0	0	
17	2	1	116	93	2	0	0.75	0	100	50	77	
17	2	1	259	94	1	500	0.75	0.868334	0	0	0	
17	2	1	141	95	1	200	0.6	0.613578	0	0	0	
17	2	1	114	96	2	0	0.75	0	50	25	34.5	
17	2	1	170	97	1	600	0.01	0.0329484	0	0	0	
17	2	1	206	98	1	200	0.9	0.945822	0	0	0	
17	2	1	145	99	1	600	0.6	0.704866	0	0	0	
17	2	2	248	100	1	400	0.5	0.60721	0	0	0	
17	2	2	287	101	1	300	0.1	0.054178	0	0	0	
17	2	2	174	102	1	500	0.05	0.0552395	0	0	0	
17	2	2	67	103	1	300	0.1	0.0647928	0	0	0	
17	2	2	117	104	2	0	0.75	0	150	50	88	
17	2	2	163	105	1	400	0.99	0.972359	0	0	0	
17	2	2	6	106	1	200	0.05	0.0414402	0	0	0	
17	2	2	214	107	1	500	0.95	0.967052	0	0	0	
17	2	2	91	108	1	200	0.75	0.856658	0	0	0	
17	2	2	210	109	1	600	0.9	0.921408	0	0	0	
17	2	2	139	110	2	0	0.95	0	100	0	38	
17	2	2	29	111	2	0	0.05	0	200	100	130	
17	2	2	274	112	1	500	0.99	0.969175	0	0	0	
17	2	2	125	113	2	0	0.9	0	150	0	45	
17	2	2	15	114	2	0	0.01	0	200	150	165	
17	2	2	73	115	1	400	0.25	0.559443	0	0	0	
17	2	2	134	116	1	500	0.4	0.579611	0	0	0	
17	2	2	172	117	1	300	0.05	0.0127802	0	0	0	
17	2	2	260	118	1	600	0.75	0.831182	0	0	0	
17	2	2	201	119	1	200	0.75	0.889564	0	0	0	
17	2	2	290	120	1	600	0.1	0.0722232	0	0	0	
17	2	2	33	121	2	0	0.1	0	75	0	7.5	
17	2	2	107	122	2	0	0.75	0	50	0	15	
17	2	2	288	123	1	400	0.1	0.0785921	0	0	0	
17	2	2	224	124	1	500	0.01	0.0297639	0	0	0	
17	2	2	80	125	2	0	0.5	0	150	0	33	
17	2	2	311	126	1	200	0.75	0.850289	0	0	0	
17	2	2	291	127	1	200	0.25	0.386422	0	0	0	
17	2	2	302	128	1	300	0.5	0.692128	0	0	0	
17	2	2	98	129	1	400	0.9	0.899117	0	0	0	
17	2	2	39	130	1	500	0.75	0.818444	0	0	0	
17	2	2	195	131	1	600	0.5	0.558381	0	0	0	
17	2	2	152	132	1	300	0.9	0.891686	0	0	0	
17	2	2	163	133	2	0	0.99	0	150	100	123	
17	2	2	262	134	1	300	0.9	0.895932	0	0	0	
17	2	2	228	135	1	400	0.05	0.0796535	0	0	0	
17	2	2	69	136	1	500	0.1	0.0701002	0	0	0	
17	2	2	324	137	1	500	0.95	0.87258	0	0	0	
17	2	2	21	138	2	0	0.05	0	200	0	28	
17	2	2	233	139	1	400	0.1	0.0690387	0	0	0	
17	2	2	96	140	2	0	0.6	0	200	0	36	
17	2	2	86	141	1	200	0.6	0.651792	0	0	0	
17	2	2	56	142	2	0	0.25	0	100	50	65	
17	2	2	42	143	1	300	0.9	0.917162	0	0	0	
17	2	2	231	144	1	200	0.1	0.052055	0	0	0	
17	2	2	273	145	1	400	0.99	0.952191	0	0	0	
17	2	2	253	146	1	400	0.6	0.704866	0	0	0	
17	2	2	76	147	1	200	0.4	0.6433	0	0	0	
17	2	2	75	148	2	0	0.4	0	200	150	165	
17	2	2	120	149	2	0	0.75	0	200	150	175	
17	2	2	150	150	2	0	0.95	0	200	150	179	
17	2	2	301	151	1	200	0.5	0.565812	0	0	0	
17	2	2	60	152	2	0	0.25	0	200	150	163	
17	2	2	219	153	1	500	0.99	0.979789	0	0	0	
17	2	2	156	154	1	200	0.95	0.954314	0	0	0	
17	2	2	283	155	1	400	0.05	0.0393173	0	0	0	
17	2	2	267	156	1	300	0.95	0.920346	0	0	0	
17	2	2	126	157	2	0	0.9	0	200	0	36	
17	2	2	31	158	2	0	0.1	0	25	0	5.5	
17	2	2	134	159	2	0	0.9	0	200	100	134	
17	2	2	8	160	2	0	0.01	0	800	0	48	
17	2	2	13	161	2	0	0.01	0	150	100	109	
17	2	2	186	162	1	200	0.4	0.588103	0	0	0	
17	2	2	226	163	1	200	0.05	0.080715	0	0	0	
17	2	2	111	164	1	200	0.01	0.023395	0	0	0	
17	2	2	83	165	1	400	0.5	0.589164	0	0	0	
17	2	2	169	166	1	500	0.01	0.023395	0	0	0	
17	2	2	209	167	1	500	0.9	0.923531	0	0	0	
17	2	2	194	168	1	500	0.5	0.546705	0	0	0	
17	2	2	62	169	2	0	0.4	0	50	0	11	
17	2	2	34	170	1	500	0.6	0.654976	0	0	0	
17	2	2	153	171	1	400	0.9	0.90867	0	0	0	
17	2	2	154	172	2	0	0.99	0	100	0	22	
17	2	2	1	173	2	0	0.01	0	25	0	4.5	
17	2	2	26	174	1	200	0.5	0.531844	0	0	0	
17	2	2	144	175	2	0	0.95	0	50	25	32.5	
17	2	2	18	176	2	0	0.05	0	75	0	10.5	
17	2	2	62	177	1	300	0.05	0.0605469	0	0	0	
17	2	2	2	178	2	0	0.01	0	50	0	7	
17	2	2	310	179	1	600	0.6	0.691067	0	0	0	
17	2	2	81	180	2	0	0.5	0	200	0	36	
17	2	2	109	181	2	0	0.75	0	100	0	26	
17	2	2	105	182	2	0	0.6	0	200	150	175	
17	2	2	88	183	1	400	0.6	0.670898	0	0	0	
17	2	2	123	184	2	0	0.9	0	75	0	19.5	
17	2	2	187	185	1	300	0.4	0.322733	0	0	0	
17	2	2	32	186	2	0	0.1	0	50	0	9	
17	2	2	307	187	1	300	0.6	0.701681	0	0	0	
17	2	2	212	188	1	300	0.95	0.936269	0	0	0	
17	2	2	44	189	2	0	0.1	0	200	100	118	
17	2	2	70	190	1	600	0.1	0.0732846	0	0	0	
17	2	2	293	191	1	400	0.25	0.265413	0	0	0	
17	2	2	188	192	1	400	0.4	0.692128	0	0	0	
17	2	2	294	193	1	500	0.25	0.191109	0	0	0	
17	2	2	104	194	1	500	0.95	0.947945	0	0	0	
17	2	2	234	195	1	500	0.1	0.155019	0	0	0	
17	2	2	227	196	1	300	0.05	0.0499321	0	0	0	
17	2	2	41	197	1	200	0.9	0.928838	0	0	0	
17	2	2	18	198	1	400	0.25	0.317425	0	0	0	
17	2	3	22	199	1	300	0.4	0.350331	0	0	0	
17	2	3	74	200	2	0	0.4	0	200	100	122	
17	2	3	82	201	2	0	0.5	0	400	0	56	
17	2	3	192	202	1	300	0.5	0.544582	0	0	0	
17	2	3	122	203	2	0	0.9	0	50	0	15	
17	2	3	69	204	2	0	0.4	0	50	25	31.5	
17	2	3	103	205	1	400	0.95	0.953252	0	0	0	
17	2	3	270	206	1	600	0.95	0.9299	0	0	0	
17	2	3	278	207	1	400	0.01	0.0212721	0	0	0	
17	2	3	199	208	1	500	0.6	0.590226	0	0	0	
17	2	3	237	209	1	300	0.25	0.346085	0	0	0	
17	2	3	119	210	1	500	0.05	0.0754076	0	0	0	
17	2	3	112	211	1	300	0.01	0.0138417	0	0	0	
17	2	3	133	212	2	0	0.9	0	150	100	117	
17	2	3	176	213	1	200	0.1	0.0573624	0	0	0	
17	2	3	51	214	1	200	0.99	0.970236	0	0	0	
17	2	3	63	215	1	400	0.05	0.0552395	0	0	0	
17	2	3	300	216	1	600	0.4	0.553074	0	0	0	
17	2	3	135	217	2	0	0.9	0	200	150	169	
17	2	3	160	218	1	600	0.95	0.856658	0	0	0	
17	2	3	12	219	2	0	0.01	0	150	50	60	
17	2	3	111	220	2	0	0.75	0	200	0	44	
17	2	3	151	221	2	0	0.99	0	25	0	7.5	
17	2	3	264	222	1	500	0.9	0.934146	0	0	0	
17	2	3	102	223	2	0	0.6	0	150	50	80	
17	2	3	116	224	1	200	0.05	0.0531165	0	0	0	
17	2	3	149	225	1	500	0.75	0.823752	0	0	0	
17	2	3	63	226	2	0	0.4	0	75	0	10.5	
17	2	3	128	227	2	0	0.9	0	800	0	80	
17	2	3	66	228	1	200	0.1	0.218708	0	0	0	
17	2	3	14	229	2	0	0.01	0	200	100	122	
17	2	3	148	230	1	400	0.75	0.802522	0	0	0	
17	2	3	271	231	1	200	0.99	0.979789	0	0	0	
17	2	3	55	232	1	600	0.99	0.961744	0	0	0	
17	2	3	106	233	1	200	0.99	0.985097	0	0	0	
17	2	3	130	234	1	600	0.25	0.409774	0	0	0	
17	2	3	133	235	1	400	0.4	0.5	0	0	0	
17	2	3	146	236	1	200	0.75	0.680452	0	0	0	
17	2	3	86	237	2	0	0.5	0	100	50	65	
17	2	3	78	238	2	0	0.5	0	75	0	16.5	
17	2	3	4	239	2	0	0.01	0	100	0	10	
17	2	3	78	240	1	400	0.4	0.303626	0	0	0	
17	2	3	316	241	1	200	0.9	0.923531	0	0	0	
17	2	3	107	242	1	300	0.99	0.976605	0	0	0	
17	2	3	136	243	2	0	0.95	0	25	0	8.5	
17	2	3	56	244	1	200	0.01	0.025518	0	0	0	
17	2	3	242	245	1	300	0.4	0.5	0	0	0	
17	2	3	159	246	1	500	0.95	0.925654	0	0	0	
17	2	3	269	247	1	500	0.95	0.971298	0	0	0	
17	2	3	4	248	1	500	0.01	0.0223336	0	0	0	
17	2	3	268	249	1	400	0.95	0.946883	0	0	0	
17	2	3	230	250	1	600	0.05	0.0711617	0	0	0	
17	2	3	238	251	1	400	0.25	0.417204	0	0	0	
17	2	3	14	252	1	500	0.1	0.107252	0	0	0	
17	2	3	241	253	1	200	0.4	0.5	0	0	0	
17	2	3	5	254	2	0	0.01	0	150	0	15	
17	2	3	48	255	1	400	0.95	0.940515	0	0	0	
17	2	3	15	256	1	600	0.1	0.166695	0	0	0	
17	2	3	6	257	2	0	0.01	0	200	0	20	
17	2	3	317	258	1	300	0.9	0.900178	0	0	0	
17	2	3	119	259	2	0	0.75	0	200	100	126	
17	2	3	279	260	1	500	0.01	0.025518	0	0	0	
17	2	3	99	261	1	500	0.9	0.925654	0	0	0	
17	2	3	156	262	2	0	0.99	0	200	0	44	
17	2	3	221	263	1	200	0.01	0.0191491	0	0	0	
17	2	3	91	264	2	0	0.6	0	25	0	7.5	
17	2	3	328	265	1	400	0.99	0.972359	0	0	0	
17	2	3	59	266	1	500	0.01	0.0202106	0	0	0	
17	2	3	103	267	2	0	0.6	0	150	100	117	
17	2	3	132	268	2	0	0.9	0	150	50	80	
17	2	3	295	269	1	600	0.25	0.418266	0	0	0	
17	2	3	87	270	2	0	0.5	0	150	50	76	
17	2	3	97	271	2	0	0.6	0	400	0	40	
17	2	3	38	272	1	400	0.75	0.808891	0	0	0	
17	2	3	319	273	1	500	0.9	0.866211	0	0	0	
17	2	3	9	274	2	0	0.01	0	50	25	30.5	
17	2	3	143	275	2	0	0.95	0	800	0	80	
17	2	3	10	276	1	600	0.05	0.080715	0	0	0	
17	2	3	25	277	2	0	0.05	0	75	50	55.5	
17	2	3	276	278	1	200	0.01	0.0191491	0	0	0	
17	2	3	54	279	2	0	0.25	0	50	25	31.5	
17	2	3	220	280	1	600	0.99	0.949006	0	0	0	
17	2	3	298	281	1	400	0.4	0.558381	0	0	0	
17	2	3	247	282	1	300	0.5	0.588103	0	0	0	
17	2	3	28	283	1	400	0.5	0.668775	0	0	0	
17	2	3	150	284	1	600	0.75	0.790846	0	0	0	
17	2	3	67	285	2	0	0.4	0	400	0	40	
17	2	3	113	286	1	400	0.01	0.0318869	0	0	0	
17	2	3	306	287	1	200	0.6	0.69319	0	0	0	
17	2	3	20	288	2	0	0.05	0	150	0	9	
17	2	3	158	289	1	400	0.95	0.918224	0	0	0	
17	2	3	180	290	1	600	0.1	0.100883	0	0	0	
17	2	3	41	291	2	0	0.1	0	100	50	61	
17	2	3	30	292	1	600	0.5	0.501061	0	0	0	
17	2	3	115	293	1	600	0.01	0.0350713	0	0	0	
17	2	3	36	294	1	200	0.75	0.716542	0	0	0	
17	2	3	251	295	1	200	0.6	0.709112	0	0	0	
17	2	3	292	296	1	300	0.25	0.395975	0	0	0	
17	2	3	249	297	1	500	0.5	0.567935	0	0	0	
17	2	4	92	298	2	0	0.6	0	50	0	13	
17	2	4	153	299	2	0	0.99	0	75	0	19.5	
17	2	4	50	300	1	600	0.95	0.899117	0	0	0	
17	2	4	43	301	2	0	0.1	0	150	100	105	
17	2	4	140	302	2	0	0.95	0	150	0	21	
17	2	4	27	303	1	300	0.5	0.62207	0	0	0	
17	2	4	149	304	2	0	0.95	0	200	100	134	
17	2	4	104	305	2	0	0.6	0	200	100	130	
17	2	4	309	306	1	500	0.6	0.694251	0	0	0	
17	2	4	93	307	2	0	0.6	0	75	0	16.5	
17	2	4	25	308	1	600	0.4	0.464971	0	0	0	
17	2	4	263	309	1	400	0.9	0.924592	0	0	0	
17	2	4	131	310	1	200	0.4	0.411897	0	0	0	
17	2	4	140	311	1	600	0.5	0.59341	0	0	0	
17	2	4	37	312	2	0	0.1	0	400	0	24	
17	2	4	11	313	2	0	0.01	0	100	50	55	
17	2	4	320	314	1	600	0.9	0.916101	0	0	0	
17	2	4	165	315	1	600	0.99	0.951129	0	0	0	
17	2	4	19	316	2	0	0.05	0	100	0	6	
17	2	4	205	317	1	600	0.75	0.849227	0	0	0	
17	2	4	72	318	1	300	0.25	0.121051	0	0	0	
17	2	4	121	319	1	200	0.1	0.0509935	0	0	0	
17	2	4	318	320	1	400	0.9	0.935207	0	0	0	
17	2	4	261	321	1	200	0.9	0.950068	0	0	0	
17	2	4	144	322	1	500	0.6	0.592349	0	0	0	
17	2	4	98	323	2	0	0.6	0	800	0	48	
17	2	4	96	324	1	200	0.9	0.954314	0	0	0	
17	2	4	90	325	1	600	0.6	0.583857	0	0	0	
17	2	4	124	326	1	500	0.1	0.054178	0	0	0	
17	2	4	196	327	1	200	0.6	0.739895	0	0	0	
17	2	4	109	328	1	500	0.99	0.944761	0	0	0	
17	2	4	124	329	2	0	0.9	0	100	0	26	
17	2	4	137	330	1	300	0.5	0.628439	0	0	0	
17	2	4	171	331	1	200	0.05	0.0796535	0	0	0	
17	2	4	49	332	2	0	0.25	0	100	0	10	
17	2	4	258	333	1	400	0.75	0.702743	0	0	0	
17	2	4	31	334	1	200	0.6	0.541398	0	0	0	
17	2	4	26	335	2	0	0.05	0	100	50	55	
17	2	4	84	336	1	500	0.5	0.550951	0	0	0	
17	2	4	129	337	2	0	0.9	0	50	25	34.5	
17	2	4	329	338	1	500	0.99	0.961744	0	0	0	
17	2	4	284	339	1	500	0.05	0.0573624	0	0	0	
17	2	4	52	340	2	0	0.25	0	400	0	24	
17	2	4	137	341	2	0	0.95	0	50	0	13	
17	2	4	136	342	1	200	0.5	0.746264	0	0	0	
17	2	4	280	343	1	600	0.01	0.0425017	0	0	0	
17	2	4	330	344	1	600	0.99	0.961744	0	0	0	
17	2	4	243	345	1	400	0.4	0.5	0	0	0	
17	2	4	35	346	1	600	0.6	0.731403	0	0	0	
17	2	4	85	347	2	0	0.5	0	75	50	58.5	
17	2	4	161	348	1	200	0.99	0.964929	0	0	0	
17	2	4	51	349	2	0	0.25	0	200	0	12	
17	2	4	146	350	2	0	0.95	0	100	50	69	
17	2	4	314	351	1	500	0.75	0.800399	0	0	0	
17	2	4	275	352	1	600	0.99	0.957498	0	0	0	
17	2	4	97	353	1	300	0.9	0.954314	0	0	0	
17	2	4	114	354	1	500	0.01	0.0382558	0	0	0	
17	2	4	113	355	2	0	0.75	0	800	0	80	
17	2	4	17	356	2	0	0.05	0	50	0	11	
17	2	4	84	357	2	0	0.5	0	50	25	33.5	
17	2	4	40	358	1	600	0.75	0.812075	0	0	0	
17	2	4	74	359	1	500	0.25	0.313179	0	0	0	
17	2	4	34	360	2	0	0.1	0	100	0	10	
17	2	4	46	361	1	200	0.95	0.95856	0	0	0	
17	2	4	57	362	1	300	0.01	0.0371943	0	0	0	
17	2	4	215	363	1	600	0.95	0.903363	0	0	0	
17	2	4	218	364	1	400	0.99	0.951129	0	0	0	
17	2	4	24	365	2	0	0.05	0	50	25	27.5	
17	2	4	58	366	1	400	0.01	0.0446247	0	0	0	
17	2	4	13	367	1	400	0.1	0.276028	0	0	0	
17	2	4	327	368	1	300	0.99	0.953252	0	0	0	
17	2	4	2	369	1	300	0.01	0.0202106	0	0	0	
17	2	4	118	370	1	400	0.05	0.0669158	0	0	0	
17	2	4	126	371	1	200	0.25	0.423573	0	0	0	
17	2	4	167	372	1	300	0.01	0.0414402	0	0	0	
17	2	4	152	373	2	0	0.99	0	50	0	15	
17	2	4	225	374	1	600	0.01	0.0159647	0	0	0	
17	2	4	105	375	1	600	0.95	0.927777	0	0	0	
17	2	4	297	376	1	300	0.4	0.550951	0	0	0	
17	2	4	203	377	1	400	0.75	0.748387	0	0	0	
17	2	4	304	378	1	500	0.5	0.531844	0	0	0	
17	2	4	79	379	1	500	0.4	0.498939	0	0	0	
17	2	4	76	380	2	0	0.5	0	25	0	8.5	
17	2	4	55	381	2	0	0.25	0	75	50	59.5	
17	2	4	229	382	1	500	0.05	0.0393173	0	0	0	
17	2	4	128	383	1	400	0.25	0.302565	0	0	0	
17	2	4	161	384	2	0	0.99	0	100	50	69	
17	2	4	94	385	1	500	0.75	0.809952	0	0	0	
17	2	4	164	386	2	0	0.99	0	200	100	126	
17	2	4	35	387	2	0	0.1	0	150	0	15	
17	2	4	112	388	2	0	0.75	0	400	0	40	
17	2	4	147	389	1	300	0.75	0.747325	0	0	0	
17	2	4	323	390	1	400	0.95	0.900178	0	0	0	
17	2	4	60	391	1	600	0.01	0.0329484	0	0	0	
17	2	4	138	392	1	400	0.5	0.692128	0	0	0	
17	2	4	94	393	2	0	0.6	0	100	0	18	
17	2	4	135	394	1	600	0.4	0.532906	0	0	0	
17	2	4	308	395	1	400	0.6	0.592349	0	0	0	
17	2	4	213	396	1	400	0.95	0.936269	0	0	0	
17	2	5	159	397	2	0	0.99	0	50	25	33.5	
17	2	5	11	398	1	200	0.1	0.0446247	0	0	0	
17	2	5	100	399	2	0	0.6	0	75	50	59.5	
17	2	5	312	400	1	300	0.75	0.887441	0	0	0	
17	2	5	123	401	1	400	0.1	0.0764691	0	0	0	
17	2	5	197	402	1	300	0.6	0.709112	0	0	0	
17	2	5	12	403	1	300	0.1	0.24206	0	0	0	
17	2	5	235	404	1	600	0.1	0.264351	0	0	0	
17	2	5	75	405	1	600	0.25	0.5	0	0	0	
17	2	5	30	406	2	0	0.05	0	200	150	161	
17	2	5	272	407	1	300	0.99	0.962806	0	0	0	
17	2	5	72	408	2	0	0.4	0	150	50	64	
17	2	5	57	409	2	0	0.25	0	150	50	64	
17	2	5	125	410	1	600	0.1	0.0732846	0	0	0	
17	2	5	37	411	1	300	0.75	0.875764	0	0	0	
17	2	5	100	412	1	600	0.9	0.796153	0	0	0	
17	2	5	36	413	2	0	0.1	0	200	0	12	
17	2	5	23	414	1	400	0.4	0.162449	0	0	0	
17	2	5	193	415	1	400	0.5	0.631624	0	0	0	
17	2	5	191	416	1	200	0.5	0.72185	0	0	0	
17	2	5	10	417	2	0	0.01	0	75	50	52.5	
17	2	5	286	418	1	200	0.1	0.0987602	0	0	0	
17	2	5	183	419	1	400	0.25	0.228261	0	0	0	
17	2	5	164	420	1	500	0.99	0.964929	0	0	0	
17	2	5	82	421	1	300	0.5	0.5	0	0	0	
17	2	5	22	422	2	0	0.05	0	400	0	40	
17	2	5	19	423	1	500	0.25	0.368376	0	0	0	
17	2	5	17	424	1	300	0.25	0.298319	0	0	0	
17	2	5	138	425	2	0	0.95	0	75	0	19.5	
17	2	5	142	426	1	300	0.6	0.720788	0	0	0	
17	2	5	162	427	1	300	0.99	0.945822	0	0	0	
17	2	5	122	428	1	300	0.1	0.0679772	0	0	0	
17	2	5	325	429	1	600	0.95	0.891686	0	0	0	
17	2	5	61	430	2	0	0.4	0	25	0	6.5	
17	2	5	321	431	1	200	0.95	0.950068	0	0	0	
17	2	5	296	432	1	200	0.4	0.514861	0	0	0	
17	2	5	245	433	1	600	0.4	0.440557	0	0	0	
17	2	5	16	434	1	200	0.25	0.411897	0	0	0	
17	2	5	166	435	1	200	0.01	0.0244565	0	0	0	
17	2	5	303	436	1	400	0.5	0.587041	0	0	0	
17	2	5	277	437	1	300	0.01	0.0403787	0	0	0	
17	2	5	39	438	2	0	0.1	0	50	25	33.5	
17	2	5	3	439	2	0	0.01	0	75	0	7.5	
17	2	5	255	440	1	600	0.6	0.608271	0	0	0	
17	2	5	33	441	1	400	0.6	0.678329	0	0	0	
17	2	5	106	442	2	0	0.75	0	25	0	7.5	
17	2	5	53	443	2	0	0.25	0	800	0	48	
17	2	5	155	444	2	0	0.99	0	150	0	39	
17	2	5	83	445	2	0	0.5	0	800	0	48	
17	2	5	165	446	2	0	0.99	0	200	150	175	
17	2	5	93	447	1	400	0.75	0.580673	0	0	0	
17	2	5	65	448	2	0	0.4	0	150	0	21	
17	2	5	127	449	1	300	0.25	0.438434	0	0	0	
17	2	5	244	450	1	500	0.4	0.596595	0	0	0	
17	2	5	65	451	1	600	0.05	0.0382558	0	0	0	
17	2	5	38	452	2	0	0.1	0	800	0	48	
17	2	5	81	453	1	200	0.5	0.831182	0	0	0	
17	2	5	160	454	2	0	0.99	0	75	50	62.5	
17	2	5	43	455	1	400	0.9	0.955375	0	0	0	
17	2	5	200	456	1	600	0.6	0.804645	0	0	0	
17	2	5	64	457	1	500	0.05	0.0796535	0	0	0	
17	2	5	79	458	2	0	0.5	0	100	0	14	
17	2	5	120	459	1	600	0.05	0.056301	0	0	0	
17	2	5	289	460	1	500	0.1	0.0945143	0	0	0	
17	2	5	90	461	2	0	0.5	0	200	150	165	
17	2	5	48	462	2	0	0.25	0	75	0	10.5	
17	2	5	265	463	1	600	0.9	0.875764	0	0	0	
17	2	5	178	464	1	400	0.1	0.121051	0	0	0	
17	2	5	154	465	1	500	0.9	0.928838	0	0	0	
17	2	5	87	466	1	300	0.6	0.713358	0	0	0	
17	2	5	110	467	1	600	0.99	0.928838	0	0	0	
17	2	5	24	468	1	500	0.4	0.511676	0	0	0	
17	2	5	177	469	1	300	0.1	0.105129	0	0	0	
17	2	5	23	470	2	0	0.05	0	800	0	48	
17	2	5	299	471	1	500	0.4	0.542459	0	0	0	
17	2	5	254	472	1	500	0.6	0.69319	0	0	0	
17	2	5	77	473	1	300	0.4	0.389606	0	0	0	
17	2	5	59	474	2	0	0.25	0	200	100	114	
17	2	5	236	475	1	200	0.25	0.316364	0	0	0	
17	2	5	108	476	2	0	0.75	0	75	0	16.5	
17	2	5	132	477	1	300	0.4	0.5	0	0	0	
17	2	5	252	478	1	300	0.6	0.79403	0	0	0	
17	2	5	110	479	2	0	0.75	0	150	0	33	
17	2	5	257	480	1	300	0.75	0.876826	0	0	0	
17	2	5	16	481	2	0	0.05	0	25	0	4.5	
17	2	5	142	482	2	0	0.95	0	400	0	56	
17	2	5	266	483	1	200	0.95	0.946883	0	0	0	
17	2	5	68	484	2	0	0.4	0	800	0	48	
17	2	5	184	485	1	500	0.25	0.295134	0	0	0	
17	2	5	285	486	1	600	0.05	0.0616084	0	0	0	
17	2	5	322	487	1	300	0.95	0.910793	0	0	0	
17	2	5	157	488	2	0	0.99	0	400	0	88	
17	2	5	145	489	2	0	0.95	0	75	50	64.5	
17	2	5	305	490	1	600	0.5	0.555197	0	0	0	
17	2	5	42	491	2	0	0.1	0	150	50	60	
17	2	5	211	492	1	200	0.95	0.968113	0	0	0	
17	2	5	151	493	1	200	0.9	0.927777	0	0	0	
17	2	5	202	494	1	300	0.75	0.837551	0	0	0	
17	2	5	185	495	1	600	0.25	0.579611	0	0	0	
