Subject#	Session#	Block#	Stim#	Trial#	Task	Numerosity	P_true	P_reported	x1	x2	CE	
19	1	1	311	1	1	200	0.75	0.798276	0	0	0	
19	1	1	121	2	1	200	0.1	0.202785	0	0	0	
19	1	1	4	3	1	500	0.01	0.0414402	0	0	0	
19	1	1	301	4	1	200	0.5	0.5	0	0	0	
19	1	1	86	5	2	0	0.5	0	100	50	73	
19	1	1	277	6	1	300	0.01	0.0478091	0	0	0	
19	1	1	57	7	2	0	0.25	0	150	50	80	
19	1	1	2	8	1	300	0.01	0.0987602	0	0	0	
19	1	1	285	9	1	600	0.05	0.0987602	0	0	0	
19	1	1	80	10	1	600	0.4	0.398098	0	0	0	
19	1	1	293	11	1	400	0.25	0.207031	0	0	0	
19	1	1	40	12	1	600	0.75	0.799338	0	0	0	
19	1	1	100	13	2	0	0.6	0	75	50	55.5	
19	1	1	82	14	2	0	0.5	0	400	0	72	
19	1	1	105	15	1	600	0.95	0.799338	0	0	0	
19	1	1	317	16	1	300	0.9	0.855596	0	0	0	
19	1	1	117	17	1	300	0.05	0.201724	0	0	0	
19	1	1	320	18	1	600	0.9	0.847104	0	0	0	
19	1	1	149	19	2	0	0.95	0	200	100	150	
19	1	1	71	20	1	200	0.25	0.303626	0	0	0	
19	1	1	150	21	2	0	0.95	0	200	150	175	
19	1	1	59	22	2	0	0.25	0	200	100	138	
19	1	1	121	23	2	0	0.9	0	25	0	19.5	
19	1	1	16	24	1	200	0.25	0.405528	0	0	0	
19	1	1	60	25	2	0	0.25	0	200	150	169	
19	1	1	95	26	1	600	0.75	0.801461	0	0	0	
19	1	1	182	27	1	300	0.25	0.198539	0	0	0	
19	1	1	46	28	1	200	0.95	0.90124	0	0	0	
19	1	1	244	29	1	500	0.4	0.399159	0	0	0	
19	1	1	329	30	1	500	0.99	0.961744	0	0	0	
19	1	1	31	31	1	200	0.6	0.591287	0	0	0	
19	1	1	100	32	1	600	0.9	0.800399	0	0	0	
19	1	1	239	33	1	500	0.25	0.198539	0	0	0	
19	1	1	201	34	1	200	0.75	0.702743	0	0	0	
19	1	1	99	35	2	0	0.6	0	50	25	39.5	
19	1	1	65	36	1	600	0.05	0.054178	0	0	0	
19	1	1	200	37	1	600	0.6	0.5	0	0	0	
19	1	1	292	38	1	300	0.25	0.404467	0	0	0	
19	1	1	114	39	2	0	0.75	0	50	25	37.5	
19	1	1	26	40	2	0	0.05	0	100	50	57	
19	1	1	82	41	1	300	0.5	0.599779	0	0	0	
19	1	1	18	42	2	0	0.05	0	75	0	22.5	
19	1	1	202	43	1	300	0.75	0.811014	0	0	0	
19	1	1	165	44	2	0	0.99	0	200	150	189	
19	1	1	137	45	1	300	0.5	0.446926	0	0	0	
19	1	1	142	46	1	300	0.6	0.608271	0	0	0	
19	1	1	31	47	2	0	0.1	0	25	0	7.5	
19	1	1	81	48	2	0	0.5	0	200	0	52	
19	1	1	112	49	2	0	0.75	0	400	0	168	
19	1	1	250	50	1	600	0.5	0.5	0	0	0	
19	1	1	198	51	1	400	0.6	0.790846	0	0	0	
19	1	1	69	52	2	0	0.4	0	50	25	32.5	
19	1	1	318	53	1	400	0.9	0.9299	0	0	0	
19	1	1	35	54	2	0	0.1	0	150	0	39	
19	1	1	313	55	1	400	0.75	0.807829	0	0	0	
19	1	1	5	56	1	600	0.01	0.0212721	0	0	0	
19	1	1	227	57	1	300	0.05	0.0976987	0	0	0	
19	1	1	51	58	2	0	0.25	0	200	0	36	
19	1	1	89	59	2	0	0.5	0	200	100	138	
19	1	1	181	60	1	200	0.25	0.400221	0	0	0	
19	1	1	222	61	1	300	0.01	0.0180876	0	0	0	
19	1	1	23	62	2	0	0.05	0	800	0	48	
19	1	1	275	63	1	600	0.99	0.976605	0	0	0	
19	1	1	324	64	1	500	0.95	0.947945	0	0	0	
19	1	1	72	65	2	0	0.4	0	150	50	56	
19	1	1	17	66	2	0	0.05	0	50	0	17	
19	1	1	68	67	2	0	0.4	0	800	0	48	
19	1	1	45	68	1	600	0.9	0.957498	0	0	0	
19	1	1	87	69	1	300	0.6	0.484078	0	0	0	
19	1	1	151	70	1	200	0.9	0.803584	0	0	0	
19	1	1	194	71	1	500	0.5	0.5	0	0	0	
19	1	1	175	72	1	600	0.05	0.0297639	0	0	0	
19	1	1	104	73	1	500	0.95	0.0414402	0	0	0	
19	1	1	161	74	2	0	0.99	0	100	50	79	
19	1	1	229	75	1	500	0.05	0.0393173	0	0	0	
19	1	1	204	76	1	500	0.75	0.796153	0	0	0	
19	1	1	138	77	1	400	0.5	0.504246	0	0	0	
19	1	1	9	78	1	500	0.05	0.0244565	0	0	0	
19	1	1	93	79	2	0	0.6	0	75	0	28.5	
19	1	1	130	80	2	0	0.9	0	75	50	64.5	
19	1	1	255	81	1	600	0.6	0.853473	0	0	0	
19	1	1	97	82	1	300	0.9	0.848166	0	0	0	
19	1	1	19	83	2	0	0.05	0	100	0	30	
19	1	1	178	84	1	400	0.1	0.0478091	0	0	0	
19	1	1	205	85	1	600	0.75	0.850289	0	0	0	
19	1	1	185	86	1	600	0.25	0.363069	0	0	0	
19	1	1	72	87	1	300	0.25	0.24206	0	0	0	
19	1	1	133	88	1	400	0.4	0.354577	0	0	0	
19	1	1	133	89	2	0	0.9	0	150	100	119	
19	1	1	94	90	1	500	0.75	0.800399	0	0	0	
19	1	1	14	91	1	500	0.1	0.140158	0	0	0	
19	1	1	203	92	1	400	0.75	0.807829	0	0	0	
19	1	1	297	93	1	300	0.4	0.59341	0	0	0	
19	1	1	25	94	1	600	0.4	0.348208	0	0	0	
19	1	1	54	95	2	0	0.25	0	50	25	32.5	
19	1	1	153	96	1	400	0.9	0.927777	0	0	0	
19	1	1	116	97	2	0	0.75	0	100	50	79	
19	1	1	225	98	1	600	0.01	0.00853431	0	0	0	
19	1	1	52	99	2	0	0.25	0	400	0	40	
19	1	2	139	100	1	500	0.5	0.5	0	0	0	
19	1	2	61	101	2	0	0.4	0	25	0	20.5	
19	1	2	94	102	2	0	0.6	0	100	0	50	
19	1	2	169	103	1	500	0.01	0.00959579	0	0	0	
19	1	2	101	104	1	200	0.95	0.807829	0	0	0	
19	1	2	135	105	1	600	0.4	0.454356	0	0	0	
19	1	2	184	106	1	500	0.25	0.386422	0	0	0	
19	1	2	84	107	1	500	0.5	0.5	0	0	0	
19	1	2	111	108	1	200	0.01	0.0149032	0	0	0	
19	1	2	164	109	2	0	0.99	0	200	100	170	
19	1	2	10	110	1	600	0.05	0.0679772	0	0	0	
19	1	2	176	111	1	200	0.1	0.12742	0	0	0	
19	1	2	32	112	1	300	0.6	0.597656	0	0	0	
19	1	2	280	113	1	600	0.01	0.0191491	0	0	0	
19	1	2	105	114	2	0	0.6	0	200	150	175	
19	1	2	141	115	1	200	0.6	0.615701	0	0	0	
19	1	2	119	116	2	0	0.75	0	200	100	150	
19	1	2	6	117	1	200	0.05	0.0690387	0	0	0	
19	1	2	197	118	1	300	0.6	0.597656	0	0	0	
19	1	2	272	119	1	300	0.99	0.988281	0	0	0	
19	1	2	192	120	1	300	0.5	0.5	0	0	0	
19	1	2	163	121	1	400	0.99	0.973421	0	0	0	
19	1	2	2	122	2	0	0.01	0	50	0	7	
19	1	2	247	123	1	300	0.5	0.44268	0	0	0	
19	1	2	62	124	1	300	0.05	0.0616084	0	0	0	
19	1	2	101	125	2	0	0.6	0	100	50	69	
19	1	2	34	126	1	500	0.6	0.600841	0	0	0	
19	1	2	38	127	2	0	0.1	0	800	0	48	
19	1	2	50	128	1	600	0.95	0.951129	0	0	0	
19	1	2	78	129	2	0	0.5	0	75	0	22.5	
19	1	2	309	130	1	500	0.6	0.599779	0	0	0	
19	1	2	66	131	2	0	0.4	0	200	0	28	
19	1	2	32	132	2	0	0.1	0	50	0	9	
19	1	2	154	133	1	500	0.9	0.973421	0	0	0	
19	1	2	152	134	1	300	0.9	0.947945	0	0	0	
19	1	2	150	135	1	600	0.75	0.858781	0	0	0	
19	1	2	259	136	1	500	0.75	0.854535	0	0	0	
19	1	2	207	137	1	300	0.9	0.950068	0	0	0	
19	1	2	88	138	2	0	0.5	0	150	100	125	
19	1	2	41	139	1	200	0.9	0.816321	0	0	0	
19	1	2	43	140	2	0	0.1	0	150	100	123	
19	1	2	118	141	1	400	0.05	0.027641	0	0	0	
19	1	2	186	142	1	200	0.4	0.451172	0	0	0	
19	1	2	63	143	1	400	0.05	0.054178	0	0	0	
19	1	2	103	144	1	400	0.95	0.945822	0	0	0	
19	1	2	21	145	1	200	0.4	0.409774	0	0	0	
19	1	2	179	146	1	500	0.1	0.0998217	0	0	0	
19	1	2	304	147	1	500	0.5	0.477709	0	0	0	
19	1	2	135	148	2	0	0.9	0	200	150	159	
19	1	2	241	149	1	200	0.4	0.441619	0	0	0	
19	1	2	60	150	1	600	0.01	0.0032269	0	0	0	
19	1	2	110	151	1	600	0.99	0.995712	0	0	0	
19	1	2	134	152	2	0	0.9	0	200	100	158	
19	1	2	96	153	1	200	0.9	0.802522	0	0	0	
19	1	2	87	154	2	0	0.5	0	150	50	80	
19	1	2	78	155	1	400	0.4	0.5	0	0	0	
19	1	2	1	156	1	200	0.01	0.0149032	0	0	0	
19	1	2	220	157	1	600	0.99	0.982974	0	0	0	
19	1	2	206	158	1	200	0.9	0.869395	0	0	0	
19	1	2	34	159	2	0	0.1	0	100	0	26	
19	1	2	114	160	1	500	0.01	0.00959579	0	0	0	
19	1	2	107	161	1	300	0.99	0.991466	0	0	0	
19	1	2	155	162	2	0	0.99	0	150	0	99	
19	1	2	187	163	1	300	0.4	0.459664	0	0	0	
19	1	2	20	164	1	600	0.25	0.0976987	0	0	0	
19	1	2	111	165	2	0	0.75	0	200	0	92	
19	1	2	307	166	1	300	0.6	0.474524	0	0	0	
19	1	2	13	167	1	400	0.1	0.0998217	0	0	0	
19	1	2	115	168	1	600	0.01	0.00959579	0	0	0	
19	1	2	253	169	1	400	0.6	0.400221	0	0	0	
19	1	2	118	170	2	0	0.75	0	150	100	115	
19	1	2	23	171	1	400	0.4	0.402344	0	0	0	
19	1	2	14	172	2	0	0.01	0	200	100	102	
19	1	2	303	173	1	400	0.5	0.5	0	0	0	
19	1	2	125	174	1	600	0.1	0.0934528	0	0	0	
19	1	2	164	175	1	500	0.99	0.993589	0	0	0	
19	1	2	98	176	2	0	0.6	0	800	0	80	
19	1	2	22	177	1	300	0.4	0.5	0	0	0	
19	1	2	212	178	1	300	0.95	0.971298	0	0	0	
19	1	2	300	179	1	600	0.4	0.459664	0	0	0	
19	1	2	148	180	2	0	0.95	0	150	100	135	
19	1	2	43	181	1	400	0.9	0.967052	0	0	0	
19	1	2	158	182	2	0	0.99	0	800	0	272	
19	1	2	50	183	2	0	0.25	0	150	0	39	
19	1	2	256	184	1	200	0.75	0.703804	0	0	0	
19	1	2	11	185	2	0	0.01	0	100	50	51	
19	1	2	107	186	2	0	0.75	0	50	0	27	
19	1	2	74	187	2	0	0.4	0	200	100	126	
19	1	2	76	188	1	200	0.4	0.47134	0	0	0	
19	1	2	36	189	2	0	0.1	0	200	0	20	
19	1	2	235	190	1	600	0.1	0.105129	0	0	0	
19	1	2	47	191	2	0	0.25	0	50	0	15	
19	1	2	281	192	1	200	0.05	0.082838	0	0	0	
19	1	2	208	193	1	400	0.9	0.883195	0	0	0	
19	1	2	302	194	1	300	0.5	0.5	0	0	0	
19	1	2	27	195	2	0	0.05	0	150	50	76	
19	1	2	28	196	2	0	0.05	0	150	100	117	
19	1	2	129	197	1	500	0.25	0.0966372	0	0	0	
19	1	2	64	198	2	0	0.4	0	100	0	26	
19	1	3	162	199	2	0	0.99	0	150	50	100	
19	1	3	119	200	1	500	0.05	0.0244565	0	0	0	
19	1	3	215	201	1	600	0.95	0.964929	0	0	0	
19	1	3	246	202	1	200	0.5	0.5	0	0	0	
19	1	3	228	203	1	400	0.05	0.0170262	0	0	0	
19	1	3	199	204	1	500	0.6	0.60721	0	0	0	
19	1	3	254	205	1	500	0.6	0.5	0	0	0	
19	1	3	157	206	1	300	0.95	0.956437	0	0	0	
19	1	3	174	207	1	500	0.05	0.0488706	0	0	0	
19	1	3	294	208	1	500	0.25	0.345024	0	0	0	
19	1	3	24	209	2	0	0.05	0	50	25	31.5	
19	1	3	24	210	1	500	0.4	0.474524	0	0	0	
19	1	3	193	211	1	400	0.5	0.5	0	0	0	
19	1	3	84	212	2	0	0.5	0	50	25	31.5	
19	1	3	264	213	1	500	0.9	0.944761	0	0	0	
19	1	3	131	214	2	0	0.9	0	100	50	79	
19	1	3	109	215	2	0	0.75	0	100	0	34	
19	1	3	21	216	2	0	0.05	0	200	0	28	
19	1	3	77	217	1	300	0.4	0.403405	0	0	0	
19	1	3	218	218	1	400	0.99	0.989343	0	0	0	
19	1	3	261	219	1	200	0.9	0.894871	0	0	0	
19	1	3	148	220	1	400	0.75	0.838612	0	0	0	
19	1	3	26	221	1	200	0.5	0.5	0	0	0	
19	1	3	75	222	2	0	0.4	0	200	150	165	
19	1	3	242	223	1	300	0.4	0.5	0	0	0	
19	1	3	48	224	1	400	0.95	0.947945	0	0	0	
19	1	3	80	225	2	0	0.5	0	150	0	39	
19	1	3	49	226	2	0	0.25	0	100	0	30	
19	1	3	10	227	2	0	0.01	0	75	50	53.5	
19	1	3	143	228	2	0	0.95	0	800	0	272	
19	1	3	36	229	1	200	0.75	0.606148	0	0	0	
19	1	3	11	230	1	200	0.1	0.400221	0	0	0	
19	1	3	238	231	1	400	0.25	0.371561	0	0	0	
19	1	3	127	232	1	300	0.25	0.339716	0	0	0	
19	1	3	263	233	1	400	0.9	0.766432	0	0	0	
19	1	3	123	234	1	400	0.1	0.104068	0	0	0	
19	1	3	74	235	1	500	0.25	0.103006	0	0	0	
19	1	3	108	236	1	400	0.99	0.992527	0	0	0	
19	1	3	56	237	2	0	0.25	0	100	50	75	
19	1	3	209	238	1	500	0.9	0.899117	0	0	0	
19	1	3	315	239	1	600	0.75	0.906547	0	0	0	
19	1	3	141	240	2	0	0.95	0	200	0	100	
19	1	3	316	241	1	200	0.9	0.809952	0	0	0	
19	1	3	326	242	1	200	0.99	0.997835	0	0	0	
19	1	3	160	243	1	600	0.95	0.984035	0	0	0	
19	1	3	161	244	1	200	0.99	0.996773	0	0	0	
19	1	3	12	245	2	0	0.01	0	150	50	56	
19	1	3	67	246	1	300	0.1	0.0637313	0	0	0	
19	1	3	39	247	1	500	0.75	0.801461	0	0	0	
19	1	3	312	248	1	300	0.75	0.576427	0	0	0	
19	1	3	128	249	2	0	0.9	0	800	0	272	
19	1	3	22	250	2	0	0.05	0	400	0	24	
19	1	3	137	251	2	0	0.95	0	50	0	39	
19	1	3	284	252	1	500	0.05	0.025518	0	0	0	
19	1	3	126	253	1	200	0.25	0.470279	0	0	0	
19	1	3	117	254	2	0	0.75	0	150	50	84	
19	1	3	230	255	1	600	0.05	0.0371943	0	0	0	
19	1	3	232	256	1	300	0.1	0.0371943	0	0	0	
19	1	3	267	257	1	300	0.95	0.971298	0	0	0	
19	1	3	330	258	1	600	0.99	0.997835	0	0	0	
19	1	3	231	259	1	200	0.1	0.0318869	0	0	0	
19	1	3	30	260	1	600	0.5	0.5	0	0	0	
19	1	3	58	261	2	0	0.25	0	150	100	117	
19	1	3	88	262	1	400	0.6	0.5	0	0	0	
19	1	3	33	263	2	0	0.1	0	75	0	25.5	
19	1	3	237	264	1	300	0.25	0.295134	0	0	0	
19	1	3	63	265	2	0	0.4	0	75	0	25.5	
19	1	3	288	266	1	400	0.1	0.025518	0	0	0	
19	1	3	83	267	2	0	0.5	0	800	0	112	
19	1	3	51	268	1	200	0.99	0.993589	0	0	0	
19	1	3	210	269	1	600	0.9	0.984035	0	0	0	
19	1	3	92	270	2	0	0.6	0	50	0	27	
19	1	3	42	271	1	300	0.9	0.894871	0	0	0	
19	1	3	216	272	1	200	0.99	0.977666	0	0	0	
19	1	3	120	273	2	0	0.75	0	200	150	169	
19	1	3	75	274	1	600	0.25	0.36413	0	0	0	
19	1	3	132	275	1	300	0.4	0.5	0	0	0	
19	1	3	83	276	1	400	0.5	0.5	0	0	0	
19	1	3	37	277	1	300	0.75	0.570058	0	0	0	
19	1	3	270	278	1	600	0.95	0.98722	0	0	0	
19	1	3	79	279	2	0	0.5	0	100	0	30	
19	1	3	38	280	1	400	0.75	0.809952	0	0	0	
19	1	3	25	281	2	0	0.05	0	75	50	56.5	
19	1	3	77	282	2	0	0.5	0	50	0	15	
19	1	3	166	283	1	200	0.01	0.0149032	0	0	0	
19	1	3	158	284	1	400	0.95	0.974482	0	0	0	
19	1	3	4	285	2	0	0.01	0	100	0	10	
19	1	3	96	286	2	0	0.6	0	200	0	28	
19	1	3	265	287	1	600	0.9	0.968113	0	0	0	
19	1	3	154	288	2	0	0.99	0	100	0	54	
19	1	3	8	289	2	0	0.01	0	800	0	16	
19	1	3	233	290	1	400	0.1	0.0446247	0	0	0	
19	1	3	159	291	1	500	0.95	0.951129	0	0	0	
19	1	3	69	292	1	500	0.1	0.0467476	0	0	0	
19	1	3	91	293	2	0	0.6	0	25	0	9.5	
19	1	3	146	294	1	200	0.75	0.753694	0	0	0	
19	1	3	122	295	2	0	0.9	0	50	0	27	
19	1	3	219	296	1	500	0.99	0.991466	0	0	0	
19	1	3	172	297	1	300	0.05	0.0202106	0	0	0	
19	1	4	145	298	1	600	0.6	0.49257	0	0	0	
19	1	4	29	299	1	500	0.5	0.501061	0	0	0	
19	1	4	49	300	1	500	0.95	0.970236	0	0	0	
19	1	4	29	301	2	0	0.05	0	200	100	126	
19	1	4	127	302	2	0	0.9	0	400	0	184	
19	1	4	79	303	1	500	0.4	0.433127	0	0	0	
19	1	4	64	304	1	500	0.05	0.0106573	0	0	0	
19	1	4	282	305	1	300	0.05	0.00641135	0	0	0	
19	1	4	15	306	1	600	0.1	0.00959579	0	0	0	
19	1	4	144	307	2	0	0.95	0	50	25	34.5	
19	1	4	213	308	1	400	0.95	0.925654	0	0	0	
19	1	4	104	309	2	0	0.6	0	200	100	130	
19	1	4	159	310	2	0	0.99	0	50	25	43.5	
19	1	4	40	311	2	0	0.1	0	75	50	51.5	
19	1	4	102	312	1	300	0.95	0.918224	0	0	0	
19	1	4	57	313	1	300	0.01	0.054178	0	0	0	
19	1	4	48	314	2	0	0.25	0	75	0	13.5	
19	1	4	115	315	2	0	0.75	0	75	50	54.5	
19	1	4	170	316	1	600	0.01	0.00853431	0	0	0	
19	1	4	16	317	2	0	0.05	0	25	0	5.5	
19	1	4	168	318	1	400	0.01	0.00641135	0	0	0	
19	1	4	126	319	2	0	0.9	0	200	0	60	
19	1	4	116	320	1	200	0.05	0.117867	0	0	0	
19	1	4	258	321	1	400	0.75	0.619947	0	0	0	
19	1	4	195	322	1	600	0.5	0.5	0	0	0	
19	1	4	108	323	2	0	0.75	0	75	0	37.5	
19	1	4	17	324	1	300	0.25	0.358823	0	0	0	
19	1	4	289	325	1	500	0.1	0.0616084	0	0	0	
19	1	4	134	326	1	500	0.4	0.5	0	0	0	
19	1	4	5	327	2	0	0.01	0	150	0	9	
19	1	4	180	328	1	600	0.1	0.0117187	0	0	0	
19	1	4	226	329	1	200	0.05	0.0955757	0	0	0	
19	1	4	129	330	2	0	0.9	0	50	25	34.5	
19	1	4	70	331	1	600	0.1	0.0658543	0	0	0	
19	1	4	15	332	2	0	0.01	0	200	150	155	
19	1	4	59	333	1	500	0.01	0.00853431	0	0	0	
19	1	4	153	334	2	0	0.99	0	75	0	58.5	
19	1	4	99	335	1	500	0.9	0.947945	0	0	0	
19	1	4	12	336	1	300	0.1	0.0467476	0	0	0	
19	1	4	54	337	1	500	0.99	0.992527	0	0	0	
19	1	4	310	338	1	600	0.6	0.5	0	0	0	
19	1	4	146	339	2	0	0.95	0	100	50	79	
19	1	4	314	340	1	500	0.75	0.670898	0	0	0	
19	1	4	245	341	1	600	0.4	0.5	0	0	0	
19	1	4	266	342	1	200	0.95	0.878949	0	0	0	
19	1	4	131	343	1	200	0.4	0.5	0	0	0	
19	1	4	70	344	2	0	0.4	0	75	50	62.5	
19	1	4	18	345	1	400	0.25	0.296196	0	0	0	
19	1	4	90	346	2	0	0.5	0	200	150	167	
19	1	4	249	347	1	500	0.5	0.5	0	0	0	
19	1	4	120	348	1	600	0.05	0.0509935	0	0	0	
19	1	4	299	349	1	500	0.4	0.469217	0	0	0	
19	1	4	167	350	1	300	0.01	0.0191491	0	0	0	
19	1	4	98	351	1	400	0.9	0.981912	0	0	0	
19	1	4	321	352	1	200	0.95	0.976605	0	0	0	
19	1	4	39	353	2	0	0.1	0	50	25	32.5	
19	1	4	248	354	1	400	0.5	0.5	0	0	0	
19	1	4	85	355	2	0	0.5	0	75	50	57.5	
19	1	4	52	356	1	300	0.99	0.98722	0	0	0	
19	1	4	151	357	2	0	0.99	0	25	0	19.5	
19	1	4	217	358	1	300	0.99	0.991466	0	0	0	
19	1	4	41	359	2	0	0.1	0	100	50	55	
19	1	4	323	360	1	400	0.95	0.979789	0	0	0	
19	1	4	3	361	1	400	0.01	0.00641135	0	0	0	
19	1	4	260	362	1	600	0.75	0.755817	0	0	0	
19	1	4	113	363	2	0	0.75	0	800	0	176	
19	1	4	156	364	2	0	0.99	0	200	0	92	
19	1	4	45	365	2	0	0.1	0	200	150	155	
19	1	4	42	366	2	0	0.1	0	150	50	56	
19	1	4	124	367	1	500	0.1	0.0127802	0	0	0	
19	1	4	73	368	1	400	0.25	0.186863	0	0	0	
19	1	4	171	369	1	200	0.05	0.0308254	0	0	0	
19	1	4	308	370	1	400	0.6	0.5	0	0	0	
19	1	4	214	371	1	500	0.95	0.920346	0	0	0	
19	1	4	93	372	1	400	0.75	0.599779	0	0	0	
19	1	4	319	373	1	500	0.9	0.865149	0	0	0	
19	1	4	125	374	2	0	0.9	0	150	0	69	
19	1	4	68	375	1	400	0.1	0.0711617	0	0	0	
19	1	4	155	376	1	600	0.9	0.938392	0	0	0	
19	1	4	149	377	1	500	0.75	0.871518	0	0	0	
19	1	4	132	378	2	0	0.9	0	150	50	84	
19	1	4	128	379	1	400	0.25	0.454356	0	0	0	
19	1	4	252	380	1	300	0.6	0.565812	0	0	0	
19	1	4	325	381	1	600	0.95	0.943699	0	0	0	
19	1	4	290	382	1	600	0.1	0.0393173	0	0	0	
19	1	4	274	383	1	500	0.99	0.995712	0	0	0	
19	1	4	55	384	2	0	0.25	0	75	50	55.5	
19	1	4	271	385	1	200	0.99	0.954314	0	0	0	
19	1	4	46	386	2	0	0.25	0	25	0	6.5	
19	1	4	136	387	2	0	0.95	0	25	0	14.5	
19	1	4	269	388	1	500	0.95	0.985097	0	0	0	
19	1	4	188	389	1	400	0.4	0.601902	0	0	0	
19	1	4	44	390	2	0	0.1	0	200	100	110	
19	1	4	67	391	2	0	0.4	0	400	0	56	
19	1	4	283	392	1	400	0.05	0.0605469	0	0	0	
19	1	4	268	393	1	400	0.95	0.963867	0	0	0	
19	1	4	305	394	1	600	0.5	0.461787	0	0	0	
19	1	4	90	395	1	600	0.6	0.5	0	0	0	
19	1	4	291	396	1	200	0.25	0.449049	0	0	0	
19	1	5	286	397	1	200	0.1	0.0202106	0	0	0	
19	1	5	173	398	1	400	0.05	0.0212721	0	0	0	
19	1	5	243	399	1	400	0.4	0.468156	0	0	0	
19	1	5	7	400	1	300	0.05	0.0329484	0	0	0	
19	1	5	278	401	1	400	0.01	0.0138417	0	0	0	
19	1	5	276	402	1	200	0.01	0.00641135	0	0	0	
19	1	5	19	403	1	500	0.25	0.365192	0	0	0	
19	1	5	106	404	1	200	0.99	0.984035	0	0	0	
19	1	5	89	405	1	500	0.6	0.5	0	0	0	
19	1	5	147	406	2	0	0.95	0	150	50	80	
19	1	5	92	407	1	300	0.75	0.72185	0	0	0	
19	1	5	223	408	1	400	0.01	0.0191491	0	0	0	
19	1	5	138	409	2	0	0.95	0	75	0	40.5	
19	1	5	81	410	1	200	0.5	0.5	0	0	0	
19	1	5	76	411	2	0	0.5	0	25	0	8.5	
19	1	5	85	412	1	600	0.5	0.5	0	0	0	
19	1	5	224	413	1	500	0.01	0.00534986	0	0	0	
19	1	5	183	414	1	400	0.25	0.286642	0	0	0	
19	1	5	7	415	2	0	0.01	0	400	0	24	
19	1	5	156	416	1	200	0.95	0.927777	0	0	0	
19	1	5	177	417	1	300	0.1	0.0488706	0	0	0	
19	1	5	165	418	1	600	0.99	0.98722	0	0	0	
19	1	5	251	419	1	200	0.6	0.5	0	0	0	
19	1	5	13	420	2	0	0.01	0	150	100	107	
19	1	5	28	421	1	400	0.5	0.472401	0	0	0	
19	1	5	211	422	1	200	0.95	0.904424	0	0	0	
19	1	5	328	423	1	400	0.99	0.96599	0	0	0	
19	1	5	240	424	1	600	0.25	0.103006	0	0	0	
19	1	5	27	425	1	300	0.5	0.5	0	0	0	
19	1	5	122	426	1	300	0.1	0.143342	0	0	0	
19	1	5	91	427	1	200	0.75	0.85135	0	0	0	
19	1	5	136	428	1	200	0.5	0.5	0	0	0	
19	1	5	112	429	1	300	0.01	0.0456861	0	0	0	
19	1	5	20	430	2	0	0.05	0	150	0	15	
19	1	5	295	431	1	600	0.25	0.134851	0	0	0	
19	1	5	287	432	1	300	0.1	0.105129	0	0	0	
19	1	5	123	433	2	0	0.9	0	75	0	37.5	
19	1	5	37	434	2	0	0.1	0	400	0	24	
19	1	5	130	435	1	600	0.25	0.0934528	0	0	0	
19	1	5	30	436	2	0	0.05	0	200	150	155	
19	1	5	273	437	1	400	0.99	0.992527	0	0	0	
19	1	5	144	438	1	500	0.6	0.5	0	0	0	
19	1	5	190	439	1	600	0.4	0.438434	0	0	0	
19	1	5	262	440	1	300	0.9	0.976605	0	0	0	
19	1	5	47	441	1	300	0.95	0.969175	0	0	0	
19	1	5	298	442	1	400	0.4	0.457541	0	0	0	
19	1	5	163	443	2	0	0.99	0	150	100	129	
19	1	5	152	444	2	0	0.99	0	50	0	29	
19	1	5	8	445	1	400	0.05	0.0488706	0	0	0	
19	1	5	279	446	1	500	0.01	0.0127802	0	0	0	
19	1	5	65	447	2	0	0.4	0	150	0	63	
19	1	5	109	448	1	500	0.99	0.928838	0	0	0	
19	1	5	44	449	1	500	0.9	0.953252	0	0	0	
19	1	5	73	450	2	0	0.4	0	150	100	115	
19	1	5	162	451	1	300	0.99	0.969175	0	0	0	
19	1	5	142	452	2	0	0.95	0	400	0	184	
19	1	5	257	453	1	300	0.75	0.598718	0	0	0	
19	1	5	6	454	2	0	0.01	0	200	0	20	
19	1	5	97	455	2	0	0.6	0	400	0	40	
19	1	5	71	456	2	0	0.4	0	100	50	65	
19	1	5	33	457	1	400	0.6	0.547767	0	0	0	
19	1	5	53	458	2	0	0.25	0	800	0	48	
19	1	5	139	459	2	0	0.95	0	100	0	46	
19	1	5	113	460	1	400	0.01	0.0191491	0	0	0	
19	1	5	110	461	2	0	0.75	0	150	0	45	
19	1	5	56	462	1	200	0.01	0.025518	0	0	0	
19	1	5	106	463	2	0	0.75	0	25	0	17.5	
19	1	5	221	464	1	200	0.01	0.0180876	0	0	0	
19	1	5	9	465	2	0	0.01	0	50	25	26.5	
19	1	5	191	466	1	200	0.5	0.5	0	0	0	
19	1	5	86	467	1	200	0.6	0.5	0	0	0	
19	1	5	66	468	1	200	0.1	0.0913298	0	0	0	
19	1	5	61	469	1	200	0.05	0.0499321	0	0	0	
19	1	5	124	470	2	0	0.9	0	100	0	34	
19	1	5	157	471	2	0	0.99	0	400	0	184	
19	1	5	327	472	1	300	0.99	0.979789	0	0	0	
19	1	5	140	473	1	600	0.5	0.5	0	0	0	
19	1	5	58	474	1	400	0.01	0.0106573	0	0	0	
19	1	5	147	475	1	300	0.75	0.667714	0	0	0	
19	1	5	1	476	2	0	0.01	0	25	0	7.5	
19	1	5	196	477	1	200	0.6	0.5	0	0	0	
19	1	5	35	478	1	600	0.6	0.587041	0	0	0	
19	1	5	53	479	1	400	0.99	0.98722	0	0	0	
19	1	5	95	480	2	0	0.6	0	150	0	39	
19	1	5	103	481	2	0	0.6	0	150	100	109	
19	1	5	55	482	1	600	0.99	0.996773	0	0	0	
19	1	5	140	483	2	0	0.95	0	150	0	69	
19	1	5	322	484	1	300	0.95	0.898055	0	0	0	
19	1	5	143	485	1	400	0.6	0.5	0	0	0	
19	1	5	234	486	1	500	0.1	0.082838	0	0	0	
19	1	5	62	487	2	0	0.4	0	50	0	15	
19	1	5	160	488	2	0	0.99	0	75	50	63.5	
19	1	5	145	489	2	0	0.95	0	75	50	64.5	
19	1	5	189	490	1	500	0.4	0.367315	0	0	0	
19	1	5	236	491	1	200	0.25	0.445864	0	0	0	
19	1	5	306	492	1	200	0.6	0.532906	0	0	0	
19	1	5	3	493	2	0	0.01	0	75	0	10.5	
19	1	5	102	494	2	0	0.6	0	150	50	76	
19	1	5	296	495	1	200	0.4	0.455418	0	0	0	
19	2	1	204	1	1	500	0.75	0.786463	0	0	0	
19	2	1	152	2	1	300	0.9	0.906463	0	0	0	
19	2	1	157	3	2	0	0.99	0	400	0	232	
19	2	1	20	4	2	0	0.05	0	150	0	21	
19	2	1	52	5	2	0	0.25	0	400	0	24	
19	2	1	27	6	2	0	0.05	0	150	50	52	
19	2	1	101	7	1	200	0.95	0.995331	0	0	0	
19	2	1	221	8	1	200	0.01	0.0026652	0	0	0	
19	2	1	129	9	2	0	0.9	0	50	25	37.5	
19	2	1	115	10	1	600	0.01	0.0026254	0	0	0	
19	2	1	282	11	1	300	0.05	0.0118912	0	0	0	
19	2	1	202	12	1	300	0.75	0.697714	0	0	0	
19	2	1	156	13	1	200	0.95	0.965216	0	0	0	
19	2	1	42	14	1	300	0.9	0.956335	0	0	0	
19	2	1	128	15	2	0	0.9	0	800	0	208	
19	2	1	31	16	1	200	0.6	0.572282	0	0	0	
19	2	1	325	17	1	600	0.95	0.898192	0	0	0	
19	2	1	6	18	2	0	0.01	0	200	0	12	
19	2	1	113	19	1	400	0.01	0.00265193	0	0	0	
19	2	1	258	20	1	400	0.75	0.620536	0	0	0	
19	2	1	163	21	2	0	0.99	0	150	100	109	
19	2	1	262	22	1	300	0.9	0.921213	0	0	0	
19	2	1	4	23	2	0	0.01	0	100	0	10	
19	2	1	220	24	1	600	0.99	0.996291	0	0	0	
19	2	1	87	25	2	0	0.5	0	150	50	60	
19	2	1	171	26	1	200	0.05	0.144001	0	0	0	
19	2	1	306	27	1	200	0.6	0.507563	0	0	0	
19	2	1	259	28	1	500	0.75	0.611787	0	0	0	
19	2	1	315	29	1	600	0.75	0.796211	0	0	0	
19	2	1	1	30	1	200	0.01	0.0114799	0	0	0	
19	2	1	5	31	2	0	0.01	0	150	0	15	
19	2	1	114	32	1	500	0.01	0.00261655	0	0	0	
19	2	1	103	33	2	0	0.6	0	150	100	117	
19	2	1	94	34	1	500	0.75	0.595529	0	0	0	
19	2	1	208	35	1	400	0.9	0.817958	0	0	0	
19	2	1	86	36	2	0	0.5	0	100	50	67	
19	2	1	97	37	2	0	0.6	0	400	0	24	
19	2	1	223	38	1	400	0.01	0.0105025	0	0	0	
19	2	1	330	39	1	600	0.99	0.992947	0	0	0	
19	2	1	159	40	1	500	0.95	0.989741	0	0	0	
19	2	1	111	41	2	0	0.75	0	200	0	52	
19	2	1	111	42	1	200	0.01	0.0129616	0	0	0	
19	2	1	209	43	1	500	0.9	0.910386	0	0	0	
19	2	1	230	44	1	600	0.05	0.00798588	0	0	0	
19	2	1	6	45	1	200	0.05	0.0501444	0	0	0	
19	2	1	81	46	1	200	0.5	0.5	0	0	0	
19	2	1	213	47	1	400	0.95	0.806861	0	0	0	
19	2	1	117	48	2	0	0.75	0	150	50	80	
19	2	1	35	49	1	600	0.6	0.5	0	0	0	
19	2	1	147	50	1	300	0.75	0.553715	0	0	0	
19	2	1	286	51	1	200	0.1	0.0955581	0	0	0	
19	2	1	104	52	1	500	0.95	0.901439	0	0	0	
19	2	1	83	53	1	400	0.5	0.454427	0	0	0	
19	2	1	120	54	2	0	0.75	0	200	150	177	
19	2	1	216	55	1	200	0.99	0.792102	0	0	0	
19	2	1	76	56	2	0	0.5	0	25	0	8.5	
19	2	1	329	57	1	500	0.99	0.975928	0	0	0	
19	2	1	60	58	1	600	0.01	0.0114534	0	0	0	
19	2	1	1	59	2	0	0.01	0	25	0	4.5	
19	2	1	236	60	1	200	0.25	0.231852	0	0	0	
19	2	1	237	61	1	300	0.25	0.196929	0	0	0	
19	2	1	251	62	1	200	0.6	0.5	0	0	0	
19	2	1	141	63	2	0	0.95	0	200	0	60	
19	2	1	53	64	2	0	0.25	0	800	0	48	
19	2	1	123	65	2	0	0.9	0	75	0	37.5	
19	2	1	66	66	2	0	0.4	0	200	0	28	
19	2	1	198	67	1	400	0.6	0.5	0	0	0	
19	2	1	11	68	2	0	0.01	0	100	50	55	
19	2	1	75	69	2	0	0.4	0	200	150	157	
19	2	1	145	70	1	600	0.6	0.5	0	0	0	
19	2	1	134	71	1	500	0.4	0.439916	0	0	0	
19	2	1	197	72	1	300	0.6	0.5	0	0	0	
19	2	1	246	73	1	200	0.5	0.480084	0	0	0	
19	2	1	287	74	1	300	0.1	0.0751024	0	0	0	
19	2	1	5	75	1	600	0.01	0.00519064	0	0	0	
19	2	1	133	76	1	400	0.4	0.457886	0	0	0	
19	2	1	116	77	1	200	0.05	0.0653412	0	0	0	
19	2	1	95	78	2	0	0.6	0	150	0	21	
19	2	1	135	79	2	0	0.9	0	200	150	175	
19	2	1	203	80	1	400	0.75	0.6269	0	0	0	
19	2	1	93	81	1	400	0.75	0.5	0	0	0	
19	2	1	104	82	2	0	0.6	0	200	100	150	
19	2	1	192	83	1	300	0.5	0.46835	0	0	0	
19	2	1	138	84	1	400	0.5	0.479712	0	0	0	
19	2	1	194	85	1	500	0.5	0.498518	0	0	0	
19	2	1	319	86	1	500	0.9	0.85802	0	0	0	
19	2	1	294	87	1	500	0.25	0.201843	0	0	0	
19	2	1	146	88	2	0	0.95	0	100	50	67	
19	2	1	39	89	2	0	0.1	0	50	25	31.5	
19	2	1	119	90	2	0	0.75	0	200	100	130	
19	2	1	74	91	1	500	0.25	0.137518	0	0	0	
19	2	1	50	92	1	600	0.95	0.966357	0	0	0	
19	2	1	302	93	1	300	0.5	0.5	0	0	0	
19	2	1	190	94	1	600	0.4	0.396174	0	0	0	
19	2	1	43	95	2	0	0.1	0	150	100	125	
19	2	1	38	96	2	0	0.1	0	800	0	16	
19	2	1	279	97	1	500	0.01	0.00551793	0	0	0	
19	2	1	293	98	1	400	0.25	0.171923	0	0	0	
19	2	1	270	99	1	600	0.95	0.934181	0	0	0	
19	2	2	189	100	1	500	0.4	0.459354	0	0	0	
19	2	2	74	101	2	0	0.4	0	200	100	130	
19	2	2	255	102	1	600	0.6	0.5	0	0	0	
19	2	2	82	103	1	300	0.5	0.5	0	0	0	
19	2	2	91	104	2	0	0.6	0	25	0	7.5	
19	2	2	13	105	2	0	0.01	0	150	100	119	
19	2	2	51	106	2	0	0.25	0	200	0	20	
19	2	2	266	107	1	200	0.95	0.104289	0	0	0	
19	2	2	84	108	1	500	0.5	0.5	0	0	0	
19	2	2	167	109	1	300	0.01	0.0310023	0	0	0	
19	2	2	82	110	2	0	0.5	0	400	0	40	
19	2	2	134	111	2	0	0.9	0	200	100	118	
19	2	2	137	112	1	300	0.5	0.5	0	0	0	
19	2	2	199	113	1	500	0.6	0.5	0	0	0	
19	2	2	183	114	1	400	0.25	0.210048	0	0	0	
19	2	2	175	115	1	600	0.05	0.0712723	0	0	0	
19	2	2	217	116	1	300	0.99	0.972266	0	0	0	
19	2	2	289	117	1	500	0.1	0.073581	0	0	0	
19	2	2	109	118	1	500	0.99	0.985411	0	0	0	
19	2	2	14	119	2	0	0.01	0	200	100	130	
19	2	2	103	120	1	400	0.95	0.809705	0	0	0	
19	2	2	152	121	2	0	0.99	0	50	0	29	
19	2	2	15	122	2	0	0.01	0	200	150	159	
19	2	2	58	123	2	0	0.25	0	150	100	117	
19	2	2	160	124	1	600	0.95	0.963239	0	0	0	
19	2	2	41	125	1	200	0.9	0.900537	0	0	0	
19	2	2	63	126	2	0	0.4	0	75	0	16.5	
19	2	2	45	127	2	0	0.1	0	200	150	175	
19	2	2	36	128	2	0	0.1	0	200	0	28	
19	2	2	276	129	1	200	0.01	0.0752749	0	0	0	
19	2	2	33	130	2	0	0.1	0	75	0	10.5	
19	2	2	242	131	1	300	0.4	0.452485	0	0	0	
19	2	2	53	132	1	400	0.99	0.976578	0	0	0	
19	2	2	226	133	1	200	0.05	0.0585743	0	0	0	
19	2	2	126	134	1	200	0.25	0.431504	0	0	0	
19	2	2	155	135	1	600	0.9	0.927246	0	0	0	
19	2	2	177	136	1	300	0.1	0.07447	0	0	0	
19	2	2	63	137	1	400	0.05	0.0334039	0	0	0	
19	2	2	33	138	1	400	0.6	0.5	0	0	0	
19	2	2	79	139	2	0	0.5	0	100	0	30	
19	2	2	149	140	1	500	0.75	0.654176	0	0	0	
19	2	2	8	141	2	0	0.01	0	800	0	48	
19	2	2	67	142	1	300	0.1	0.0565	0	0	0	
19	2	2	76	143	1	200	0.4	0.463631	0	0	0	
19	2	2	281	144	1	200	0.05	0.105669	0	0	0	
19	2	2	42	145	2	0	0.1	0	150	50	76	
19	2	2	247	146	1	300	0.5	0.480305	0	0	0	
19	2	2	118	147	2	0	0.75	0	150	100	115	
19	2	2	200	148	1	600	0.6	0.5	0	0	0	
19	2	2	128	149	1	400	0.25	0.408766	0	0	0	
19	2	2	118	150	1	400	0.05	0.0837623	0	0	0	
19	2	2	69	151	2	0	0.4	0	50	25	34.5	
19	2	2	142	152	2	0	0.95	0	400	0	72	
19	2	2	96	153	1	200	0.9	0.815901	0	0	0	
19	2	2	81	154	2	0	0.5	0	200	0	28	
19	2	2	186	155	1	200	0.4	0.481526	0	0	0	
19	2	2	212	156	1	300	0.95	0.780625	0	0	0	
19	2	2	148	157	1	400	0.75	0.772982	0	0	0	
19	2	2	96	158	2	0	0.6	0	200	0	28	
19	2	2	98	159	2	0	0.6	0	800	0	80	
19	2	2	20	160	1	600	0.25	0.11045	0	0	0	
19	2	2	50	161	2	0	0.25	0	150	0	39	
19	2	2	4	162	1	500	0.01	0.0162079	0	0	0	
19	2	2	193	163	1	400	0.5	0.5	0	0	0	
19	2	2	22	164	1	300	0.4	0.419641	0	0	0	
19	2	2	160	165	2	0	0.99	0	75	50	64.5	
19	2	2	68	166	2	0	0.4	0	800	0	48	
19	2	2	153	167	1	400	0.9	0.871549	0	0	0	
19	2	2	70	168	2	0	0.4	0	75	50	57.5	
19	2	2	110	169	2	0	0.75	0	150	0	39	
19	2	2	43	170	1	400	0.9	0.894389	0	0	0	
19	2	2	245	171	1	600	0.4	0.462074	0	0	0	
19	2	2	326	172	1	200	0.99	0.879205	0	0	0	
19	2	2	180	173	1	600	0.1	0.0630369	0	0	0	
19	2	2	132	174	2	0	0.9	0	150	50	80	
19	2	2	179	175	1	500	0.1	0.0668052	0	0	0	
19	2	2	178	176	1	400	0.1	0.0537313	0	0	0	
19	2	2	105	177	2	0	0.6	0	200	150	169	
19	2	2	51	178	1	200	0.99	0.928657	0	0	0	
19	2	2	23	179	1	400	0.4	0.460725	0	0	0	
19	2	2	181	180	1	200	0.25	0.399358	0	0	0	
19	2	2	173	181	1	400	0.05	0.0733333	0	0	0	
19	2	2	130	182	1	600	0.25	0.371835	0	0	0	
19	2	2	224	183	1	500	0.01	0.00281116	0	0	0	
19	2	2	207	184	1	300	0.9	0.847162	0	0	0	
19	2	2	214	185	1	500	0.95	0.932209	0	0	0	
19	2	2	288	186	1	400	0.1	0.0731122	0	0	0	
19	2	2	80	187	2	0	0.5	0	150	0	39	
19	2	2	290	188	1	600	0.1	0.0497198	0	0	0	
19	2	2	106	189	1	200	0.99	0.962213	0	0	0	
19	2	2	72	190	1	300	0.25	0.429358	0	0	0	
19	2	2	77	191	1	300	0.4	0.41203	0	0	0	
19	2	2	211	192	1	200	0.95	0.6787	0	0	0	
19	2	2	131	193	1	200	0.4	0.471265	0	0	0	
19	2	2	231	194	1	200	0.1	0.0633686	0	0	0	
19	2	2	72	195	2	0	0.4	0	150	50	76	
19	2	2	249	196	1	500	0.5	0.5	0	0	0	
19	2	2	162	197	1	300	0.99	0.978149	0	0	0	
19	2	2	122	198	2	0	0.9	0	50	0	27	
19	2	3	106	199	2	0	0.75	0	25	0	14.5	
19	2	3	25	200	1	600	0.4	0.465489	0	0	0	
19	2	3	49	201	1	500	0.95	0.922934	0	0	0	
19	2	3	150	202	2	0	0.95	0	200	150	179	
19	2	3	154	203	1	500	0.9	0.854835	0	0	0	
19	2	3	48	204	2	0	0.25	0	75	0	19.5	
19	2	3	30	205	2	0	0.05	0	200	150	155	
19	2	3	8	206	1	400	0.05	0.0177161	0	0	0	
19	2	3	32	207	2	0	0.1	0	50	0	11	
19	2	3	170	208	1	600	0.01	0.00648653	0	0	0	
19	2	3	21	209	1	200	0.4	0.5	0	0	0	
19	2	3	65	210	1	600	0.05	0.0318382	0	0	0	
19	2	3	169	211	1	500	0.01	0.0251288	0	0	0	
19	2	3	235	212	1	600	0.1	0.11731	0	0	0	
19	2	3	292	213	1	300	0.25	0.0555712	0	0	0	
19	2	3	14	214	1	500	0.1	0.0993263	0	0	0	
19	2	3	64	215	1	500	0.05	0.0569511	0	0	0	
19	2	3	19	216	2	0	0.05	0	100	0	26	
19	2	3	73	217	2	0	0.4	0	150	100	125	
19	2	3	241	218	1	200	0.4	0.5	0	0	0	
19	2	3	256	219	1	200	0.75	0.841589	0	0	0	
19	2	3	18	220	2	0	0.05	0	75	0	16.5	
19	2	3	90	221	2	0	0.5	0	200	150	167	
19	2	3	3	222	1	400	0.01	0.0175657	0	0	0	
19	2	3	59	223	1	500	0.01	0.0191314	0	0	0	
19	2	3	90	224	1	600	0.6	0.5	0	0	0	
19	2	3	243	225	1	400	0.4	0.5	0	0	0	
19	2	3	27	226	1	300	0.5	0.5	0	0	0	
19	2	3	157	227	1	300	0.95	0.854256	0	0	0	
19	2	3	301	228	1	200	0.5	0.5	0	0	0	
19	2	3	28	229	1	400	0.5	0.543485	0	0	0	
19	2	3	144	230	1	500	0.6	0.7156	0	0	0	
19	2	3	130	231	2	0	0.9	0	75	50	62.5	
19	2	3	47	232	2	0	0.25	0	50	0	21	
19	2	3	112	233	1	300	0.01	0.0150845	0	0	0	
19	2	3	257	234	1	300	0.75	0.712217	0	0	0	
19	2	3	108	235	1	400	0.99	0.985168	0	0	0	
19	2	3	324	236	1	500	0.95	0.970121	0	0	0	
19	2	3	66	237	1	200	0.1	0.0871326	0	0	0	
19	2	3	126	238	2	0	0.9	0	200	0	36	
19	2	3	274	239	1	500	0.99	0.977025	0	0	0	
19	2	3	92	240	2	0	0.6	0	50	0	17	
19	2	3	15	241	1	600	0.1	0.0315684	0	0	0	
19	2	3	244	242	1	500	0.4	0.5	0	0	0	
19	2	3	65	243	2	0	0.4	0	150	0	21	
19	2	3	140	244	2	0	0.95	0	150	0	51	
19	2	3	11	245	1	200	0.1	0.09585	0	0	0	
19	2	3	17	246	2	0	0.05	0	50	0	15	
19	2	3	228	247	1	400	0.05	0.0424088	0	0	0	
19	2	3	148	248	2	0	0.95	0	150	100	109	
19	2	3	52	249	1	300	0.99	0.939984	0	0	0	
19	2	3	49	250	2	0	0.25	0	100	0	14	
19	2	3	143	251	1	400	0.6	0.5	0	0	0	
19	2	3	30	252	1	600	0.5	0.5	0	0	0	
19	2	3	129	253	1	500	0.25	0.453994	0	0	0	
19	2	3	314	254	1	500	0.75	0.594047	0	0	0	
19	2	3	26	255	1	200	0.5	0.48031	0	0	0	
19	2	3	139	256	1	500	0.5	0.5	0	0	0	
19	2	3	88	257	1	400	0.6	0.517634	0	0	0	
19	2	3	88	258	2	0	0.5	0	150	100	125	
19	2	3	172	259	1	300	0.05	0.0305954	0	0	0	
19	2	3	22	260	2	0	0.05	0	400	0	40	
19	2	3	101	261	2	0	0.6	0	100	50	57	
19	2	3	161	262	2	0	0.99	0	100	50	79	
19	2	3	56	263	1	200	0.01	0.0335101	0	0	0	
19	2	3	37	264	2	0	0.1	0	400	0	24	
19	2	3	58	265	1	400	0.01	0.0177515	0	0	0	
19	2	3	67	266	2	0	0.4	0	400	0	24	
19	2	3	165	267	1	600	0.99	0.986764	0	0	0	
19	2	3	234	268	1	500	0.1	0.0827451	0	0	0	
19	2	3	60	269	2	0	0.25	0	200	150	163	
19	2	3	272	270	1	300	0.99	0.861762	0	0	0	
19	2	3	138	271	2	0	0.95	0	75	0	37.5	
19	2	3	143	272	2	0	0.95	0	800	0	112	
19	2	3	25	273	2	0	0.05	0	75	50	57.5	
19	2	3	37	274	1	300	0.75	0.62575	0	0	0	
19	2	3	116	275	2	0	0.75	0	100	50	75	
19	2	3	137	276	2	0	0.95	0	50	0	25	
19	2	3	273	277	1	400	0.99	0.976468	0	0	0	
19	2	3	280	278	1	600	0.01	0.0138638	0	0	0	
19	2	3	318	279	1	400	0.9	0.781496	0	0	0	
19	2	3	122	280	1	300	0.1	0.086133	0	0	0	
19	2	3	232	281	1	300	0.1	0.100649	0	0	0	
19	2	3	133	282	2	0	0.9	0	150	100	127	
19	2	3	317	283	1	300	0.9	0.852164	0	0	0	
19	2	3	87	284	1	300	0.6	0.634521	0	0	0	
19	2	3	99	285	1	500	0.9	0.935305	0	0	0	
19	2	3	91	286	1	200	0.75	0.896481	0	0	0	
19	2	3	35	287	2	0	0.1	0	150	0	21	
19	2	3	38	288	1	400	0.75	0.636652	0	0	0	
19	2	3	125	289	1	600	0.1	0.0623381	0	0	0	
19	2	3	24	290	2	0	0.05	0	50	25	32.5	
19	2	3	313	291	1	400	0.75	0.901342	0	0	0	
19	2	3	269	292	1	500	0.95	0.961183	0	0	0	
19	2	3	141	293	1	200	0.6	0.55422	0	0	0	
19	2	3	168	294	1	400	0.01	0.0241292	0	0	0	
19	2	3	308	295	1	400	0.6	0.79189	0	0	0	
19	2	3	10	296	1	600	0.05	0.0778048	0	0	0	
19	2	3	68	297	1	400	0.1	0.0622718	0	0	0	
19	2	4	44	298	1	500	0.9	0.906675	0	0	0	
19	2	4	100	299	1	600	0.9	0.935756	0	0	0	
19	2	4	62	300	2	0	0.4	0	50	0	15	
19	2	4	54	301	2	0	0.25	0	50	25	29.5	
19	2	4	100	302	2	0	0.6	0	75	50	57.5	
19	2	4	26	303	2	0	0.05	0	100	50	63	
19	2	4	61	304	1	200	0.05	0.105333	0	0	0	
19	2	4	140	305	1	600	0.5	0.5	0	0	0	
19	2	4	229	306	1	500	0.05	0.0406043	0	0	0	
19	2	4	97	307	1	300	0.9	0.901496	0	0	0	
19	2	4	156	308	2	0	0.99	0	200	0	92	
19	2	4	46	309	2	0	0.25	0	25	0	11.5	
19	2	4	39	310	1	500	0.75	0.640208	0	0	0	
19	2	4	61	311	2	0	0.4	0	25	0	11.5	
19	2	4	327	312	1	300	0.99	0.967529	0	0	0	
19	2	4	55	313	2	0	0.25	0	75	50	54.5	
19	2	4	121	314	1	200	0.1	0.159362	0	0	0	
19	2	4	71	315	1	200	0.25	0.280428	0	0	0	
19	2	4	31	316	2	0	0.1	0	25	0	7.5	
19	2	4	131	317	2	0	0.9	0	100	50	67	
19	2	4	307	318	1	300	0.6	0.583216	0	0	0	
19	2	4	46	319	1	200	0.95	0.894424	0	0	0	
19	2	4	16	320	1	200	0.25	0.38881	0	0	0	
19	2	4	285	321	1	600	0.05	0.0900207	0	0	0	
19	2	4	29	322	2	0	0.05	0	200	100	110	
19	2	4	311	323	1	200	0.75	0.699872	0	0	0	
19	2	4	34	324	1	500	0.6	0.5	0	0	0	
19	2	4	215	325	1	600	0.95	0.933195	0	0	0	
19	2	4	32	326	1	300	0.6	0.848851	0	0	0	
19	2	4	12	327	2	0	0.01	0	150	50	60	
19	2	4	45	328	1	600	0.9	0.92603	0	0	0	
19	2	4	23	329	2	0	0.05	0	800	0	48	
19	2	4	12	330	1	300	0.1	0.0795695	0	0	0	
19	2	4	210	331	1	600	0.9	0.930913	0	0	0	
19	2	4	108	332	2	0	0.75	0	75	0	19.5	
19	2	4	13	333	1	400	0.1	0.0968186	0	0	0	
19	2	4	123	334	1	400	0.1	0.101662	0	0	0	
19	2	4	252	335	1	300	0.6	0.585993	0	0	0	
19	2	4	187	336	1	300	0.4	0.5	0	0	0	
19	2	4	322	337	1	300	0.95	0.899696	0	0	0	
19	2	4	57	338	2	0	0.25	0	150	50	76	
19	2	4	147	339	2	0	0.95	0	150	50	88	
19	2	4	113	340	2	0	0.75	0	800	0	80	
19	2	4	114	341	2	0	0.75	0	50	25	34.5	
19	2	4	300	342	1	600	0.4	0.484423	0	0	0	
19	2	4	188	343	1	400	0.4	0.48406	0	0	0	
19	2	4	248	344	1	400	0.5	0.5	0	0	0	
19	2	4	84	345	2	0	0.5	0	50	25	31.5	
19	2	4	254	346	1	500	0.6	0.630067	0	0	0	
19	2	4	117	347	1	300	0.05	0.0853767	0	0	0	
19	2	4	19	348	1	500	0.25	0.394909	0	0	0	
19	2	4	124	349	1	500	0.1	0.075872	0	0	0	
19	2	4	146	350	1	200	0.75	0.844672	0	0	0	
19	2	4	144	351	2	0	0.95	0	50	25	34.5	
19	2	4	312	352	1	300	0.75	0.900492	0	0	0	
19	2	4	85	353	1	600	0.5	0.5	0	0	0	
19	2	4	225	354	1	600	0.01	0.0143371	0	0	0	
19	2	4	164	355	1	500	0.99	0.987972	0	0	0	
19	2	4	166	356	1	200	0.01	0.0287732	0	0	0	
19	2	4	29	357	1	500	0.5	0.5	0	0	0	
19	2	4	233	358	1	400	0.1	0.0397374	0	0	0	
19	2	4	191	359	1	200	0.5	0.5	0	0	0	
19	2	4	250	360	1	600	0.5	0.5	0	0	0	
19	2	4	303	361	1	400	0.5	0.5	0	0	0	
19	2	4	150	362	1	600	0.75	0.941452	0	0	0	
19	2	4	59	363	2	0	0.25	0	200	100	118	
19	2	4	268	364	1	400	0.95	0.942213	0	0	0	
19	2	4	18	365	1	400	0.25	0.208261	0	0	0	
19	2	4	78	366	2	0	0.5	0	75	0	19.5	
19	2	4	107	367	1	300	0.99	0.932425	0	0	0	
19	2	4	79	368	1	500	0.4	0.470389	0	0	0	
19	2	4	218	369	1	400	0.99	0.944531	0	0	0	
19	2	4	86	370	1	200	0.6	0.606807	0	0	0	
19	2	4	102	371	2	0	0.6	0	150	50	80	
19	2	4	34	372	2	0	0.1	0	100	0	10	
19	2	4	2	373	1	300	0.01	0.018552	0	0	0	
19	2	4	227	374	1	300	0.05	0.0304052	0	0	0	
19	2	4	62	375	1	300	0.05	0.0270837	0	0	0	
19	2	4	107	376	2	0	0.75	0	50	0	25	
19	2	4	64	377	2	0	0.4	0	100	0	26	
19	2	4	264	378	1	500	0.9	0.931151	0	0	0	
19	2	4	151	379	2	0	0.99	0	25	0	17.5	
19	2	4	7	380	1	300	0.05	0.0264999	0	0	0	
19	2	4	73	381	1	400	0.25	0.23578	0	0	0	
19	2	4	93	382	2	0	0.6	0	75	0	25.5	
19	2	4	47	383	1	300	0.95	0.911983	0	0	0	
19	2	4	263	384	1	400	0.9	0.931072	0	0	0	
19	2	4	7	385	2	0	0.01	0	400	0	24	
19	2	4	297	386	1	300	0.4	0.45398	0	0	0	
19	2	4	196	387	1	200	0.6	0.591884	0	0	0	
19	2	4	70	388	1	600	0.1	0.0878225	0	0	0	
19	2	4	316	389	1	200	0.9	0.936127	0	0	0	
19	2	4	124	390	2	0	0.9	0	100	0	30	
19	2	4	185	391	1	600	0.25	0.269981	0	0	0	
19	2	4	102	392	1	300	0.95	0.919984	0	0	0	
19	2	4	162	393	2	0	0.99	0	150	50	80	
19	2	4	56	394	2	0	0.25	0	100	50	65	
19	2	4	77	395	2	0	0.5	0	50	0	15	
19	2	4	305	396	1	600	0.5	0.5	0	0	0	
19	2	5	275	397	1	600	0.99	0.987419	0	0	0	
19	2	5	48	398	1	400	0.95	0.959365	0	0	0	
19	2	5	135	399	1	600	0.4	0.588784	0	0	0	
19	2	5	278	400	1	400	0.01	0.0145582	0	0	0	
19	2	5	54	401	1	500	0.99	0.985986	0	0	0	
19	2	5	239	402	1	500	0.25	0.386338	0	0	0	
19	2	5	28	403	2	0	0.05	0	150	100	115	
19	2	5	142	404	1	300	0.6	0.476165	0	0	0	
19	2	5	176	405	1	200	0.1	0.173006	0	0	0	
19	2	5	320	406	1	600	0.9	0.941222	0	0	0	
19	2	5	136	407	2	0	0.95	0	25	0	14.5	
19	2	5	240	408	1	600	0.25	0.816489	0	0	0	
19	2	5	55	409	1	600	0.99	0.932191	0	0	0	
19	2	5	89	410	1	500	0.6	0.474591	0	0	0	
19	2	5	182	411	1	300	0.25	0.468098	0	0	0	
19	2	5	328	412	1	400	0.99	0.988268	0	0	0	
19	2	5	298	413	1	400	0.4	0.495493	0	0	0	
19	2	5	219	414	1	500	0.99	0.991236	0	0	0	
19	2	5	253	415	1	400	0.6	0.5	0	0	0	
19	2	5	57	416	1	300	0.01	0.0153411	0	0	0	
19	2	5	201	417	1	200	0.75	0.577917	0	0	0	
19	2	5	120	418	1	600	0.05	0.0153278	0	0	0	
19	2	5	284	419	1	500	0.05	0.0148501	0	0	0	
19	2	5	9	420	2	0	0.01	0	50	25	26.5	
19	2	5	95	421	1	600	0.75	0.72411	0	0	0	
19	2	5	165	422	2	0	0.99	0	200	150	159	
19	2	5	92	423	1	300	0.75	0.602535	0	0	0	
19	2	5	125	424	2	0	0.9	0	150	0	51	
19	2	5	161	425	1	200	0.99	0.902434	0	0	0	
19	2	5	260	426	1	600	0.75	0.926702	0	0	0	
19	2	5	2	427	2	0	0.01	0	50	0	7	
19	2	5	127	428	1	300	0.25	0.44134	0	0	0	
19	2	5	296	429	1	200	0.4	0.5	0	0	0	
19	2	5	44	430	2	0	0.1	0	200	100	114	
19	2	5	127	431	2	0	0.9	0	400	0	56	
19	2	5	174	432	1	500	0.05	0.0422142	0	0	0	
19	2	5	89	433	2	0	0.5	0	200	100	134	
19	2	5	153	434	2	0	0.99	0	75	0	40.5	
19	2	5	271	435	1	200	0.99	0.913619	0	0	0	
19	2	5	94	436	2	0	0.6	0	100	0	26	
19	2	5	310	437	1	600	0.6	0.590894	0	0	0	
19	2	5	121	438	2	0	0.9	0	25	0	12.5	
19	2	5	265	439	1	600	0.9	0.928896	0	0	0	
19	2	5	69	440	1	500	0.1	0.078623	0	0	0	
19	2	5	132	441	1	300	0.4	0.481796	0	0	0	
19	2	5	75	442	1	600	0.25	0.30417	0	0	0	
19	2	5	164	443	2	0	0.99	0	200	100	134	
19	2	5	205	444	1	600	0.75	0.906158	0	0	0	
19	2	5	78	445	1	400	0.4	0.439075	0	0	0	
19	2	5	112	446	2	0	0.75	0	400	0	88	
19	2	5	283	447	1	400	0.05	0.0421965	0	0	0	
19	2	5	238	448	1	400	0.25	0.477735	0	0	0	
19	2	5	291	449	1	200	0.25	0.434418	0	0	0	
19	2	5	17	450	1	300	0.25	0.361561	0	0	0	
19	2	5	80	451	1	600	0.4	0.5	0	0	0	
19	2	5	16	452	2	0	0.05	0	25	0	5.5	
19	2	5	163	453	1	400	0.99	0.983093	0	0	0	
19	2	5	40	454	1	600	0.75	0.854044	0	0	0	
19	2	5	83	455	2	0	0.5	0	800	0	48	
19	2	5	277	456	1	300	0.01	0.019901	0	0	0	
19	2	5	195	457	1	600	0.5	0.488107	0	0	0	
19	2	5	321	458	1	200	0.95	0.893004	0	0	0	
19	2	5	136	459	1	200	0.5	0.5	0	0	0	
19	2	5	145	460	2	0	0.95	0	75	50	58.5	
19	2	5	261	461	1	200	0.9	0.893438	0	0	0	
19	2	5	98	462	1	400	0.9	0.911908	0	0	0	
19	2	5	309	463	1	500	0.6	0.5	0	0	0	
19	2	5	267	464	1	300	0.95	0.956866	0	0	0	
19	2	5	222	465	1	300	0.01	0.0444035	0	0	0	
19	2	5	41	466	2	0	0.1	0	100	50	65	
19	2	5	24	467	1	500	0.4	0.471265	0	0	0	
19	2	5	159	468	2	0	0.99	0	50	25	34.5	
19	2	5	105	469	1	600	0.95	0.983416	0	0	0	
19	2	5	21	470	2	0	0.05	0	200	0	12	
19	2	5	10	471	2	0	0.01	0	75	50	55.5	
19	2	5	154	472	2	0	0.99	0	100	0	50	
19	2	5	110	473	1	600	0.99	0.9868	0	0	0	
19	2	5	36	474	1	200	0.75	0.721536	0	0	0	
19	2	5	3	475	2	0	0.01	0	75	0	4.5	
19	2	5	155	476	2	0	0.99	0	150	0	69	
19	2	5	40	477	2	0	0.1	0	75	50	54.5	
19	2	5	158	478	1	400	0.95	0.901001	0	0	0	
19	2	5	139	479	2	0	0.95	0	100	0	46	
19	2	5	119	480	1	500	0.05	0.0244433	0	0	0	
19	2	5	295	481	1	600	0.25	0.403069	0	0	0	
19	2	5	115	482	2	0	0.75	0	75	50	64.5	
19	2	5	206	483	1	200	0.9	0.795176	0	0	0	
19	2	5	151	484	1	200	0.9	0.905831	0	0	0	
19	2	5	323	485	1	400	0.95	0.968224	0	0	0	
19	2	5	299	486	1	500	0.4	0.46586	0	0	0	
19	2	5	304	487	1	500	0.5	0.5	0	0	0	
19	2	5	184	488	1	500	0.25	0.318827	0	0	0	
19	2	5	158	489	2	0	0.99	0	800	0	208	
19	2	5	109	490	2	0	0.75	0	100	0	34	
19	2	5	149	491	2	0	0.95	0	200	100	150	
19	2	5	99	492	2	0	0.6	0	50	25	34.5	
19	2	5	85	493	2	0	0.5	0	75	50	58.5	
19	2	5	71	494	2	0	0.4	0	100	50	55	
19	2	5	9	495	1	500	0.05	0.0291049	0	0	0	
