Subject#	Session#	Block#	Stim#	Trial#	Task	Numerosity	P_true	P_reported	x1	x2	CE	
12	1	1	29	1	2	0	0.05	0	200	100	134	
12	1	1	256	2	1	200	0.75	0.772801	0	0	0	
12	1	1	160	3	2	0	0.99	0	75	50	69.5	
12	1	1	231	4	1	200	0.1	0.246306	0	0	0	
12	1	1	191	5	1	200	0.5	0.591287	0	0	0	
12	1	1	41	6	2	0	0.1	0	100	50	65	
12	1	1	90	7	1	600	0.6	0.725034	0	0	0	
12	1	1	329	8	1	500	0.99	0.989343	0	0	0	
12	1	1	281	9	1	200	0.05	0.147588	0	0	0	
12	1	1	83	10	2	0	0.5	0	800	0	400	
12	1	1	187	11	1	300	0.4	0.6433	0	0	0	
12	1	1	122	12	1	300	0.1	0.370499	0	0	0	
12	1	1	66	13	2	0	0.4	0	200	0	76	
12	1	1	276	14	1	200	0.01	0.988281	0	0	0	
12	1	1	86	15	1	200	0.6	0.626316	0	0	0	
12	1	1	78	16	2	0	0.5	0	75	0	52.5	
12	1	1	123	17	1	400	0.1	0.24949	0	0	0	
12	1	1	142	18	1	300	0.6	0.72185	0	0	0	
12	1	1	133	19	2	0	0.9	0	150	100	135	
12	1	1	289	20	1	500	0.1	0.204908	0	0	0	
12	1	1	106	21	2	0	0.75	0	25	0	14.5	
12	1	1	35	22	2	0	0.1	0	150	0	51	
12	1	1	64	23	1	500	0.05	0.170941	0	0	0	
12	1	1	268	24	1	400	0.95	0.940515	0	0	0	
12	1	1	119	25	2	0	0.75	0	200	100	138	
12	1	1	1	26	2	0	0.01	0	25	0	9.5	
12	1	1	120	27	1	600	0.05	0.114682	0	0	0	
12	1	1	199	28	1	500	0.6	0.565812	0	0	0	
12	1	1	293	29	1	400	0.25	0.444803	0	0	0	
12	1	1	185	30	1	600	0.25	0.470279	0	0	0	
12	1	1	135	31	2	0	0.9	0	200	150	189	
12	1	1	167	32	1	300	0.01	0.0265795	0	0	0	
12	1	1	94	33	2	0	0.6	0	100	0	54	
12	1	1	200	34	1	600	0.6	0.798276	0	0	0	
12	1	1	32	35	1	300	0.6	0.726095	0	0	0	
12	1	1	22	36	1	300	0.4	0.532906	0	0	0	
12	1	1	212	37	1	300	0.95	0.889564	0	0	0	
12	1	1	109	38	1	500	0.99	0.980851	0	0	0	
12	1	1	46	39	2	0	0.25	0	25	0	14.5	
12	1	1	229	40	1	500	0.05	0.0573624	0	0	0	
12	1	1	227	41	1	300	0.05	0.123174	0	0	0	
12	1	1	275	42	1	600	0.99	0.957498	0	0	0	
12	1	1	209	43	1	500	0.9	0.825875	0	0	0	
12	1	1	28	44	2	0	0.05	0	150	100	129	
12	1	1	206	45	1	200	0.9	0.714419	0	0	0	
12	1	1	93	46	2	0	0.6	0	75	0	43.5	
12	1	1	107	47	1	300	0.99	0.894871	0	0	0	
12	1	1	111	48	2	0	0.75	0	200	0	108	
12	1	1	60	49	2	0	0.25	0	200	150	177	
12	1	1	282	50	1	300	0.05	0.152896	0	0	0	
12	1	1	291	51	1	200	0.25	0.436311	0	0	0	
12	1	1	184	52	1	500	0.25	0.444803	0	0	0	
12	1	1	287	53	1	300	0.1	0.357762	0	0	0	
12	1	1	112	54	1	300	0.01	0.0701002	0	0	0	
12	1	1	28	55	1	400	0.5	0.570058	0	0	0	
12	1	1	190	56	1	600	0.4	0.565812	0	0	0	
12	1	1	73	57	1	400	0.25	0.455418	0	0	0	
12	1	1	218	58	1	400	0.99	0.90124	0	0	0	
12	1	1	21	59	1	200	0.4	0.699558	0	0	0	
12	1	1	134	60	2	0	0.9	0	200	100	158	
12	1	1	248	61	1	400	0.5	0.546705	0	0	0	
12	1	1	55	62	1	600	0.99	0.938392	0	0	0	
12	1	1	75	63	1	600	0.25	0.455418	0	0	0	
12	1	1	299	64	1	500	0.4	0.5	0	0	0	
12	1	1	15	65	1	600	0.1	0.340778	0	0	0	
12	1	1	132	66	2	0	0.9	0	150	50	104	
12	1	1	285	67	1	600	0.05	0.141219	0	0	0	
12	1	1	161	68	2	0	0.99	0	100	50	91	
12	1	1	98	69	2	0	0.6	0	800	0	432	
12	1	1	233	70	1	400	0.1	0.296196	0	0	0	
12	1	1	193	71	1	400	0.5	0.47877	0	0	0	
12	1	1	258	72	1	400	0.75	0.832244	0	0	0	
12	1	1	176	73	1	200	0.1	0.331225	0	0	0	
12	1	1	139	74	2	0	0.95	0	100	0	78	
12	1	1	106	75	1	200	0.99	0.921408	0	0	0	
12	1	1	19	76	2	0	0.05	0	100	0	38	
12	1	1	135	77	1	600	0.4	0.494693	0	0	0	
12	1	1	78	78	1	400	0.4	0.613578	0	0	0	
12	1	1	327	79	1	300	0.99	0.943699	0	0	0	
12	1	1	21	80	2	0	0.05	0	200	0	52	
12	1	1	286	81	1	200	0.1	0.311056	0	0	0	
12	1	1	48	82	2	0	0.25	0	75	0	40.5	
12	1	1	219	83	1	500	0.99	0.939453	0	0	0	
12	1	1	125	84	2	0	0.9	0	150	0	117	
12	1	1	150	85	1	600	0.75	0.799338	0	0	0	
12	1	1	189	86	1	500	0.4	0.600841	0	0	0	
12	1	1	42	87	1	300	0.9	0.808891	0	0	0	
12	1	1	22	88	2	0	0.05	0	400	0	104	
12	1	1	159	89	1	500	0.95	0.861965	0	0	0	
12	1	1	51	90	2	0	0.25	0	200	0	92	
12	1	1	168	91	1	400	0.01	0.0754076	0	0	0	
12	1	1	116	92	2	0	0.75	0	100	50	79	
12	1	1	153	93	1	400	0.9	0.881072	0	0	0	
12	1	1	208	94	1	400	0.9	0.932023	0	0	0	
12	1	1	284	95	1	500	0.05	0.112559	0	0	0	
12	1	1	62	96	2	0	0.4	0	50	0	29	
12	1	1	150	97	2	0	0.95	0	200	150	179	
12	1	1	140	98	1	600	0.5	0.779169	0	0	0	
12	1	1	43	99	2	0	0.1	0	150	100	109	
12	1	2	52	100	1	300	0.99	0.947945	0	0	0	
12	1	2	118	101	1	400	0.05	0.875764	0	0	0	
12	1	2	156	102	1	200	0.95	0.933084	0	0	0	
12	1	2	217	103	1	300	0.99	0.964929	0	0	0	
12	1	2	80	104	2	0	0.5	0	150	0	87	
12	1	2	157	105	1	300	0.95	0.890625	0	0	0	
12	1	2	70	106	2	0	0.4	0	75	50	64.5	
12	1	2	54	107	2	0	0.25	0	50	25	39.5	
12	1	2	141	108	1	200	0.6	0.702743	0	0	0	
12	1	2	152	109	2	0	0.99	0	50	0	39	
12	1	2	300	110	1	600	0.4	0.432065	0	0	0	
12	1	2	147	111	1	300	0.75	0.674083	0	0	0	
12	1	2	273	112	1	400	0.99	0.947945	0	0	0	
12	1	2	266	113	1	200	0.95	0.973421	0	0	0	
12	1	2	44	114	1	500	0.9	0.760063	0	0	0	
12	1	2	53	115	1	400	0.99	0.947945	0	0	0	
12	1	2	11	116	2	0	0.01	0	100	50	69	
12	1	2	325	117	1	600	0.95	0.865149	0	0	0	
12	1	2	232	118	1	300	0.1	0.20597	0	0	0	
12	1	2	207	119	1	300	0.9	0.417204	0	0	0	
12	1	2	133	120	1	400	0.4	0.41402	0	0	0	
12	1	2	317	121	1	300	0.9	0.720788	0	0	0	
12	1	2	91	122	1	200	0.75	0.649669	0	0	0	
12	1	2	66	123	1	200	0.1	0.350331	0	0	0	
12	1	2	226	124	1	200	0.05	0.0817765	0	0	0	
12	1	2	250	125	1	600	0.5	0.666653	0	0	0	
12	1	2	216	126	1	200	0.99	0.900178	0	0	0	
12	1	2	14	127	1	500	0.1	0.524414	0	0	0	
12	1	2	260	128	1	600	0.75	0.858781	0	0	0	
12	1	2	295	129	1	600	0.25	0.212339	0	0	0	
12	1	2	68	130	1	400	0.1	0.24949	0	0	0	
12	1	2	108	131	1	400	0.99	0.930961	0	0	0	
12	1	2	138	132	2	0	0.95	0	75	0	55.5	
12	1	2	330	133	1	600	0.99	0.945822	0	0	0	
12	1	2	328	134	1	400	0.99	0.972359	0	0	0	
12	1	2	34	135	2	0	0.1	0	100	0	50	
12	1	2	40	136	2	0	0.1	0	75	50	64.5	
12	1	2	100	137	2	0	0.6	0	75	50	67.5	
12	1	2	19	138	1	500	0.25	0.466033	0	0	0	
12	1	2	181	139	1	200	0.25	0.470279	0	0	0	
12	1	2	35	140	1	600	0.6	0.466033	0	0	0	
12	1	2	125	141	1	600	0.1	0.284519	0	0	0	
12	1	2	262	142	1	300	0.9	0.738833	0	0	0	
12	1	2	147	143	2	0	0.95	0	150	50	104	
12	1	2	254	144	1	500	0.6	0.53609	0	0	0	
12	1	2	198	145	1	400	0.6	0.592349	0	0	0	
12	1	2	6	146	2	0	0.01	0	200	0	44	
12	1	2	172	147	1	300	0.05	0.161388	0	0	0	
12	1	2	169	148	1	500	0.01	0.082838	0	0	0	
12	1	2	8	149	1	400	0.05	0.190048	0	0	0	
12	1	2	76	150	2	0	0.5	0	25	0	17.5	
12	1	2	230	151	1	600	0.05	0.101945	0	0	0	
12	1	2	148	152	2	0	0.95	0	150	100	129	
12	1	2	12	153	1	300	0.1	0.172002	0	0	0	
12	1	2	74	154	2	0	0.4	0	200	100	158	
12	1	2	242	155	1	300	0.4	0.505307	0	0	0	
12	1	2	89	156	1	500	0.6	0.598718	0	0	0	
12	1	2	63	157	2	0	0.4	0	75	0	43.5	
12	1	2	313	158	1	400	0.75	0.780231	0	0	0	
12	1	2	68	159	2	0	0.4	0	800	0	304	
12	1	2	60	160	1	600	0.01	0.0467476	0	0	0	
12	1	2	56	161	2	0	0.25	0	100	50	69	
12	1	2	33	162	2	0	0.1	0	75	0	28.5	
12	1	2	129	163	2	0	0.9	0	50	25	38.5	
12	1	2	40	164	1	600	0.75	0.804645	0	0	0	
12	1	2	13	165	1	400	0.1	0.382176	0	0	0	
12	1	2	127	166	2	0	0.9	0	400	0	296	
12	1	2	210	167	1	600	0.9	0.886379	0	0	0	
12	1	2	128	168	2	0	0.9	0	800	0	624	
12	1	2	118	169	2	0	0.75	0	150	100	137	
12	1	2	271	170	1	200	0.99	0.90867	0	0	0	
12	1	2	296	171	1	200	0.4	0.589164	0	0	0	
12	1	2	129	172	1	500	0.25	0.411897	0	0	0	
12	1	2	33	173	1	400	0.6	0.646484	0	0	0	
12	1	2	23	174	1	400	0.4	0.606148	0	0	0	
12	1	2	71	175	2	0	0.4	0	100	50	77	
12	1	2	9	176	2	0	0.01	0	50	25	29.5	
12	1	2	316	177	1	200	0.9	0.864088	0	0	0	
12	1	2	113	178	2	0	0.75	0	800	0	464	
12	1	2	26	179	1	200	0.5	0.63587	0	0	0	
12	1	2	88	180	1	400	0.6	0.690005	0	0	0	
12	1	2	124	181	1	500	0.1	0.271782	0	0	0	
12	1	2	20	182	1	600	0.25	0.440557	0	0	0	
12	1	2	75	183	2	0	0.4	0	200	150	179	
12	1	2	177	184	1	300	0.1	0.325917	0	0	0	
12	1	2	109	185	2	0	0.75	0	100	0	58	
12	1	2	13	186	2	0	0.01	0	150	100	109	
12	1	2	20	187	2	0	0.05	0	150	0	45	
12	1	2	77	188	1	300	0.4	0.601902	0	0	0	
12	1	2	245	189	1	600	0.4	0.595533	0	0	0	
12	1	2	91	190	2	0	0.6	0	25	0	16.5	
12	1	2	154	191	1	500	0.9	0.881072	0	0	0	
12	1	2	2	192	2	0	0.01	0	50	0	19	
12	1	2	4	193	1	500	0.01	0.0722232	0	0	0	
12	1	2	274	194	1	500	0.99	0.953252	0	0	0	
12	1	2	314	195	1	500	0.75	0.732464	0	0	0	
12	1	2	7	196	2	0	0.01	0	400	0	56	
12	1	2	49	197	2	0	0.25	0	100	0	58	
12	1	2	3	198	1	400	0.01	0.113621	0	0	0	
12	1	3	154	199	2	0	0.99	0	100	0	78	
12	1	3	100	200	1	600	0.9	0.890625	0	0	0	
12	1	3	222	201	1	300	0.01	0.0658543	0	0	0	
12	1	3	131	202	1	200	0.4	0.621009	0	0	0	
12	1	3	72	203	2	0	0.4	0	150	50	88	
12	1	3	322	204	1	300	0.95	0.673021	0	0	0	
12	1	3	16	205	1	200	0.25	0.533967	0	0	0	
12	1	3	162	206	1	300	0.99	0.906547	0	0	0	
12	1	3	55	207	2	0	0.25	0	75	50	67.5	
12	1	3	79	208	2	0	0.5	0	100	0	58	
12	1	3	108	209	2	0	0.75	0	75	0	43.5	
12	1	3	69	210	2	0	0.4	0	50	25	38.5	
12	1	3	146	211	1	200	0.75	0.698497	0	0	0	
12	1	3	32	212	2	0	0.1	0	50	0	19	
12	1	3	27	213	2	0	0.05	0	150	50	88	
12	1	3	228	214	1	400	0.05	0.0838995	0	0	0	
12	1	3	65	215	1	600	0.05	0.0892069	0	0	0	
12	1	3	173	216	1	400	0.05	0.158203	0	0	0	
12	1	3	320	217	1	600	0.9	0.84392	0	0	0	
12	1	3	243	218	1	400	0.4	0.739895	0	0	0	
12	1	3	117	219	2	0	0.75	0	150	50	104	
12	1	3	277	220	1	300	0.01	0.0998217	0	0	0	
12	1	3	237	221	1	300	0.25	0.161388	0	0	0	
12	1	3	301	222	1	200	0.5	0.755817	0	0	0	
12	1	3	115	223	2	0	0.75	0	75	50	64.5	
12	1	3	79	224	1	500	0.4	0.525476	0	0	0	
12	1	3	17	225	1	300	0.25	0.5	0	0	0	
12	1	3	94	226	1	500	0.75	0.656038	0	0	0	
12	1	3	279	227	1	500	0.01	0.0488706	0	0	0	
12	1	3	151	228	2	0	0.99	0	25	0	19.5	
12	1	3	143	229	2	0	0.95	0	800	0	624	
12	1	3	98	230	1	400	0.9	0.916101	0	0	0	
12	1	3	63	231	1	400	0.05	0.0754076	0	0	0	
12	1	3	192	232	1	300	0.5	0.742018	0	0	0	
12	1	3	323	233	1	400	0.95	0.924592	0	0	0	
12	1	3	87	234	2	0	0.5	0	150	50	108	
12	1	3	156	235	2	0	0.99	0	200	0	156	
12	1	3	204	236	1	500	0.75	0.81526	0	0	0	
12	1	3	136	237	2	0	0.95	0	25	0	19.5	
12	1	3	31	238	1	200	0.6	0.606148	0	0	0	
12	1	3	9	239	1	500	0.05	0.103006	0	0	0	
12	1	3	270	240	1	600	0.95	0.899117	0	0	0	
12	1	3	48	241	1	400	0.95	0.903363	0	0	0	
12	1	3	24	242	1	500	0.4	0.431004	0	0	0	
12	1	3	85	243	1	600	0.5	0.670898	0	0	0	
12	1	3	197	244	1	300	0.6	0.732464	0	0	0	
12	1	3	57	245	1	300	0.01	0.0467476	0	0	0	
12	1	3	152	246	1	300	0.9	0.890625	0	0	0	
12	1	3	144	247	1	500	0.6	0.857719	0	0	0	
12	1	3	72	248	1	300	0.25	0.44268	0	0	0	
12	1	3	126	249	1	200	0.25	0.464971	0	0	0	
12	1	3	312	250	1	300	0.75	0.663468	0	0	0	
12	1	3	128	251	1	400	0.25	0.305749	0	0	0	
12	1	3	39	252	2	0	0.1	0	50	25	34.5	
12	1	3	83	253	1	400	0.5	0.605087	0	0	0	
12	1	3	247	254	1	300	0.5	0.598718	0	0	0	
12	1	3	103	255	2	0	0.6	0	150	100	129	
12	1	3	130	256	1	600	0.25	0.391729	0	0	0	
12	1	3	236	257	1	200	0.25	0.362007	0	0	0	
12	1	3	269	258	1	500	0.95	0.761124	0	0	0	
12	1	3	259	259	1	500	0.75	0.771739	0	0	0	
12	1	3	166	260	1	200	0.01	0.0637313	0	0	0	
12	1	3	87	261	1	300	0.6	0.673021	0	0	0	
12	1	3	3	262	2	0	0.01	0	75	0	25.5	
12	1	3	112	263	2	0	0.75	0	400	0	312	
12	1	3	67	264	1	300	0.1	0.218708	0	0	0	
12	1	3	41	265	1	200	0.9	0.75794	0	0	0	
12	1	3	7	266	1	300	0.05	0.100883	0	0	0	
12	1	3	23	267	2	0	0.05	0	800	0	272	
12	1	3	162	268	2	0	0.99	0	150	50	108	
12	1	3	104	269	2	0	0.6	0	200	100	158	
12	1	3	137	270	2	0	0.95	0	50	0	39	
12	1	3	53	271	2	0	0.25	0	800	0	304	
12	1	3	149	272	2	0	0.95	0	200	100	154	
12	1	3	140	273	2	0	0.95	0	150	0	111	
12	1	3	163	274	2	0	0.99	0	150	100	137	
12	1	3	80	275	1	600	0.4	0.691067	0	0	0	
12	1	3	90	276	2	0	0.5	0	200	150	179	
12	1	3	74	277	1	500	0.25	0.407651	0	0	0	
12	1	3	201	278	1	200	0.75	0.617824	0	0	0	
12	1	3	104	279	1	500	0.95	0.871518	0	0	0	
12	1	3	47	280	1	300	0.95	0.928838	0	0	0	
12	1	3	235	281	1	600	0.1	0.141219	0	0	0	
12	1	3	149	282	1	500	0.75	0.796153	0	0	0	
12	1	3	202	283	1	300	0.75	0.764309	0	0	0	
12	1	3	141	284	2	0	0.95	0	200	0	156	
12	1	3	240	285	1	600	0.25	0.405528	0	0	0	
12	1	3	170	286	1	600	0.01	0.0637313	0	0	0	
12	1	3	303	287	1	400	0.5	0.455418	0	0	0	
12	1	3	298	288	1	400	0.4	0.45011	0	0	0	
12	1	3	139	289	1	500	0.5	0.65073	0	0	0	
12	1	3	11	290	1	200	0.1	0.108314	0	0	0	
12	1	3	203	291	1	400	0.75	0.834367	0	0	0	
12	1	3	17	292	2	0	0.05	0	50	0	19	
12	1	3	213	293	1	400	0.95	0.498939	0	0	0	
12	1	3	86	294	2	0	0.5	0	100	50	79	
12	1	3	145	295	2	0	0.95	0	75	50	69.5	
12	1	3	158	296	2	0	0.99	0	800	0	624	
12	1	3	183	297	1	400	0.25	0.405528	0	0	0	
12	1	4	321	298	1	200	0.95	0.863026	0	0	0	
12	1	4	97	299	2	0	0.6	0	400	0	264	
12	1	4	92	300	2	0	0.6	0	50	0	29	
12	1	4	194	301	1	500	0.5	0.737772	0	0	0	
12	1	4	93	302	1	400	0.75	0.836489	0	0	0	
12	1	4	182	303	1	300	0.25	0.449049	0	0	0	
12	1	4	119	304	1	500	0.05	0.0785921	0	0	0	
12	1	4	308	305	1	400	0.6	0.759001	0	0	0	
12	1	4	148	306	1	400	0.75	0.867272	0	0	0	
12	1	4	58	307	1	400	0.01	0.0446247	0	0	0	
12	1	4	251	308	1	200	0.6	0.669837	0	0	0	
12	1	4	146	309	2	0	0.95	0	100	50	77	
12	1	4	161	310	1	200	0.99	0.947945	0	0	0	
12	1	4	59	311	2	0	0.25	0	200	100	158	
12	1	4	50	312	1	600	0.95	0.930961	0	0	0	
12	1	4	195	313	1	600	0.5	0.5	0	0	0	
12	1	4	134	314	1	500	0.4	0.5	0	0	0	
12	1	4	290	315	1	600	0.1	0.262228	0	0	0	
12	1	4	239	316	1	500	0.25	0.423573	0	0	0	
12	1	4	272	317	1	300	0.99	0.95856	0	0	0	
12	1	4	153	318	2	0	0.99	0	75	0	58.5	
12	1	4	223	319	1	400	0.01	0.0690387	0	0	0	
12	1	4	52	320	2	0	0.25	0	400	0	232	
12	1	4	324	321	1	500	0.95	0.876826	0	0	0	
12	1	4	61	322	2	0	0.4	0	25	0	14.5	
12	1	4	101	323	2	0	0.6	0	100	50	77	
12	1	4	27	324	1	300	0.5	0.542459	0	0	0	
12	1	4	71	325	1	200	0.25	0.447987	0	0	0	
12	1	4	131	326	2	0	0.9	0	100	50	87	
12	1	4	121	327	1	200	0.1	0.260105	0	0	0	
12	1	4	224	328	1	500	0.01	0.023395	0	0	0	
12	1	4	215	329	1	600	0.95	0.896994	0	0	0	
12	1	4	102	330	1	300	0.95	0.865149	0	0	0	
12	1	4	144	331	2	0	0.95	0	50	25	44.5	
12	1	4	165	332	1	600	0.99	0.947945	0	0	0	
12	1	4	110	333	1	600	0.99	0.941576	0	0	0	
12	1	4	175	334	1	600	0.05	0.0658543	0	0	0	
12	1	4	292	335	1	300	0.25	0.468156	0	0	0	
12	1	4	238	336	1	400	0.25	0.403405	0	0	0	
12	1	4	302	337	1	300	0.5	0.5	0	0	0	
12	1	4	96	338	2	0	0.6	0	200	0	116	
12	1	4	196	339	1	200	0.6	0.591287	0	0	0	
12	1	4	59	340	1	500	0.01	0.0361328	0	0	0	
12	1	4	261	341	1	200	0.9	0.934146	0	0	0	
12	1	4	37	342	1	300	0.75	0.867272	0	0	0	
12	1	4	214	343	1	500	0.95	0.90124	0	0	0	
12	1	4	51	344	1	200	0.99	0.984035	0	0	0	
12	1	4	45	345	1	600	0.9	0.928838	0	0	0	
12	1	4	88	346	2	0	0.5	0	150	100	137	
12	1	4	155	347	2	0	0.99	0	150	0	117	
12	1	4	155	348	1	600	0.9	0.891686	0	0	0	
12	1	4	121	349	2	0	0.9	0	25	0	19.5	
12	1	4	73	350	2	0	0.4	0	150	100	129	
12	1	4	255	351	1	600	0.6	0.5	0	0	0	
12	1	4	130	352	2	0	0.9	0	75	50	68.5	
12	1	4	107	353	2	0	0.75	0	50	0	39	
12	1	4	163	354	1	400	0.99	0.886379	0	0	0	
12	1	4	99	355	2	0	0.6	0	50	25	38.5	
12	1	4	64	356	2	0	0.4	0	100	0	54	
12	1	4	31	357	2	0	0.1	0	25	0	14.5	
12	1	4	95	358	1	600	0.75	0.844981	0	0	0	
12	1	4	30	359	1	600	0.5	0.702743	0	0	0	
12	1	4	77	360	2	0	0.5	0	50	0	29	
12	1	4	188	361	1	400	0.4	0.418266	0	0	0	
12	1	4	137	362	1	300	0.5	0.618886	0	0	0	
12	1	4	117	363	1	300	0.05	0.0966372	0	0	0	
12	1	4	105	364	1	600	0.95	0.803584	0	0	0	
12	1	4	54	365	1	500	0.99	0.927777	0	0	0	
12	1	4	124	366	2	0	0.9	0	100	0	78	
12	1	4	62	367	1	300	0.05	0.202785	0	0	0	
12	1	4	82	368	1	300	0.5	0.449049	0	0	0	
12	1	4	10	369	1	600	0.05	0.194293	0	0	0	
12	1	4	99	370	1	500	0.9	0.812075	0	0	0	
12	1	4	65	371	2	0	0.4	0	150	0	87	
12	1	4	57	372	2	0	0.25	0	150	50	88	
12	1	4	319	373	1	500	0.9	0.802522	0	0	0	
12	1	4	267	374	1	300	0.95	0.876826	0	0	0	
12	1	4	311	375	1	200	0.75	0.690005	0	0	0	
12	1	4	114	376	2	0	0.75	0	50	25	39.5	
12	1	4	8	377	2	0	0.01	0	800	0	80	
12	1	4	50	378	2	0	0.25	0	150	0	81	
12	1	4	101	379	1	200	0.95	0.806768	0	0	0	
12	1	4	241	380	1	200	0.4	0.36413	0	0	0	
12	1	4	164	381	1	500	0.99	0.915039	0	0	0	
12	1	4	278	382	1	400	0.01	0.0361328	0	0	0	
12	1	4	157	383	2	0	0.99	0	400	0	312	
12	1	4	158	384	1	400	0.95	0.791907	0	0	0	
12	1	4	4	385	2	0	0.01	0	100	0	34	
12	1	4	61	386	1	200	0.05	0.122113	0	0	0	
12	1	4	25	387	1	600	0.4	0.468156	0	0	0	
12	1	4	145	388	1	600	0.6	0.65073	0	0	0	
12	1	4	47	389	2	0	0.25	0	50	0	29	
12	1	4	205	390	1	600	0.75	0.751571	0	0	0	
12	1	4	96	391	1	200	0.9	0.775985	0	0	0	
12	1	4	16	392	2	0	0.05	0	25	0	14.5	
12	1	4	69	393	1	500	0.1	0.195355	0	0	0	
12	1	4	186	394	1	200	0.4	0.36413	0	0	0	
12	1	4	159	395	2	0	0.99	0	50	25	39.5	
12	1	4	105	396	2	0	0.6	0	200	150	177	
12	1	5	38	397	2	0	0.1	0	800	0	208	
12	1	5	164	398	2	0	0.99	0	200	100	178	
12	1	5	25	399	2	0	0.05	0	75	50	58.5	
12	1	5	89	400	2	0	0.5	0	200	100	158	
12	1	5	257	401	1	300	0.75	0.734587	0	0	0	
12	1	5	30	402	2	0	0.05	0	200	150	169	
12	1	5	264	403	1	500	0.9	0.896994	0	0	0	
12	1	5	123	404	2	0	0.9	0	75	0	58.5	
12	1	5	288	405	1	400	0.1	0.185802	0	0	0	
12	1	5	95	406	2	0	0.6	0	150	0	87	
12	1	5	116	407	1	200	0.05	0.0955757	0	0	0	
12	1	5	56	408	1	200	0.01	0.0679772	0	0	0	
12	1	5	81	409	2	0	0.5	0	200	0	116	
12	1	5	15	410	2	0	0.01	0	200	150	169	
12	1	5	307	411	1	300	0.6	0.723972	0	0	0	
12	1	5	18	412	2	0	0.05	0	75	0	28.5	
12	1	5	12	413	2	0	0.01	0	150	50	68	
12	1	5	70	414	1	600	0.1	0.265413	0	0	0	
12	1	5	310	415	1	600	0.6	0.556258	0	0	0	
12	1	5	304	416	1	500	0.5	0.653915	0	0	0	
12	1	5	244	417	1	500	0.4	0.712296	0	0	0	
12	1	5	85	418	2	0	0.5	0	75	50	64.5	
12	1	5	45	419	2	0	0.1	0	200	150	169	
12	1	5	81	420	1	200	0.5	0.45011	0	0	0	
12	1	5	180	421	1	600	0.1	0.178371	0	0	0	
12	1	5	211	422	1	200	0.95	0.882133	0	0	0	
12	1	5	165	423	2	0	0.99	0	200	150	179	
12	1	5	37	424	2	0	0.1	0	400	0	120	
12	1	5	114	425	1	500	0.01	0.0297639	0	0	0	
12	1	5	178	426	1	400	0.1	0.170941	0	0	0	
12	1	5	36	427	1	200	0.75	0.712296	0	0	0	
12	1	5	115	428	1	600	0.01	0.052055	0	0	0	
12	1	5	92	429	1	300	0.75	0.713358	0	0	0	
12	1	5	136	430	1	200	0.5	0.395975	0	0	0	
12	1	5	18	431	1	400	0.25	0.633747	0	0	0	
12	1	5	249	432	1	500	0.5	0.800399	0	0	0	
12	1	5	306	433	1	200	0.6	0.684698	0	0	0	
12	1	5	38	434	1	400	0.75	0.818444	0	0	0	
12	1	5	253	435	1	400	0.6	0.800399	0	0	0	
12	1	5	26	436	2	0	0.05	0	100	50	69	
12	1	5	76	437	1	200	0.4	0.387483	0	0	0	
12	1	5	10	438	2	0	0.01	0	75	50	59.5	
12	1	5	174	439	1	500	0.05	0.110436	0	0	0	
12	1	5	102	440	2	0	0.6	0	150	50	108	
12	1	5	110	441	2	0	0.75	0	150	0	87	
12	1	5	263	442	1	400	0.9	0.809952	0	0	0	
12	1	5	221	443	1	200	0.01	0.0690387	0	0	0	
12	1	5	220	444	1	600	0.99	0.960683	0	0	0	
12	1	5	280	445	1	600	0.01	0.0414402	0	0	0	
12	1	5	46	446	1	200	0.95	0.867272	0	0	0	
12	1	5	39	447	1	500	0.75	0.795092	0	0	0	
12	1	5	315	448	1	600	0.75	0.892748	0	0	0	
12	1	5	132	449	1	300	0.4	0.468156	0	0	0	
12	1	5	143	450	1	400	0.6	0.605087	0	0	0	
12	1	5	24	451	2	0	0.05	0	50	25	34.5	
12	1	5	225	452	1	600	0.01	0.025518	0	0	0	
12	1	5	294	453	1	500	0.25	0.493631	0	0	0	
12	1	5	265	454	1	600	0.9	0.825875	0	0	0	
12	1	5	142	455	2	0	0.95	0	400	0	312	
12	1	5	318	456	1	400	0.9	0.869395	0	0	0	
12	1	5	160	457	1	600	0.95	0.926715	0	0	0	
12	1	5	82	458	2	0	0.5	0	400	0	296	
12	1	5	120	459	2	0	0.75	0	200	150	185	
12	1	5	42	460	2	0	0.1	0	150	50	84	
12	1	5	171	461	1	200	0.05	0.155019	0	0	0	
12	1	5	127	462	1	300	0.25	0.33547	0	0	0	
12	1	5	297	463	1	300	0.4	0.43525	0	0	0	
12	1	5	36	464	2	0	0.1	0	200	0	68	
12	1	5	252	465	1	300	0.6	0.428881	0	0	0	
12	1	5	84	466	2	0	0.5	0	50	25	44.5	
12	1	5	97	467	1	300	0.9	0.805707	0	0	0	
12	1	5	2	468	1	300	0.01	0.0159647	0	0	0	
12	1	5	5	469	1	600	0.01	0.0117187	0	0	0	
12	1	5	111	470	1	200	0.01	0.150773	0	0	0	
12	1	5	305	471	1	600	0.5	0.797215	0	0	0	
12	1	5	283	472	1	400	0.05	0.169879	0	0	0	
12	1	5	326	473	1	200	0.99	0.933084	0	0	0	
12	1	5	84	474	1	500	0.5	0.431004	0	0	0	
12	1	5	246	475	1	200	0.5	0.437373	0	0	0	
12	1	5	14	476	2	0	0.01	0	200	100	118	
12	1	5	5	477	2	0	0.01	0	150	0	21	
12	1	5	67	478	2	0	0.4	0	400	0	232	
12	1	5	138	479	1	400	0.5	0.41402	0	0	0	
12	1	5	122	480	2	0	0.9	0	50	0	39	
12	1	5	58	481	2	0	0.25	0	150	100	129	
12	1	5	34	482	1	500	0.6	0.756878	0	0	0	
12	1	5	309	483	1	500	0.6	0.67196	0	0	0	
12	1	5	126	484	2	0	0.9	0	200	0	156	
12	1	5	103	485	1	400	0.95	0.842858	0	0	0	
12	1	5	151	486	1	200	0.9	0.76537	0	0	0	
12	1	5	44	487	2	0	0.1	0	200	100	134	
12	1	5	43	488	1	400	0.9	0.805707	0	0	0	
12	1	5	49	489	1	500	0.95	0.877887	0	0	0	
12	1	5	29	490	1	500	0.5	0.688944	0	0	0	
12	1	5	234	491	1	500	0.1	0.134851	0	0	0	
12	1	5	113	492	1	400	0.01	0.0287024	0	0	0	
12	1	5	179	493	1	500	0.1	0.230384	0	0	0	
12	1	5	1	494	1	200	0.01	0.0106573	0	0	0	
12	1	5	6	495	1	200	0.05	0.0679772	0	0	0	
12	2	1	31	1	1	200	0.6	0.695312	0	0	0	
12	2	1	127	2	2	0	0.9	0	400	0	296	
12	2	1	97	3	1	300	0.9	0.875764	0	0	0	
12	2	1	188	4	1	400	0.4	0.411897	0	0	0	
12	2	1	174	5	1	500	0.05	0.0754076	0	0	0	
12	2	1	251	6	1	200	0.6	0.688944	0	0	0	
12	2	1	299	7	1	500	0.4	0.562627	0	0	0	
12	2	1	32	8	1	300	0.6	0.623132	0	0	0	
12	2	1	155	9	2	0	0.99	0	150	0	141	
12	2	1	5	10	1	600	0.01	0.0265795	0	0	0	
12	2	1	92	11	1	300	0.75	0.72928	0	0	0	
12	2	1	213	12	1	400	0.95	0.938392	0	0	0	
12	2	1	22	13	1	300	0.4	0.567935	0	0	0	
12	2	1	294	14	1	500	0.25	0.548828	0	0	0	
12	2	1	323	15	1	400	0.95	0.918224	0	0	0	
12	2	1	54	16	1	500	0.99	0.957498	0	0	0	
12	2	1	65	17	1	600	0.05	0.0573624	0	0	0	
12	2	1	18	18	2	0	0.05	0	75	0	10.5	
12	2	1	117	19	2	0	0.75	0	150	50	88	
12	2	1	177	20	1	300	0.1	0.103006	0	0	0	
12	2	1	86	21	2	0	0.5	0	100	50	79	
12	2	1	115	22	2	0	0.75	0	75	50	68.5	
12	2	1	64	23	1	500	0.05	0.0987602	0	0	0	
12	2	1	6	24	1	200	0.05	0.15608	0	0	0	
12	2	1	83	25	1	400	0.5	0.556258	0	0	0	
12	2	1	182	26	1	300	0.25	0.5	0	0	0	
12	2	1	124	27	1	500	0.1	0.29195	0	0	0	
12	2	1	138	28	1	400	0.5	0.461787	0	0	0	
12	2	1	4	29	2	0	0.01	0	100	0	14	
12	2	1	47	30	2	0	0.25	0	50	0	27	
12	2	1	54	31	2	0	0.25	0	50	25	39.5	
12	2	1	238	32	1	400	0.25	0.402344	0	0	0	
12	2	1	181	33	1	200	0.25	0.5	0	0	0	
12	2	1	89	34	1	500	0.6	0.697435	0	0	0	
12	2	1	79	35	2	0	0.5	0	100	0	58	
12	2	1	136	36	1	200	0.5	0.778108	0	0	0	
12	2	1	212	37	1	300	0.95	0.847104	0	0	0	
12	2	1	192	38	1	300	0.5	0.6433	0	0	0	
12	2	1	20	39	1	600	0.25	0.462848	0	0	0	
12	2	1	271	40	1	200	0.99	0.939453	0	0	0	
12	2	1	29	41	2	0	0.05	0	200	100	138	
12	2	1	321	42	1	200	0.95	0.883195	0	0	0	
12	2	1	252	43	1	300	0.6	0.846043	0	0	0	
12	2	1	103	44	2	0	0.6	0	150	100	129	
12	2	1	59	45	1	500	0.01	0.0318869	0	0	0	
12	2	1	33	46	2	0	0.1	0	75	0	22.5	
12	2	1	96	47	2	0	0.6	0	200	0	116	
12	2	1	110	48	1	600	0.99	0.938392	0	0	0	
12	2	1	100	49	2	0	0.6	0	75	50	64.5	
12	2	1	70	50	1	600	0.1	0.210216	0	0	0	
12	2	1	70	51	2	0	0.4	0	75	50	64.5	
12	2	1	50	52	2	0	0.25	0	150	0	87	
12	2	1	249	53	1	500	0.5	0.725034	0	0	0	
12	2	1	43	54	1	400	0.9	0.861965	0	0	0	
12	2	1	209	55	1	500	0.9	0.9299	0	0	0	
12	2	1	173	56	1	400	0.05	0.0467476	0	0	0	
12	2	1	322	57	1	300	0.95	0.876826	0	0	0	
12	2	1	88	58	2	0	0.5	0	150	100	129	
12	2	1	46	59	2	0	0.25	0	25	0	14.5	
12	2	1	9	60	1	500	0.05	0.0764691	0	0	0	
12	2	1	305	61	1	600	0.5	0.799338	0	0	0	
12	2	1	165	62	1	600	0.99	0.959621	0	0	0	
12	2	1	2	63	1	300	0.01	0.0531165	0	0	0	
12	2	1	115	64	1	600	0.01	0.0318869	0	0	0	
12	2	1	68	65	1	400	0.1	0.215523	0	0	0	
12	2	1	15	66	2	0	0.01	0	200	150	159	
12	2	1	202	67	1	300	0.75	0.801461	0	0	0	
12	2	1	226	68	1	200	0.05	0.108314	0	0	0	
12	2	1	114	69	1	500	0.01	0.0308254	0	0	0	
12	2	1	151	70	2	0	0.99	0	25	0	19.5	
12	2	1	151	71	1	200	0.9	0.809952	0	0	0	
12	2	1	241	72	1	200	0.4	0.710173	0	0	0	
12	2	1	131	73	2	0	0.9	0	100	50	87	
12	2	1	105	74	1	600	0.95	0.889564	0	0	0	
12	2	1	125	75	2	0	0.9	0	150	0	117	
12	2	1	327	76	1	300	0.99	0.928838	0	0	0	
12	2	1	178	77	1	400	0.1	0.0998217	0	0	0	
12	2	1	41	78	2	0	0.1	0	100	50	77	
12	2	1	292	79	1	300	0.25	0.658161	0	0	0	
12	2	1	215	80	1	600	0.95	0.899117	0	0	0	
12	2	1	189	81	1	500	0.4	0.395975	0	0	0	
12	2	1	269	82	1	500	0.95	0.82269	0	0	0	
12	2	1	280	83	1	600	0.01	0.0308254	0	0	0	
12	2	1	12	84	2	0	0.01	0	150	50	68	
12	2	1	101	85	1	200	0.95	0.790846	0	0	0	
12	2	1	128	86	2	0	0.9	0	800	0	624	
12	2	1	303	87	1	400	0.5	0.675144	0	0	0	
12	2	1	10	88	2	0	0.01	0	75	50	59.5	
12	2	1	175	89	1	600	0.05	0.0340099	0	0	0	
12	2	1	55	90	2	0	0.25	0	75	50	64.5	
12	2	1	72	91	2	0	0.4	0	150	50	104	
12	2	1	253	92	1	400	0.6	0.666653	0	0	0	
12	2	1	326	93	1	200	0.99	0.95856	0	0	0	
12	2	1	81	94	2	0	0.5	0	200	0	116	
12	2	1	5	95	2	0	0.01	0	150	0	27	
12	2	1	172	96	1	300	0.05	0.0584239	0	0	0	
12	2	1	6	97	2	0	0.01	0	200	0	28	
12	2	1	108	98	1	400	0.99	0.946883	0	0	0	
12	2	1	95	99	2	0	0.6	0	150	0	87	
12	2	2	43	100	2	0	0.1	0	150	100	119	
12	2	2	272	101	1	300	0.99	0.944761	0	0	0	
12	2	2	285	102	1	600	0.05	0.054178	0	0	0	
12	2	2	311	103	1	200	0.75	0.67196	0	0	0	
12	2	2	78	104	2	0	0.5	0	75	0	43.5	
12	2	2	81	105	1	200	0.5	0.53609	0	0	0	
12	2	2	304	106	1	500	0.5	0.581734	0	0	0	
12	2	2	87	107	1	300	0.6	0.572181	0	0	0	
12	2	2	125	108	1	600	0.1	0.29195	0	0	0	
12	2	2	221	109	1	200	0.01	0.052055	0	0	0	
12	2	2	3	110	2	0	0.01	0	75	0	10.5	
12	2	2	122	111	1	300	0.1	0.230384	0	0	0	
12	2	2	145	112	2	0	0.95	0	75	50	64.5	
12	2	2	250	113	1	600	0.5	0.661345	0	0	0	
12	2	2	28	114	1	400	0.5	0.619947	0	0	0	
12	2	2	228	115	1	400	0.05	0.0966372	0	0	0	
12	2	2	203	116	1	400	0.75	0.746264	0	0	0	
12	2	2	121	117	2	0	0.9	0	25	0	19.5	
12	2	2	118	118	2	0	0.75	0	150	100	135	
12	2	2	56	119	2	0	0.25	0	100	50	77	
12	2	2	80	120	2	0	0.5	0	150	0	87	
12	2	2	283	121	1	400	0.05	0.056301	0	0	0	
12	2	2	100	122	1	600	0.9	0.870457	0	0	0	
12	2	2	98	123	1	400	0.9	0.867272	0	0	0	
12	2	2	318	124	1	400	0.9	0.873641	0	0	0	
12	2	2	293	125	1	400	0.25	0.221892	0	0	0	
12	2	2	39	126	2	0	0.1	0	50	25	37.5	
12	2	2	88	127	1	400	0.6	0.591287	0	0	0	
12	2	2	281	128	1	200	0.05	0.0817765	0	0	0	
12	2	2	144	129	2	0	0.95	0	50	25	44.5	
12	2	2	16	130	2	0	0.05	0	25	0	9.5	
12	2	2	123	131	1	400	0.1	0.140158	0	0	0	
12	2	2	276	132	1	200	0.01	0.104068	0	0	0	
12	2	2	302	133	1	300	0.5	0.40659	0	0	0	
12	2	2	51	134	2	0	0.25	0	200	0	68	
12	2	2	138	135	2	0	0.95	0	75	0	58.5	
12	2	2	160	136	1	600	0.95	0.907609	0	0	0	
12	2	2	59	137	2	0	0.25	0	200	100	154	
12	2	2	25	138	2	0	0.05	0	75	50	59.5	
12	2	2	7	139	1	300	0.05	0.29195	0	0	0	
12	2	2	8	140	1	400	0.05	0.14865	0	0	0	
12	2	2	10	141	1	600	0.05	0.0860224	0	0	0	
12	2	2	42	142	1	300	0.9	0.841797	0	0	0	
12	2	2	76	143	2	0	0.5	0	25	0	18.5	
12	2	2	197	144	1	300	0.6	0.710173	0	0	0	
12	2	2	74	145	2	0	0.4	0	200	100	158	
12	2	2	116	146	1	200	0.05	0.204908	0	0	0	
12	2	2	9	147	2	0	0.01	0	50	25	29.5	
12	2	2	200	148	1	600	0.6	0.75794	0	0	0	
12	2	2	183	149	1	400	0.25	0.415082	0	0	0	
12	2	2	309	150	1	500	0.6	0.699558	0	0	0	
12	2	2	134	151	1	500	0.4	0.647546	0	0	0	
12	2	2	111	152	1	200	0.01	0.0531165	0	0	0	
12	2	2	30	153	2	0	0.05	0	200	150	169	
12	2	2	144	154	1	500	0.6	0.608271	0	0	0	
12	2	2	227	155	1	300	0.05	0.0764691	0	0	0	
12	2	2	320	156	1	600	0.9	0.888502	0	0	0	
12	2	2	279	157	1	500	0.01	0.0403787	0	0	0	
12	2	2	13	158	2	0	0.01	0	150	100	109	
12	2	2	76	159	1	200	0.4	0.662407	0	0	0	
12	2	2	75	160	2	0	0.4	0	200	150	177	
12	2	2	120	161	1	600	0.05	0.101945	0	0	0	
12	2	2	85	162	2	0	0.5	0	75	50	68.5	
12	2	2	14	163	2	0	0.01	0	200	100	118	
12	2	2	231	164	1	200	0.1	0.255859	0	0	0	
12	2	2	176	165	1	200	0.1	0.253736	0	0	0	
12	2	2	139	166	2	0	0.95	0	100	0	78	
12	2	2	85	167	1	600	0.5	0.630562	0	0	0	
12	2	2	25	168	1	600	0.4	0.645423	0	0	0	
12	2	2	30	169	1	600	0.5	0.706989	0	0	0	
12	2	2	222	170	1	300	0.01	0.0350713	0	0	0	
12	2	2	79	171	1	500	0.4	0.658161	0	0	0	
12	2	2	161	172	1	200	0.99	0.956437	0	0	0	
12	2	2	22	173	2	0	0.05	0	400	0	40	
12	2	2	107	174	1	300	0.99	0.928838	0	0	0	
12	2	2	148	175	1	400	0.75	0.796153	0	0	0	
12	2	2	287	176	1	300	0.1	0.0976987	0	0	0	
12	2	2	166	177	1	200	0.01	0.0679772	0	0	0	
12	2	2	240	178	1	600	0.25	0.389606	0	0	0	
12	2	2	40	179	2	0	0.1	0	75	50	64.5	
12	2	2	268	180	1	400	0.95	0.863026	0	0	0	
12	2	2	136	181	2	0	0.95	0	25	0	19.5	
12	2	2	263	182	1	400	0.9	0.854535	0	0	0	
12	2	2	132	183	2	0	0.9	0	150	50	108	
12	2	2	135	184	1	600	0.4	0.65073	0	0	0	
12	2	2	131	185	1	200	0.4	0.676206	0	0	0	
12	2	2	244	186	1	500	0.4	0.731403	0	0	0	
12	2	2	315	187	1	600	0.75	0.814198	0	0	0	
12	2	2	288	188	1	400	0.1	0.265413	0	0	0	
12	2	2	211	189	1	200	0.95	0.852412	0	0	0	
12	2	2	154	190	2	0	0.99	0	100	0	94	
12	2	2	106	191	2	0	0.75	0	25	0	18.5	
12	2	2	108	192	2	0	0.75	0	75	0	43.5	
12	2	2	300	193	1	600	0.4	0.627378	0	0	0	
12	2	2	196	194	1	200	0.6	0.755817	0	0	0	
12	2	2	28	195	2	0	0.05	0	150	100	117	
12	2	2	184	196	1	500	0.25	0.433127	0	0	0	
12	2	2	262	197	1	300	0.9	0.714419	0	0	0	
12	2	2	92	198	2	0	0.6	0	50	0	29	
12	2	3	133	199	1	400	0.4	0.623132	0	0	0	
12	2	3	153	200	1	400	0.9	0.796153	0	0	0	
12	2	3	186	201	1	200	0.4	0.608271	0	0	0	
12	2	3	26	202	1	200	0.5	0.681513	0	0	0	
12	2	3	328	203	1	400	0.99	0.946883	0	0	0	
12	2	3	78	204	1	400	0.4	0.647546	0	0	0	
12	2	3	325	205	1	600	0.95	0.889564	0	0	0	
12	2	3	84	206	1	500	0.5	0.651792	0	0	0	
12	2	3	330	207	1	600	0.99	0.985097	0	0	0	
12	2	3	38	208	2	0	0.1	0	800	0	144	
12	2	3	236	209	1	200	0.25	0.347147	0	0	0	
12	2	3	146	210	1	200	0.75	0.753694	0	0	0	
12	2	3	204	211	1	500	0.75	0.805707	0	0	0	
12	2	3	73	212	1	400	0.25	0.294073	0	0	0	
12	2	3	69	213	2	0	0.4	0	50	25	44.5	
12	2	3	155	214	1	600	0.9	0.778108	0	0	0	
12	2	3	143	215	1	400	0.6	0.594472	0	0	0	
12	2	3	159	216	2	0	0.99	0	50	25	44.5	
12	2	3	291	217	1	200	0.25	0.329102	0	0	0	
12	2	3	153	218	2	0	0.99	0	75	0	73.5	
12	2	3	61	219	2	0	0.4	0	25	0	14.5	
12	2	3	161	220	2	0	0.99	0	100	50	95	
12	2	3	139	221	1	500	0.5	0.665591	0	0	0	
12	2	3	27	222	2	0	0.05	0	150	50	68	
12	2	3	110	223	2	0	0.75	0	150	0	111	
12	2	3	24	224	1	500	0.4	0.597656	0	0	0	
12	2	3	45	225	2	0	0.1	0	200	150	169	
12	2	3	217	226	1	300	0.99	0.955375	0	0	0	
12	2	3	87	227	2	0	0.5	0	150	50	108	
12	2	3	89	228	2	0	0.5	0	200	100	154	
12	2	3	185	229	1	600	0.25	0.372622	0	0	0	
12	2	3	201	230	1	200	0.75	0.738833	0	0	0	
12	2	3	53	231	2	0	0.25	0	800	0	144	
12	2	3	35	232	2	0	0.1	0	150	0	27	
12	2	3	96	233	1	200	0.9	0.754755	0	0	0	
12	2	3	312	234	1	300	0.75	0.658161	0	0	0	
12	2	3	21	235	2	0	0.05	0	200	0	28	
12	2	3	160	236	2	0	0.99	0	75	50	69.5	
12	2	3	232	237	1	300	0.1	0.12742	0	0	0	
12	2	3	158	238	1	400	0.95	0.864088	0	0	0	
12	2	3	36	239	2	0	0.1	0	200	0	36	
12	2	3	261	240	1	200	0.9	0.767493	0	0	0	
12	2	3	72	241	1	300	0.25	0.380053	0	0	0	
12	2	3	225	242	1	600	0.01	0.0223336	0	0	0	
12	2	3	58	243	1	400	0.01	0.023395	0	0	0	
12	2	3	218	244	1	400	0.99	0.985097	0	0	0	
12	2	3	50	245	1	600	0.95	0.961744	0	0	0	
12	2	3	71	246	1	200	0.25	0.339716	0	0	0	
12	2	3	157	247	2	0	0.99	0	400	0	376	
12	2	3	66	248	1	200	0.1	0.262228	0	0	0	
12	2	3	143	249	2	0	0.95	0	800	0	752	
12	2	3	113	250	1	400	0.01	0.027641	0	0	0	
12	2	3	169	251	1	500	0.01	0.0149032	0	0	0	
12	2	3	129	252	1	500	0.25	0.38536	0	0	0	
12	2	3	205	253	1	600	0.75	0.718665	0	0	0	
12	2	3	109	254	1	500	0.99	0.982974	0	0	0	
12	2	3	3	255	1	400	0.01	0.0191491	0	0	0	
12	2	3	137	256	2	0	0.95	0	50	0	39	
12	2	3	86	257	1	200	0.6	0.699558	0	0	0	
12	2	3	142	258	2	0	0.95	0	400	0	376	
12	2	3	47	259	1	300	0.95	0.848166	0	0	0	
12	2	3	80	260	1	600	0.4	0.436311	0	0	0	
12	2	3	324	261	1	500	0.95	0.85135	0	0	0	
12	2	3	111	262	2	0	0.75	0	200	0	148	
12	2	3	62	263	2	0	0.4	0	50	0	29	
12	2	3	99	264	2	0	0.6	0	50	25	38.5	
12	2	3	77	265	2	0	0.5	0	50	0	35	
12	2	3	208	266	1	400	0.9	0.778108	0	0	0	
12	2	3	147	267	1	300	0.75	0.677267	0	0	0	
12	2	3	216	268	1	200	0.99	0.942638	0	0	0	
12	2	3	107	269	2	0	0.75	0	50	0	37	
12	2	3	51	270	1	200	0.99	0.9299	0	0	0	
12	2	3	289	271	1	500	0.1	0.153957	0	0	0	
12	2	3	56	272	1	200	0.01	0.0478091	0	0	0	
12	2	3	223	273	1	400	0.01	0.0626698	0	0	0	
12	2	3	48	274	1	400	0.95	0.869395	0	0	0	
12	2	3	277	275	1	300	0.01	0.0509935	0	0	0	
12	2	3	67	276	2	0	0.4	0	400	0	232	
12	2	3	17	277	2	0	0.05	0	50	0	17	
12	2	3	317	278	1	300	0.9	0.756878	0	0	0	
12	2	3	91	279	2	0	0.6	0	25	0	14.5	
12	2	3	301	280	1	200	0.5	0.5	0	0	0	
12	2	3	162	281	2	0	0.99	0	150	50	140	
12	2	3	84	282	2	0	0.5	0	50	25	38.5	
12	2	3	71	283	2	0	0.4	0	100	50	79	
12	2	3	180	284	1	600	0.1	0.0913298	0	0	0	
12	2	3	94	285	2	0	0.6	0	100	0	58	
12	2	3	49	286	1	500	0.95	0.878949	0	0	0	
12	2	3	1	287	1	200	0.01	0.107252	0	0	0	
12	2	3	123	288	2	0	0.9	0	75	0	55.5	
12	2	3	243	289	1	400	0.4	0.408713	0	0	0	
12	2	3	149	290	1	500	0.75	0.697435	0	0	0	
12	2	3	206	291	1	200	0.9	0.791907	0	0	0	
12	2	3	53	292	1	400	0.99	0.963867	0	0	0	
12	2	3	275	293	1	600	0.99	0.975543	0	0	0	
12	2	3	41	294	1	200	0.9	0.749448	0	0	0	
12	2	3	62	295	1	300	0.05	0.0488706	0	0	0	
12	2	3	46	296	1	200	0.95	0.807829	0	0	0	
12	2	3	313	297	1	400	0.75	0.734587	0	0	0	
12	2	4	19	298	1	500	0.25	0.439496	0	0	0	
12	2	4	67	299	1	300	0.1	0.166695	0	0	0	
12	2	4	229	300	1	500	0.05	0.0923913	0	0	0	
12	2	4	11	301	2	0	0.01	0	100	50	57	
12	2	4	140	302	1	600	0.5	0.681513	0	0	0	
12	2	4	154	303	1	500	0.9	0.715481	0	0	0	
12	2	4	297	304	1	300	0.4	0.678329	0	0	0	
12	2	4	23	305	2	0	0.05	0	800	0	80	
12	2	4	256	306	1	200	0.75	0.763247	0	0	0	
12	2	4	152	307	2	0	0.99	0	50	0	47	
12	2	4	260	308	1	600	0.75	0.770678	0	0	0	
12	2	4	1	309	2	0	0.01	0	25	0	8.5	
12	2	4	126	310	2	0	0.9	0	200	0	156	
12	2	4	93	311	2	0	0.6	0	75	0	43.5	
12	2	4	83	312	2	0	0.5	0	800	0	432	
12	2	4	127	313	1	300	0.25	0.445864	0	0	0	
12	2	4	38	314	1	400	0.75	0.728218	0	0	0	
12	2	4	61	315	1	200	0.05	0.0966372	0	0	0	
12	2	4	52	316	2	0	0.25	0	400	0	200	
12	2	4	36	317	1	200	0.75	0.691067	0	0	0	
12	2	4	14	318	1	500	0.1	0.166695	0	0	0	
12	2	4	150	319	2	0	0.95	0	200	150	179	
12	2	4	121	320	1	200	0.1	0.192171	0	0	0	
12	2	4	210	321	1	600	0.9	0.856658	0	0	0	
12	2	4	15	322	1	600	0.1	0.143342	0	0	0	
12	2	4	57	323	2	0	0.25	0	150	50	88	
12	2	4	109	324	2	0	0.75	0	100	0	74	
12	2	4	8	325	2	0	0.01	0	800	0	16	
12	2	4	306	326	1	200	0.6	0.685759	0	0	0	
12	2	4	128	327	1	400	0.25	0.403405	0	0	0	
12	2	4	164	328	1	500	0.99	0.980851	0	0	0	
12	2	4	242	329	1	300	0.4	0.627378	0	0	0	
12	2	4	49	330	2	0	0.25	0	100	0	34	
12	2	4	156	331	2	0	0.99	0	200	0	188	
12	2	4	91	332	1	200	0.75	0.766432	0	0	0	
12	2	4	2	333	2	0	0.01	0	50	0	9	
12	2	4	11	334	1	200	0.1	0.159265	0	0	0	
12	2	4	113	335	2	0	0.75	0	800	0	464	
12	2	4	69	336	1	500	0.1	0.303626	0	0	0	
12	2	4	20	337	2	0	0.05	0	150	0	27	
12	2	4	75	338	1	600	0.25	0.434188	0	0	0	
12	2	4	29	339	1	500	0.5	0.5	0	0	0	
12	2	4	290	340	1	600	0.1	0.309995	0	0	0	
12	2	4	266	341	1	200	0.95	0.735649	0	0	0	
12	2	4	135	342	2	0	0.9	0	200	150	187	
12	2	4	45	343	1	600	0.9	0.801461	0	0	0	
12	2	4	68	344	2	0	0.4	0	800	0	464	
12	2	4	248	345	1	400	0.5	0.415082	0	0	0	
12	2	4	103	346	1	400	0.95	0.805707	0	0	0	
12	2	4	274	347	1	500	0.99	0.918224	0	0	0	
12	2	4	126	348	1	200	0.25	0.398098	0	0	0	
12	2	4	258	349	1	400	0.75	0.600841	0	0	0	
12	2	4	104	350	2	0	0.6	0	200	100	158	
12	2	4	247	351	1	300	0.5	0.428881	0	0	0	
12	2	4	7	352	2	0	0.01	0	400	0	24	
12	2	4	296	353	1	200	0.4	0.5	0	0	0	
12	2	4	118	354	1	400	0.05	0.0446247	0	0	0	
12	2	4	116	355	2	0	0.75	0	100	50	79	
12	2	4	220	356	1	600	0.99	0.974482	0	0	0	
12	2	4	147	357	2	0	0.95	0	150	50	128	
12	2	4	235	358	1	600	0.1	0.0796535	0	0	0	
12	2	4	124	359	2	0	0.9	0	100	0	78	
12	2	4	319	360	1	500	0.9	0.860904	0	0	0	
12	2	4	13	361	1	400	0.1	0.15608	0	0	0	
12	2	4	55	362	1	600	0.99	0.935207	0	0	0	
12	2	4	168	363	1	400	0.01	0.023395	0	0	0	
12	2	4	60	364	1	600	0.01	0.0180876	0	0	0	
12	2	4	95	365	1	600	0.75	0.813137	0	0	0	
12	2	4	233	366	1	400	0.1	0.0849609	0	0	0	
12	2	4	31	367	2	0	0.1	0	25	0	9.5	
12	2	4	137	368	1	300	0.5	0.596595	0	0	0	
12	2	4	163	369	2	0	0.99	0	150	100	145	
12	2	4	257	370	1	300	0.75	0.696374	0	0	0	
12	2	4	77	371	1	300	0.4	0.662407	0	0	0	
12	2	4	93	372	1	400	0.75	0.761124	0	0	0	
12	2	4	16	373	1	200	0.25	0.40659	0	0	0	
12	2	4	106	374	1	200	0.99	0.93733	0	0	0	
12	2	4	282	375	1	300	0.05	0.0414402	0	0	0	
12	2	4	64	376	2	0	0.4	0	100	0	54	
12	2	4	145	377	1	600	0.6	0.713358	0	0	0	
12	2	4	239	378	1	500	0.25	0.347147	0	0	0	
12	2	4	52	379	1	300	0.99	0.971298	0	0	0	
12	2	4	82	380	2	0	0.5	0	400	0	232	
12	2	4	19	381	2	0	0.05	0	100	0	10	
12	2	4	39	382	1	500	0.75	0.69319	0	0	0	
12	2	4	142	383	1	300	0.6	0.713358	0	0	0	
12	2	4	198	384	1	400	0.6	0.656038	0	0	0	
12	2	4	310	385	1	600	0.6	0.773862	0	0	0	
12	2	4	63	386	1	400	0.05	0.145465	0	0	0	
12	2	4	102	387	1	300	0.95	0.754755	0	0	0	
12	2	4	97	388	2	0	0.6	0	400	0	280	
12	2	4	101	389	2	0	0.6	0	100	50	77	
12	2	4	119	390	2	0	0.75	0	200	100	158	
12	2	4	295	391	1	600	0.25	0.369438	0	0	0	
12	2	4	190	392	1	600	0.4	0.398098	0	0	0	
12	2	4	129	393	2	0	0.9	0	50	25	44.5	
12	2	4	167	394	1	300	0.01	0.0318869	0	0	0	
12	2	4	34	395	1	500	0.6	0.681513	0	0	0	
12	2	4	254	396	1	500	0.6	0.673021	0	0	0	
12	2	5	156	397	1	200	0.95	0.867272	0	0	0	
12	2	5	316	398	1	200	0.9	0.841797	0	0	0	
12	2	5	35	399	1	600	0.6	0.743079	0	0	0	
12	2	5	165	400	2	0	0.99	0	200	150	189	
12	2	5	214	401	1	500	0.95	0.883195	0	0	0	
12	2	5	278	402	1	400	0.01	0.0265795	0	0	0	
12	2	5	82	403	1	300	0.5	0.458602	0	0	0	
12	2	5	134	404	2	0	0.9	0	200	100	178	
12	2	5	23	405	1	400	0.4	0.47877	0	0	0	
12	2	5	307	406	1	300	0.6	0.630562	0	0	0	
12	2	5	265	407	1	600	0.9	0.844981	0	0	0	
12	2	5	187	408	1	300	0.4	0.439496	0	0	0	
12	2	5	27	409	1	300	0.5	0.503184	0	0	0	
12	2	5	102	410	2	0	0.6	0	150	50	104	
12	2	5	246	411	1	200	0.5	0.5	0	0	0	
12	2	5	193	412	1	400	0.5	0.5	0	0	0	
12	2	5	298	413	1	400	0.4	0.457541	0	0	0	
12	2	5	21	414	1	200	0.4	0.428881	0	0	0	
12	2	5	170	415	1	600	0.01	0.0149032	0	0	0	
12	2	5	132	416	1	300	0.4	0.537152	0	0	0	
12	2	5	58	417	2	0	0.25	0	150	100	129	
12	2	5	141	418	1	200	0.6	0.604025	0	0	0	
12	2	5	133	419	2	0	0.9	0	150	100	135	
12	2	5	157	420	1	300	0.95	0.936269	0	0	0	
12	2	5	17	421	1	300	0.25	0.424635	0	0	0	
12	2	5	259	422	1	500	0.75	0.835428	0	0	0	
12	2	5	148	423	2	0	0.95	0	150	100	137	
12	2	5	66	424	2	0	0.4	0	200	0	116	
12	2	5	26	425	2	0	0.05	0	100	50	57	
12	2	5	191	426	1	200	0.5	0.594472	0	0	0	
12	2	5	224	427	1	500	0.01	0.025518	0	0	0	
12	2	5	99	428	1	500	0.9	0.871518	0	0	0	
12	2	5	130	429	2	0	0.9	0	75	50	66.5	
12	2	5	90	430	2	0	0.5	0	200	150	179	
12	2	5	90	431	1	600	0.6	0.682575	0	0	0	
12	2	5	73	432	2	0	0.4	0	150	100	127	
12	2	5	237	433	1	300	0.25	0.389606	0	0	0	
12	2	5	98	434	2	0	0.6	0	800	0	464	
12	2	5	219	435	1	500	0.99	0.973421	0	0	0	
12	2	5	74	436	1	500	0.25	0.360946	0	0	0	
12	2	5	195	437	1	600	0.5	0.467094	0	0	0	
12	2	5	114	438	2	0	0.75	0	50	25	38.5	
12	2	5	94	439	1	500	0.75	0.632685	0	0	0	
12	2	5	122	440	2	0	0.9	0	50	0	39	
12	2	5	18	441	1	400	0.25	0.350331	0	0	0	
12	2	5	267	442	1	300	0.95	0.813137	0	0	0	
12	2	5	179	443	1	500	0.1	0.150773	0	0	0	
12	2	5	37	444	1	300	0.75	0.681513	0	0	0	
12	2	5	255	445	1	600	0.6	0.754755	0	0	0	
12	2	5	152	446	1	300	0.9	0.867272	0	0	0	
12	2	5	12	447	1	300	0.1	0.12742	0	0	0	
12	2	5	117	448	1	300	0.05	0.0403787	0	0	0	
12	2	5	44	449	1	500	0.9	0.861965	0	0	0	
12	2	5	130	450	1	600	0.25	0.201724	0	0	0	
12	2	5	164	451	2	0	0.99	0	200	100	186	
12	2	5	286	452	1	200	0.1	0.162449	0	0	0	
12	2	5	207	453	1	300	0.9	0.781292	0	0	0	
12	2	5	230	454	1	600	0.05	0.054178	0	0	0	
12	2	5	119	455	1	500	0.05	0.0616084	0	0	0	
12	2	5	162	456	1	300	0.99	0.9299	0	0	0	
12	2	5	32	457	2	0	0.1	0	50	0	13	
12	2	5	57	458	1	300	0.01	0.0180876	0	0	0	
12	2	5	149	459	2	0	0.95	0	200	100	178	
12	2	5	141	460	2	0	0.95	0	200	0	180	
12	2	5	33	461	1	400	0.6	0.715481	0	0	0	
12	2	5	42	462	2	0	0.1	0	150	50	68	
12	2	5	150	463	1	600	0.75	0.660284	0	0	0	
12	2	5	4	464	1	500	0.01	0.0244565	0	0	0	
12	2	5	270	465	1	600	0.95	0.864088	0	0	0	
12	2	5	112	466	1	300	0.01	0.0180876	0	0	0	
12	2	5	245	467	1	600	0.4	0.427819	0	0	0	
12	2	5	40	468	1	600	0.75	0.756878	0	0	0	
12	2	5	140	469	2	0	0.95	0	150	0	135	
12	2	5	146	470	2	0	0.95	0	100	50	89	
12	2	5	112	471	2	0	0.75	0	400	0	296	
12	2	5	37	472	2	0	0.1	0	400	0	56	
12	2	5	308	473	1	400	0.6	0.623132	0	0	0	
12	2	5	158	474	2	0	0.99	0	800	0	784	
12	2	5	44	475	2	0	0.1	0	200	100	138	
12	2	5	24	476	2	0	0.05	0	50	25	29.5	
12	2	5	65	477	2	0	0.4	0	150	0	87	
12	2	5	171	478	1	200	0.05	0.0499321	0	0	0	
12	2	5	63	479	2	0	0.4	0	75	0	43.5	
12	2	5	159	480	1	500	0.95	0.858781	0	0	0	
12	2	5	199	481	1	500	0.6	0.600841	0	0	0	
12	2	5	48	482	2	0	0.25	0	75	0	28.5	
12	2	5	329	483	1	500	0.99	0.973421	0	0	0	
12	2	5	120	484	2	0	0.75	0	200	150	179	
12	2	5	105	485	2	0	0.6	0	200	150	179	
12	2	5	264	486	1	500	0.9	0.852412	0	0	0	
12	2	5	273	487	1	400	0.99	0.98722	0	0	0	
12	2	5	163	488	1	400	0.99	0.968113	0	0	0	
12	2	5	194	489	1	500	0.5	0.606148	0	0	0	
12	2	5	234	490	1	500	0.1	0.363069	0	0	0	
12	2	5	60	491	2	0	0.25	0	200	150	179	
12	2	5	104	492	1	500	0.95	0.90867	0	0	0	
12	2	5	314	493	1	500	0.75	0.665591	0	0	0	
12	2	5	284	494	1	500	0.05	0.0690387	0	0	0	
12	2	5	34	495	2	0	0.1	0	100	0	14	
