Subject#	Session#	Block#	Stim#	Trial#	Task	Numerosity	P_true	P_reported	x1	x2	CE	
12	1	1	52	1	2	0	0.25	0	400	0	40	
12	1	1	22	2	2	0	0.05	0	400	0	8	
12	1	1	159	3	2	0	0.99	0	50	25	34.5	
12	1	1	91	4	2	0	0.6	0	25	0	6.5	
12	1	1	128	5	2	0	0.9	0	800	0	176	
12	1	1	108	6	1	400	0.99	0.949006	0	0	0	
12	1	1	298	7	1	400	0.4	0.33547	0	0	0	
12	1	1	77	8	1	300	0.4	0.399159	0	0	0	
12	1	1	145	9	1	600	0.6	0.5	0	0	0	
12	1	1	8	10	2	0	0.01	0	800	0	16	
12	1	1	304	11	1	500	0.5	0.419327	0	0	0	
12	1	1	76	12	2	0	0.5	0	25	0	4.5	
12	1	1	287	13	1	300	0.1	0.323794	0	0	0	
12	1	1	203	14	1	400	0.75	0.690005	0	0	0	
12	1	1	155	15	2	0	0.99	0	150	0	81	
12	1	1	275	16	1	600	0.99	0.95856	0	0	0	
12	1	1	112	17	2	0	0.75	0	400	0	104	
12	1	1	80	18	1	600	0.4	0.382176	0	0	0	
12	1	1	211	19	1	200	0.95	0.802522	0	0	0	
12	1	1	173	20	1	400	0.05	0.138035	0	0	0	
12	1	1	47	21	2	0	0.25	0	50	0	9	
12	1	1	162	22	1	300	0.99	0.870457	0	0	0	
12	1	1	110	23	1	600	0.99	0.960683	0	0	0	
12	1	1	250	24	1	600	0.5	0.384299	0	0	0	
12	1	1	137	25	1	300	0.5	0.481955	0	0	0	
12	1	1	68	26	1	400	0.1	0.29938	0	0	0	
12	1	1	99	27	2	0	0.6	0	50	25	31.5	
12	1	1	152	28	2	0	0.99	0	50	0	29	
12	1	1	24	29	2	0	0.05	0	50	25	27.5	
12	1	1	85	30	1	600	0.5	0.563689	0	0	0	
12	1	1	311	31	1	200	0.75	0.597656	0	0	0	
12	1	1	161	32	2	0	0.99	0	100	50	75	
12	1	1	210	33	1	600	0.9	0.743079	0	0	0	
12	1	1	84	34	2	0	0.5	0	50	25	32.5	
12	1	1	139	35	1	500	0.5	0.454356	0	0	0	
12	1	1	218	36	1	400	0.99	0.974482	0	0	0	
12	1	1	269	37	1	500	0.95	0.916101	0	0	0	
12	1	1	47	38	1	300	0.95	0.806768	0	0	0	
12	1	1	312	39	1	300	0.75	0.683636	0	0	0	
12	1	1	114	40	1	500	0.01	0.0679772	0	0	0	
12	1	1	324	41	1	500	0.95	0.904424	0	0	0	
12	1	1	79	42	1	500	0.4	0.382176	0	0	0	
12	1	1	300	43	1	600	0.4	0.419327	0	0	0	
12	1	1	157	44	2	0	0.99	0	400	0	232	
12	1	1	262	45	1	300	0.9	0.678329	0	0	0	
12	1	1	258	46	1	400	0.75	0.698497	0	0	0	
12	1	1	106	47	1	200	0.99	0.933084	0	0	0	
12	1	1	187	48	1	300	0.4	0.34927	0	0	0	
12	1	1	130	49	1	600	0.25	0.30681	0	0	0	
12	1	1	17	50	1	300	0.25	0.417204	0	0	0	
12	1	1	108	51	2	0	0.75	0	75	0	19.5	
12	1	1	289	52	1	500	0.1	0.283458	0	0	0	
12	1	1	170	53	1	600	0.01	0.0913298	0	0	0	
12	1	1	65	54	2	0	0.4	0	150	0	21	
12	1	1	309	55	1	500	0.6	0.496816	0	0	0	
12	1	1	48	56	1	400	0.95	0.837551	0	0	0	
12	1	1	259	57	1	500	0.75	0.623132	0	0	0	
12	1	1	11	58	1	200	0.1	0.441619	0	0	0	
12	1	1	39	59	1	500	0.75	0.67196	0	0	0	
12	1	1	2	60	1	300	0.01	0.0414402	0	0	0	
12	1	1	53	61	1	400	0.99	0.960683	0	0	0	
12	1	1	228	62	1	400	0.05	0.0934528	0	0	0	
12	1	1	31	63	1	200	0.6	0.523353	0	0	0	
12	1	1	78	64	2	0	0.5	0	75	0	10.5	
12	1	1	69	65	2	0	0.4	0	50	25	30.5	
12	1	1	54	66	2	0	0.25	0	50	25	27.5	
12	1	1	169	67	1	500	0.01	0.0393173	0	0	0	
12	1	1	92	68	1	300	0.75	0.570058	0	0	0	
12	1	1	93	69	1	400	0.75	0.625255	0	0	0	
12	1	1	51	70	1	200	0.99	0.976605	0	0	0	
12	1	1	278	71	1	400	0.01	0.0467476	0	0	0	
12	1	1	78	72	1	400	0.4	0.380053	0	0	0	
12	1	1	284	73	1	500	0.05	0.215523	0	0	0	
12	1	1	143	74	2	0	0.95	0	800	0	208	
12	1	1	221	75	1	200	0.01	0.0488706	0	0	0	
12	1	1	91	76	1	200	0.75	0.699558	0	0	0	
12	1	1	36	77	2	0	0.1	0	200	0	20	
12	1	1	111	78	1	200	0.01	0.052055	0	0	0	
12	1	1	142	79	2	0	0.95	0	400	0	120	
12	1	1	182	80	1	300	0.25	0.419327	0	0	0	
12	1	1	285	81	1	600	0.05	0.247368	0	0	0	
12	1	1	94	82	2	0	0.6	0	100	0	10	
12	1	1	125	83	1	600	0.1	0.295134	0	0	0	
12	1	1	148	84	1	400	0.75	0.628439	0	0	0	
12	1	1	61	85	1	200	0.05	0.100883	0	0	0	
12	1	1	164	86	2	0	0.99	0	200	100	138	
12	1	1	60	87	2	0	0.25	0	200	150	161	
12	1	1	144	88	2	0	0.95	0	50	25	36.5	
12	1	1	89	89	2	0	0.5	0	200	100	130	
12	1	1	90	90	2	0	0.5	0	200	150	173	
12	1	1	200	91	1	600	0.6	0.576427	0	0	0	
12	1	1	124	92	2	0	0.9	0	100	0	30	
12	1	1	101	93	2	0	0.6	0	100	50	63	
12	1	1	265	94	1	600	0.9	0.673021	0	0	0	
12	1	1	64	95	1	500	0.05	0.352454	0	0	0	
12	1	1	28	96	2	0	0.05	0	150	100	103	
12	1	1	33	97	1	400	0.6	0.633747	0	0	0	
12	1	1	19	98	1	500	0.25	0.404467	0	0	0	
12	1	1	244	99	1	500	0.4	0.488324	0	0	0	
12	1	2	75	100	1	600	0.25	0.417204	0	0	0	
12	1	2	132	101	1	300	0.4	0.416143	0	0	0	
12	1	2	55	102	2	0	0.25	0	75	50	55.5	
12	1	2	17	103	2	0	0.05	0	50	0	1	
12	1	2	318	104	1	400	0.9	0.796153	0	0	0	
12	1	2	198	105	1	400	0.6	0.539275	0	0	0	
12	1	2	166	106	1	200	0.01	0.0594854	0	0	0	
12	1	2	92	107	2	0	0.6	0	50	0	15	
12	1	2	122	108	2	0	0.9	0	50	0	21	
12	1	2	149	109	2	0	0.95	0	200	100	126	
12	1	2	6	110	1	200	0.05	0.140158	0	0	0	
12	1	2	58	111	2	0	0.25	0	150	100	103	
12	1	2	161	112	1	200	0.99	0.981912	0	0	0	
12	1	2	243	113	1	400	0.4	0.452233	0	0	0	
12	1	2	52	114	1	300	0.99	0.95856	0	0	0	
12	1	2	15	115	1	600	0.1	0.0849609	0	0	0	
12	1	2	123	116	1	400	0.1	0.110436	0	0	0	
12	1	2	151	117	1	200	0.9	0.928838	0	0	0	
12	1	2	98	118	1	400	0.9	0.881072	0	0	0	
12	1	2	16	119	1	200	0.25	0.287704	0	0	0	
12	1	2	81	120	1	200	0.5	0.498939	0	0	0	
12	1	2	149	121	1	500	0.75	0.591287	0	0	0	
12	1	2	239	122	1	500	0.25	0.393852	0	0	0	
12	1	2	114	123	2	0	0.75	0	50	25	32.5	
12	1	2	143	124	1	400	0.6	0.636931	0	0	0	
12	1	2	195	125	1	600	0.5	0.429942	0	0	0	
12	1	2	2	126	2	0	0.01	0	50	0	1	
12	1	2	3	127	2	0	0.01	0	75	0	1.5	
12	1	2	40	128	1	600	0.75	0.503184	0	0	0	
12	1	2	62	129	1	300	0.05	0.126359	0	0	0	
12	1	2	60	130	1	600	0.01	0.0340099	0	0	0	
12	1	2	150	131	2	0	0.95	0	200	150	167	
12	1	2	118	132	2	0	0.75	0	150	100	117	
12	1	2	174	133	1	500	0.05	0.153957	0	0	0	
12	1	2	37	134	2	0	0.1	0	400	0	8	
12	1	2	310	135	1	600	0.6	0.592349	0	0	0	
12	1	2	32	136	1	300	0.6	0.600841	0	0	0	
12	1	2	4	137	1	500	0.01	0.113621	0	0	0	
12	1	2	117	138	1	300	0.05	0.138035	0	0	0	
12	1	2	115	139	1	600	0.01	0.054178	0	0	0	
12	1	2	3	140	1	400	0.01	0.0371943	0	0	0	
12	1	2	102	141	2	0	0.6	0	150	50	80	
12	1	2	178	142	1	400	0.1	0.326979	0	0	0	
12	1	2	54	143	1	500	0.99	0.960683	0	0	0	
12	1	2	165	144	2	0	0.99	0	200	150	173	
12	1	2	1	145	1	200	0.01	0.0860224	0	0	0	
12	1	2	184	146	1	500	0.25	0.398098	0	0	0	
12	1	2	64	147	2	0	0.4	0	100	0	10	
12	1	2	57	148	2	0	0.25	0	150	50	60	
12	1	2	129	149	1	500	0.25	0.402344	0	0	0	
12	1	2	100	150	1	600	0.9	0.727157	0	0	0	
12	1	2	313	151	1	400	0.75	0.552013	0	0	0	
12	1	2	154	152	1	500	0.9	0.633747	0	0	0	
12	1	2	186	153	1	200	0.4	0.5	0	0	0	
12	1	2	55	154	1	600	0.99	0.947945	0	0	0	
12	1	2	88	155	2	0	0.5	0	150	100	111	
12	1	2	225	156	1	600	0.01	0.118928	0	0	0	
12	1	2	286	157	1	200	0.1	0.143342	0	0	0	
12	1	2	11	158	2	0	0.01	0	100	50	51	
12	1	2	90	159	1	600	0.6	0.584918	0	0	0	
12	1	2	34	160	1	500	0.6	0.5	0	0	0	
12	1	2	96	161	2	0	0.6	0	200	0	12	
12	1	2	326	162	1	200	0.99	0.941576	0	0	0	
12	1	2	136	163	1	200	0.5	0.469217	0	0	0	
12	1	2	139	164	2	0	0.95	0	100	0	50	
12	1	2	121	165	1	200	0.1	0.380053	0	0	0	
12	1	2	31	166	2	0	0.1	0	25	0	2.5	
12	1	2	191	167	1	200	0.5	0.467094	0	0	0	
12	1	2	207	168	1	300	0.9	0.734587	0	0	0	
12	1	2	27	169	1	300	0.5	0.444803	0	0	0	
12	1	2	227	170	1	300	0.05	0.324856	0	0	0	
12	1	2	25	171	2	0	0.05	0	75	50	50.5	
12	1	2	105	172	1	600	0.95	0.812075	0	0	0	
12	1	2	127	173	2	0	0.9	0	400	0	120	
12	1	2	160	174	1	600	0.95	0.691067	0	0	0	
12	1	2	121	175	2	0	0.9	0	25	0	9.5	
12	1	2	224	176	1	500	0.01	0.122113	0	0	0	
12	1	2	80	177	2	0	0.5	0	150	0	33	
12	1	2	235	178	1	600	0.1	0.386422	0	0	0	
12	1	2	120	179	2	0	0.75	0	200	150	165	
12	1	2	126	180	2	0	0.9	0	200	0	76	
12	1	2	53	181	2	0	0.25	0	800	0	48	
12	1	2	44	182	2	0	0.1	0	200	100	118	
12	1	2	106	183	2	0	0.75	0	25	0	10.5	
12	1	2	299	184	1	500	0.4	0.449049	0	0	0	
12	1	2	155	185	1	600	0.9	0.669837	0	0	0	
12	1	2	136	186	2	0	0.95	0	25	0	7.5	
12	1	2	49	187	1	500	0.95	0.621009	0	0	0	
12	1	2	330	188	1	600	0.99	0.861965	0	0	0	
12	1	2	193	189	1	400	0.5	0.445864	0	0	0	
12	1	2	117	190	2	0	0.75	0	150	50	92	
12	1	2	76	191	1	200	0.4	0.5	0	0	0	
12	1	2	329	192	1	500	0.99	0.938392	0	0	0	
12	1	2	56	193	1	200	0.01	0.0488706	0	0	0	
12	1	2	46	194	1	200	0.95	0.947945	0	0	0	
12	1	2	126	195	1	200	0.25	0.18474	0	0	0	
12	1	2	245	196	1	600	0.4	0.431004	0	0	0	
12	1	2	217	197	1	300	0.99	0.954314	0	0	0	
12	1	2	110	198	2	0	0.75	0	150	0	39	
12	1	3	292	199	1	300	0.25	0.423573	0	0	0	
12	1	3	240	200	1	600	0.25	0.429942	0	0	0	
12	1	3	116	201	2	0	0.75	0	100	50	65	
12	1	3	88	202	1	400	0.6	0.5	0	0	0	
12	1	3	140	203	2	0	0.95	0	150	0	69	
12	1	3	130	204	2	0	0.9	0	75	50	59.5	
12	1	3	213	205	1	400	0.95	0.802522	0	0	0	
12	1	3	294	206	1	500	0.25	0.314241	0	0	0	
12	1	3	209	207	1	500	0.9	0.749448	0	0	0	
12	1	3	9	208	1	500	0.05	0.251613	0	0	0	
12	1	3	116	209	1	200	0.05	0.217646	0	0	0	
12	1	3	167	210	1	300	0.01	0.0594854	0	0	0	
12	1	3	59	211	2	0	0.25	0	200	100	106	
12	1	3	36	212	1	200	0.75	0.602964	0	0	0	
12	1	3	175	213	1	600	0.05	0.0690387	0	0	0	
12	1	3	18	214	1	400	0.25	0.167756	0	0	0	
12	1	3	320	215	1	600	0.9	0.756878	0	0	0	
12	1	3	141	216	1	200	0.6	0.651792	0	0	0	
12	1	3	163	217	2	0	0.99	0	150	100	129	
12	1	3	19	218	2	0	0.05	0	100	0	2	
12	1	3	70	219	2	0	0.4	0	75	50	54.5	
12	1	3	37	220	1	300	0.75	0.581734	0	0	0	
12	1	3	266	221	1	200	0.95	0.850289	0	0	0	
12	1	3	307	222	1	300	0.6	0.589164	0	0	0	
12	1	3	56	223	2	0	0.25	0	100	50	55	
12	1	3	33	224	2	0	0.1	0	75	0	4.5	
12	1	3	176	225	1	200	0.1	0.360946	0	0	0	
12	1	3	288	226	1	400	0.1	0.317425	0	0	0	
12	1	3	109	227	2	0	0.75	0	100	0	30	
12	1	3	29	228	2	0	0.05	0	200	100	102	
12	1	3	104	229	2	0	0.6	0	200	100	118	
12	1	3	257	230	1	300	0.75	0.601902	0	0	0	
12	1	3	190	231	1	600	0.4	0.452233	0	0	0	
12	1	3	4	232	2	0	0.01	0	100	0	6	
12	1	3	168	233	1	400	0.01	0.0743461	0	0	0	
12	1	3	87	234	2	0	0.5	0	150	50	72	
12	1	3	133	235	2	0	0.9	0	150	100	119	
12	1	3	263	236	1	400	0.9	0.661345	0	0	0	
12	1	3	251	237	1	200	0.6	0.619947	0	0	0	
12	1	3	81	238	2	0	0.5	0	200	0	28	
12	1	3	72	239	2	0	0.4	0	150	50	68	
12	1	3	202	240	1	300	0.75	0.606148	0	0	0	
12	1	3	14	241	1	500	0.1	0.256921	0	0	0	
12	1	3	124	242	1	500	0.1	0.307872	0	0	0	
12	1	3	242	243	1	300	0.4	0.438434	0	0	0	
12	1	3	89	244	1	500	0.6	0.515922	0	0	0	
12	1	3	164	245	1	500	0.99	0.938392	0	0	0	
12	1	3	325	246	1	600	0.95	0.894871	0	0	0	
12	1	3	223	247	1	400	0.01	0.0318869	0	0	0	
12	1	3	158	248	1	400	0.95	0.887441	0	0	0	
12	1	3	134	249	2	0	0.9	0	200	100	130	
12	1	3	177	250	1	300	0.1	0.390667	0	0	0	
12	1	3	185	251	1	600	0.25	0.388544	0	0	0	
12	1	3	10	252	2	0	0.01	0	75	50	52.5	
12	1	3	101	253	1	200	0.95	0.728218	0	0	0	
12	1	3	82	254	1	300	0.5	0.437373	0	0	0	
12	1	3	122	255	1	300	0.1	0.423573	0	0	0	
12	1	3	146	256	2	0	0.95	0	100	50	69	
12	1	3	277	257	1	300	0.01	0.0913298	0	0	0	
12	1	3	214	258	1	500	0.95	0.87258	0	0	0	
12	1	3	290	259	1	600	0.1	0.109375	0	0	0	
12	1	3	119	260	2	0	0.75	0	200	100	150	
12	1	3	138	261	2	0	0.95	0	75	0	28.5	
12	1	3	295	262	1	600	0.25	0.434188	0	0	0	
12	1	3	232	263	1	300	0.1	0.355639	0	0	0	
12	1	3	74	264	2	0	0.4	0	200	100	134	
12	1	3	75	265	2	0	0.4	0	200	150	169	
12	1	3	118	266	1	400	0.05	0.0987602	0	0	0	
12	1	3	112	267	1	300	0.01	0.0616084	0	0	0	
12	1	3	28	268	1	400	0.5	0.476647	0	0	0	
12	1	3	9	269	2	0	0.01	0	50	25	26.5	
12	1	3	97	270	1	300	0.9	0.470279	0	0	0	
12	1	3	58	271	1	400	0.01	0.0350713	0	0	0	
12	1	3	12	272	2	0	0.01	0	150	50	52	
12	1	3	135	273	1	600	0.4	0.455418	0	0	0	
12	1	3	129	274	2	0	0.9	0	50	25	33.5	
12	1	3	30	275	1	600	0.5	0.5	0	0	0	
12	1	3	86	276	2	0	0.5	0	100	50	61	
12	1	3	179	277	1	500	0.1	0.423573	0	0	0	
12	1	3	39	278	2	0	0.1	0	50	25	28.5	
12	1	3	276	279	1	200	0.01	0.0371943	0	0	0	
12	1	3	63	280	1	400	0.05	0.0573624	0	0	0	
12	1	3	148	281	2	0	0.95	0	150	100	115	
12	1	3	23	282	2	0	0.05	0	800	0	48	
12	1	3	194	283	1	500	0.5	0.445864	0	0	0	
12	1	3	21	284	1	200	0.4	0.394913	0	0	0	
12	1	3	273	285	1	400	0.99	0.869395	0	0	0	
12	1	3	104	286	1	500	0.95	0.825875	0	0	0	
12	1	3	297	287	1	300	0.4	0.453295	0	0	0	
12	1	3	192	288	1	300	0.5	0.469217	0	0	0	
12	1	3	45	289	2	0	0.1	0	200	150	161	
12	1	3	61	290	2	0	0.4	0	25	0	4.5	
12	1	3	84	291	1	500	0.5	0.575365	0	0	0	
12	1	3	215	292	1	600	0.95	0.737772	0	0	0	
12	1	3	94	293	1	500	0.75	0.675144	0	0	0	
12	1	3	70	294	1	600	0.1	0.195355	0	0	0	
12	1	3	20	295	1	600	0.25	0.36413	0	0	0	
12	1	3	301	296	1	200	0.5	0.39279	0	0	0	
12	1	3	206	297	1	200	0.9	0.798276	0	0	0	
12	1	4	271	298	1	200	0.99	0.960683	0	0	0	
12	1	4	254	299	1	500	0.6	0.456479	0	0	0	
12	1	4	103	300	2	0	0.6	0	150	100	111	
12	1	4	35	301	2	0	0.1	0	150	0	9	
12	1	4	49	302	2	0	0.25	0	100	0	6	
12	1	4	248	303	1	400	0.5	0.432065	0	0	0	
12	1	4	147	304	2	0	0.95	0	150	50	56	
12	1	4	188	305	1	400	0.4	0.480893	0	0	0	
12	1	4	147	306	1	300	0.75	0.464971	0	0	0	
12	1	4	237	307	1	300	0.25	0.366253	0	0	0	
12	1	4	123	308	2	0	0.9	0	75	0	22.5	
12	1	4	280	309	1	600	0.01	0.105129	0	0	0	
12	1	4	199	310	1	500	0.6	0.561566	0	0	0	
12	1	4	57	311	1	300	0.01	0.0446247	0	0	0	
12	1	4	291	312	1	200	0.25	0.389606	0	0	0	
12	1	4	71	313	2	0	0.4	0	100	50	57	
12	1	4	138	314	1	400	0.5	0.487262	0	0	0	
12	1	4	264	315	1	500	0.9	0.640115	0	0	0	
12	1	4	241	316	1	200	0.4	0.503184	0	0	0	
12	1	4	87	317	1	300	0.6	0.583857	0	0	0	
12	1	4	29	318	1	500	0.5	0.573242	0	0	0	
12	1	4	156	319	2	0	0.99	0	200	0	76	
12	1	4	163	320	1	400	0.99	0.968113	0	0	0	
12	1	4	315	321	1	600	0.75	0.626316	0	0	0	
12	1	4	97	322	2	0	0.6	0	400	0	40	
12	1	4	303	323	1	400	0.5	0.53609	0	0	0	
12	1	4	8	324	1	400	0.05	0.353516	0	0	0	
12	1	4	113	325	1	400	0.01	0.0467476	0	0	0	
12	1	4	41	326	2	0	0.1	0	100	50	55	
12	1	4	140	327	1	600	0.5	0.548828	0	0	0	
12	1	4	66	328	1	200	0.1	0.432065	0	0	0	
12	1	4	321	329	1	200	0.95	0.835428	0	0	0	
12	1	4	35	330	1	600	0.6	0.522291	0	0	0	
12	1	4	45	331	1	600	0.9	0.425696	0	0	0	
12	1	4	189	332	1	500	0.4	0.461787	0	0	0	
12	1	4	99	333	1	500	0.9	0.777047	0	0	0	
12	1	4	131	334	1	200	0.4	0.5	0	0	0	
12	1	4	21	335	2	0	0.05	0	200	0	12	
12	1	4	305	336	1	600	0.5	0.44268	0	0	0	
12	1	4	137	337	2	0	0.95	0	50	0	11	
12	1	4	172	338	1	300	0.05	0.080715	0	0	0	
12	1	4	16	339	2	0	0.05	0	25	0	4.5	
12	1	4	83	340	2	0	0.5	0	800	0	80	
12	1	4	1	341	2	0	0.01	0	25	0	1.5	
12	1	4	128	342	1	400	0.25	0.405528	0	0	0	
12	1	4	328	343	1	400	0.99	0.945822	0	0	0	
12	1	4	133	344	1	400	0.4	0.498939	0	0	0	
12	1	4	135	345	2	0	0.9	0	200	150	179	
12	1	4	296	346	1	200	0.4	0.409774	0	0	0	
12	1	4	27	347	2	0	0.05	0	150	50	56	
12	1	4	246	348	1	200	0.5	0.5	0	0	0	
12	1	4	46	349	2	0	0.25	0	25	0	4.5	
12	1	4	319	350	1	500	0.9	0.691067	0	0	0	
12	1	4	15	351	2	0	0.01	0	200	150	153	
12	1	4	120	352	1	600	0.05	0.142281	0	0	0	
12	1	4	201	353	1	200	0.75	0.737772	0	0	0	
12	1	4	220	354	1	600	0.99	0.964929	0	0	0	
12	1	4	255	355	1	600	0.6	0.391729	0	0	0	
12	1	4	74	356	1	500	0.25	0.314241	0	0	0	
12	1	4	261	357	1	200	0.9	0.801461	0	0	0	
12	1	4	154	358	2	0	0.99	0	100	0	38	
12	1	4	23	359	1	400	0.4	0.426758	0	0	0	
12	1	4	13	360	1	400	0.1	0.400221	0	0	0	
12	1	4	44	361	1	500	0.9	0.755817	0	0	0	
12	1	4	115	362	2	0	0.75	0	75	50	58.5	
12	1	4	95	363	2	0	0.6	0	150	0	27	
12	1	4	102	364	1	300	0.95	0.821629	0	0	0	
12	1	4	67	365	2	0	0.4	0	400	0	88	
12	1	4	272	366	1	300	0.99	0.977666	0	0	0	
12	1	4	165	367	1	600	0.99	0.945822	0	0	0	
12	1	4	50	368	2	0	0.25	0	150	0	9	
12	1	4	38	369	2	0	0.1	0	800	0	48	
12	1	4	98	370	2	0	0.6	0	800	0	80	
12	1	4	141	371	2	0	0.95	0	200	0	36	
12	1	4	281	372	1	200	0.05	0.124236	0	0	0	
12	1	4	68	373	2	0	0.4	0	800	0	48	
12	1	4	268	374	1	400	0.95	0.875764	0	0	0	
12	1	4	279	375	1	500	0.01	0.0478091	0	0	0	
12	1	4	107	376	1	300	0.99	0.946883	0	0	0	
12	1	4	229	377	1	500	0.05	0.105129	0	0	0	
12	1	4	208	378	1	400	0.9	0.850289	0	0	0	
12	1	4	77	379	2	0	0.5	0	50	0	7	
12	1	4	308	380	1	400	0.6	0.427819	0	0	0	
12	1	4	314	381	1	500	0.75	0.580673	0	0	0	
12	1	4	197	382	1	300	0.6	0.5	0	0	0	
12	1	4	119	383	1	500	0.05	0.257982	0	0	0	
12	1	4	26	384	2	0	0.05	0	100	50	57	
12	1	4	145	385	2	0	0.95	0	75	50	63.5	
12	1	4	18	386	2	0	0.05	0	75	0	7.5	
12	1	4	157	387	1	300	0.95	0.735649	0	0	0	
12	1	4	160	388	2	0	0.99	0	75	50	59.5	
12	1	4	247	389	1	300	0.5	0.5	0	0	0	
12	1	4	30	390	2	0	0.05	0	200	150	155	
12	1	4	65	391	1	600	0.05	0.160326	0	0	0	
12	1	4	219	392	1	500	0.99	0.974482	0	0	0	
12	1	4	234	393	1	500	0.1	0.309995	0	0	0	
12	1	4	249	394	1	500	0.5	0.43525	0	0	0	
12	1	4	256	395	1	200	0.75	0.678329	0	0	0	
12	1	4	196	396	1	200	0.6	0.606148	0	0	0	
12	1	5	282	397	1	300	0.05	0.196416	0	0	0	
12	1	5	26	398	1	200	0.5	0.416143	0	0	0	
12	1	5	41	399	1	200	0.9	0.748387	0	0	0	
12	1	5	283	400	1	400	0.05	0.157142	0	0	0	
12	1	5	63	401	2	0	0.4	0	75	0	7.5	
12	1	5	322	402	1	300	0.95	0.868334	0	0	0	
12	1	5	125	403	2	0	0.9	0	150	0	45	
12	1	5	5	404	2	0	0.01	0	150	0	9	
12	1	5	34	405	2	0	0.1	0	100	0	6	
12	1	5	302	406	1	300	0.5	0.5	0	0	0	
12	1	5	43	407	1	400	0.9	0.777047	0	0	0	
12	1	5	59	408	1	500	0.01	0.0679772	0	0	0	
12	1	5	85	409	2	0	0.5	0	75	50	57.5	
12	1	5	156	410	1	200	0.95	0.790846	0	0	0	
12	1	5	79	411	2	0	0.5	0	100	0	22	
12	1	5	267	412	1	300	0.95	0.771739	0	0	0	
12	1	5	12	413	1	300	0.1	0.175187	0	0	0	
12	1	5	5	414	1	600	0.01	0.0732846	0	0	0	
12	1	5	131	415	2	0	0.9	0	100	50	67	
12	1	5	205	416	1	600	0.75	0.733526	0	0	0	
12	1	5	13	417	2	0	0.01	0	150	100	103	
12	1	5	212	418	1	300	0.95	0.829059	0	0	0	
12	1	5	25	419	1	600	0.4	0.404467	0	0	0	
12	1	5	7	420	1	300	0.05	0.199601	0	0	0	
12	1	5	144	421	1	500	0.6	0.542459	0	0	0	
12	1	5	327	422	1	300	0.99	0.899117	0	0	0	
12	1	5	306	423	1	200	0.6	0.591287	0	0	0	
12	1	5	132	424	2	0	0.9	0	150	50	80	
12	1	5	105	425	2	0	0.6	0	200	150	161	
12	1	5	146	426	1	200	0.75	0.591287	0	0	0	
12	1	5	7	427	2	0	0.01	0	400	0	8	
12	1	5	103	428	1	400	0.95	0.854535	0	0	0	
12	1	5	10	429	1	600	0.05	0.103006	0	0	0	
12	1	5	260	430	1	600	0.75	0.596595	0	0	0	
12	1	5	48	431	2	0	0.25	0	75	0	4.5	
12	1	5	158	432	2	0	0.99	0	800	0	400	
12	1	5	95	433	1	600	0.75	0.637993	0	0	0	
12	1	5	38	434	1	400	0.75	0.611456	0	0	0	
12	1	5	42	435	2	0	0.1	0	150	50	60	
12	1	5	113	436	2	0	0.75	0	800	0	48	
12	1	5	24	437	1	500	0.4	0.455418	0	0	0	
12	1	5	72	438	1	300	0.25	0.355639	0	0	0	
12	1	5	274	439	1	500	0.99	0.971298	0	0	0	
12	1	5	238	440	1	400	0.25	0.424635	0	0	0	
12	1	5	183	441	1	400	0.25	0.458602	0	0	0	
12	1	5	293	442	1	400	0.25	0.403405	0	0	0	
12	1	5	6	443	2	0	0.01	0	200	0	12	
12	1	5	69	444	1	500	0.1	0.29938	0	0	0	
12	1	5	40	445	2	0	0.1	0	75	50	54.5	
12	1	5	181	446	1	200	0.25	0.399159	0	0	0	
12	1	5	231	447	1	200	0.1	0.354577	0	0	0	
12	1	5	316	448	1	200	0.9	0.772801	0	0	0	
12	1	5	43	449	2	0	0.1	0	150	100	107	
12	1	5	32	450	2	0	0.1	0	50	0	5	
12	1	5	159	451	1	500	0.95	0.917162	0	0	0	
12	1	5	66	452	2	0	0.4	0	200	0	12	
12	1	5	142	453	1	300	0.6	0.501061	0	0	0	
12	1	5	96	454	1	200	0.9	0.777047	0	0	0	
12	1	5	323	455	1	400	0.95	0.806768	0	0	0	
12	1	5	204	456	1	500	0.75	0.808891	0	0	0	
12	1	5	111	457	2	0	0.75	0	200	0	36	
12	1	5	67	458	1	300	0.1	0.136974	0	0	0	
12	1	5	152	459	1	300	0.9	0.854535	0	0	0	
12	1	5	317	460	1	300	0.9	0.886379	0	0	0	
12	1	5	14	461	2	0	0.01	0	200	100	102	
12	1	5	226	462	1	200	0.05	0.104068	0	0	0	
12	1	5	20	463	2	0	0.05	0	150	0	9	
12	1	5	109	464	1	500	0.99	0.918224	0	0	0	
12	1	5	134	465	1	500	0.4	0.360946	0	0	0	
12	1	5	93	466	2	0	0.6	0	75	0	19.5	
12	1	5	180	467	1	600	0.1	0.147588	0	0	0	
12	1	5	151	468	2	0	0.99	0	25	0	9.5	
12	1	5	22	469	1	300	0.4	0.449049	0	0	0	
12	1	5	71	470	1	200	0.25	0.301503	0	0	0	
12	1	5	252	471	1	300	0.6	0.466033	0	0	0	
12	1	5	162	472	2	0	0.99	0	150	50	108	
12	1	5	83	473	1	400	0.5	0.496816	0	0	0	
12	1	5	253	474	1	400	0.6	0.573242	0	0	0	
12	1	5	171	475	1	200	0.05	0.256921	0	0	0	
12	1	5	236	476	1	200	0.25	0.375807	0	0	0	
12	1	5	230	477	1	600	0.05	0.0796535	0	0	0	
12	1	5	222	478	1	300	0.01	0.025518	0	0	0	
12	1	5	153	479	1	400	0.9	0.807829	0	0	0	
12	1	5	100	480	2	0	0.6	0	75	50	57.5	
12	1	5	73	481	2	0	0.4	0	150	100	109	
12	1	5	270	482	1	600	0.95	0.840735	0	0	0	
12	1	5	127	483	1	300	0.25	0.357762	0	0	0	
12	1	5	107	484	2	0	0.75	0	50	0	19	
12	1	5	51	485	2	0	0.25	0	200	0	20	
12	1	5	50	486	1	600	0.95	0.87258	0	0	0	
12	1	5	153	487	2	0	0.99	0	75	0	40.5	
12	1	5	62	488	2	0	0.4	0	50	0	9	
12	1	5	233	489	1	400	0.1	0.255859	0	0	0	
12	1	5	82	490	2	0	0.5	0	400	0	88	
12	1	5	86	491	1	200	0.6	0.61464	0	0	0	
12	1	5	216	492	1	200	0.99	0.970236	0	0	0	
12	1	5	42	493	1	300	0.9	0.936269	0	0	0	
12	1	5	73	494	1	400	0.25	0.309995	0	0	0	
12	1	5	150	495	1	600	0.75	0.683636	0	0	0	
12	2	1	55	1	2	0	0.25	0	75	50	51.5	
12	2	1	312	2	1	300	0.75	0.70062	0	0	0	
12	2	1	152	3	2	0	0.99	0	50	0	43	
12	2	1	162	4	2	0	0.99	0	150	50	140	
12	2	1	43	5	1	400	0.9	0.859842	0	0	0	
12	2	1	31	6	1	200	0.6	0.594472	0	0	0	
12	2	1	10	7	2	0	0.01	0	75	50	50.5	
12	2	1	128	8	2	0	0.9	0	800	0	464	
12	2	1	268	9	1	400	0.95	0.900178	0	0	0	
12	2	1	95	10	1	600	0.75	0.784477	0	0	0	
12	2	1	244	11	1	500	0.4	0.308933	0	0	0	
12	2	1	163	12	2	0	0.99	0	150	100	147	
12	2	1	121	13	2	0	0.9	0	25	0	12.5	
12	2	1	137	14	1	300	0.5	0.390667	0	0	0	
12	2	1	200	15	1	600	0.6	0.502123	0	0	0	
12	2	1	4	16	2	0	0.01	0	100	0	2	
12	2	1	19	17	2	0	0.05	0	100	0	6	
12	2	1	148	18	2	0	0.95	0	150	100	139	
12	2	1	227	19	1	300	0.05	0.100883	0	0	0	
12	2	1	59	20	1	500	0.01	0.025518	0	0	0	
12	2	1	58	21	2	0	0.25	0	150	100	105	
12	2	1	218	22	1	400	0.99	0.969175	0	0	0	
12	2	1	139	23	2	0	0.95	0	100	0	66	
12	2	1	98	24	1	400	0.9	0.687882	0	0	0	
12	2	1	167	25	1	300	0.01	0.0170262	0	0	0	
12	2	1	267	26	1	300	0.95	0.942638	0	0	0	
12	2	1	214	27	1	500	0.95	0.9299	0	0	0	
12	2	1	138	28	1	400	0.5	0.319548	0	0	0	
12	2	1	178	29	1	400	0.1	0.186863	0	0	0	
12	2	1	108	30	2	0	0.75	0	75	0	16.5	
12	2	1	159	31	2	0	0.99	0	50	25	47.5	
12	2	1	314	32	1	500	0.75	0.680452	0	0	0	
12	2	1	140	33	2	0	0.95	0	150	0	117	
12	2	1	114	34	1	500	0.01	0.0414402	0	0	0	
12	2	1	92	35	2	0	0.6	0	50	0	9	
12	2	1	302	36	1	300	0.5	0.501061	0	0	0	
12	2	1	132	37	2	0	0.9	0	150	50	120	
12	2	1	17	38	1	300	0.25	0.348208	0	0	0	
12	2	1	23	39	2	0	0.05	0	800	0	16	
12	2	1	175	40	1	600	0.05	0.391729	0	0	0	
12	2	1	53	41	1	400	0.99	0.953252	0	0	0	
12	2	1	328	42	1	400	0.99	0.955375	0	0	0	
12	2	1	197	43	1	300	0.6	0.639054	0	0	0	
12	2	1	22	44	1	300	0.4	0.399159	0	0	0	
12	2	1	57	45	2	0	0.25	0	150	50	64	
12	2	1	285	46	1	600	0.05	0.289827	0	0	0	
12	2	1	206	47	1	200	0.9	0.82269	0	0	0	
12	2	1	29	48	1	500	0.5	0.420389	0	0	0	
12	2	1	196	49	1	200	0.6	0.567935	0	0	0	
12	2	1	118	50	1	400	0.05	0.115744	0	0	0	
12	2	1	36	51	2	0	0.1	0	200	0	12	
12	2	1	85	52	1	600	0.5	0.461787	0	0	0	
12	2	1	300	53	1	600	0.4	0.407651	0	0	0	
12	2	1	182	54	1	300	0.25	0.372622	0	0	0	
12	2	1	260	55	1	600	0.75	0.648607	0	0	0	
12	2	1	148	56	1	400	0.75	0.623132	0	0	0	
12	2	1	198	57	1	400	0.6	0.313179	0	0	0	
12	2	1	3	58	1	400	0.01	0.0785921	0	0	0	
12	2	1	34	59	1	500	0.6	0.57855	0	0	0	
12	2	1	78	60	1	400	0.4	0.439496	0	0	0	
12	2	1	86	61	1	200	0.6	0.553074	0	0	0	
12	2	1	240	62	1	600	0.25	0.462848	0	0	0	
12	2	1	112	63	1	300	0.01	0.027641	0	0	0	
12	2	1	38	64	2	0	0.1	0	800	0	16	
12	2	1	63	65	1	400	0.05	0.276028	0	0	0	
12	2	1	164	66	2	0	0.99	0	200	100	186	
12	2	1	151	67	2	0	0.99	0	25	0	21.5	
12	2	1	74	68	2	0	0.4	0	200	100	122	
12	2	1	317	69	1	300	0.9	0.7866	0	0	0	
12	2	1	55	70	1	600	0.99	0.953252	0	0	0	
12	2	1	234	71	1	500	0.1	0.101945	0	0	0	
12	2	1	117	72	2	0	0.75	0	150	50	56	
12	2	1	202	73	1	300	0.75	0.668775	0	0	0	
12	2	1	1	74	2	0	0.01	0	25	0	0.5	
12	2	1	143	75	2	0	0.95	0	800	0	208	
12	2	1	165	76	1	600	0.99	0.907609	0	0	0	
12	2	1	60	77	2	0	0.25	0	200	150	153	
12	2	1	280	78	1	600	0.01	0.0425017	0	0	0	
12	2	1	287	79	1	300	0.1	0.164572	0	0	0	
12	2	1	258	80	1	400	0.75	0.434188	0	0	0	
12	2	1	136	81	2	0	0.95	0	25	0	20.5	
12	2	1	27	82	1	300	0.5	0.592349	0	0	0	
12	2	1	207	83	1	300	0.9	0.659222	0	0	0	
12	2	1	15	84	1	600	0.1	0.246306	0	0	0	
12	2	1	124	85	1	500	0.1	0.219769	0	0	0	
12	2	1	66	86	1	200	0.1	0.164572	0	0	0	
12	2	1	132	87	1	300	0.4	0.26329	0	0	0	
12	2	1	188	88	1	400	0.4	0.37793	0	0	0	
12	2	1	71	89	2	0	0.4	0	100	50	55	
12	2	1	121	90	1	200	0.1	0.300442	0	0	0	
12	2	1	164	91	1	500	0.99	0.950068	0	0	0	
12	2	1	68	92	2	0	0.4	0	800	0	16	
12	2	1	69	93	2	0	0.4	0	50	25	27.5	
12	2	1	292	94	1	300	0.25	0.390667	0	0	0	
12	2	1	201	95	1	200	0.75	0.6433	0	0	0	
12	2	1	277	96	1	300	0.01	0.0425017	0	0	0	
12	2	1	5	97	2	0	0.01	0	150	0	3	
12	2	1	64	98	1	500	0.05	0.0913298	0	0	0	
12	2	1	203	99	1	400	0.75	0.747325	0	0	0	
12	2	2	158	100	1	400	0.95	0.81526	0	0	0	
12	2	2	62	101	2	0	0.4	0	50	0	5	
12	2	2	84	102	1	500	0.5	0.420389	0	0	0	
12	2	2	246	103	1	200	0.5	0.381114	0	0	0	
12	2	2	114	104	2	0	0.75	0	50	25	34.5	
12	2	2	28	105	1	400	0.5	0.457541	0	0	0	
12	2	2	149	106	2	0	0.95	0	200	100	170	
12	2	2	294	107	1	500	0.25	0.316364	0	0	0	
12	2	2	58	108	1	400	0.01	0.0509935	0	0	0	
12	2	2	8	109	2	0	0.01	0	800	0	16	
12	2	2	104	110	2	0	0.6	0	200	100	130	
12	2	2	212	111	1	300	0.95	0.782354	0	0	0	
12	2	2	41	112	1	200	0.9	0.764309	0	0	0	
12	2	2	247	113	1	300	0.5	0.387483	0	0	0	
12	2	2	301	114	1	200	0.5	0.428881	0	0	0	
12	2	2	256	115	1	200	0.75	0.629501	0	0	0	
12	2	2	92	116	1	300	0.75	0.574304	0	0	0	
12	2	2	216	117	1	200	0.99	0.961744	0	0	0	
12	2	2	165	118	2	0	0.99	0	200	150	187	
12	2	2	291	119	1	200	0.25	0.336532	0	0	0	
12	2	2	177	120	1	300	0.1	0.211277	0	0	0	
12	2	2	133	121	2	0	0.9	0	150	100	135	
12	2	2	49	122	1	500	0.95	0.817383	0	0	0	
12	2	2	101	123	2	0	0.6	0	100	50	61	
12	2	2	284	124	1	500	0.05	0.289827	0	0	0	
12	2	2	1	125	1	200	0.01	0.0701002	0	0	0	
12	2	2	134	126	1	500	0.4	0.596595	0	0	0	
12	2	2	60	127	1	600	0.01	0.0817765	0	0	0	
12	2	2	236	128	1	200	0.25	0.394913	0	0	0	
12	2	2	151	129	1	200	0.9	0.698497	0	0	0	
12	2	2	232	130	1	300	0.1	0.145465	0	0	0	
12	2	2	126	131	2	0	0.9	0	200	0	68	
12	2	2	193	132	1	400	0.5	0.37793	0	0	0	
12	2	2	249	133	1	500	0.5	0.408713	0	0	0	
12	2	2	282	134	1	300	0.05	0.152896	0	0	0	
12	2	2	46	135	2	0	0.25	0	25	0	5.5	
12	2	2	76	136	1	200	0.4	0.403405	0	0	0	
12	2	2	29	137	2	0	0.05	0	200	100	122	
12	2	2	160	138	1	600	0.95	0.763247	0	0	0	
12	2	2	110	139	2	0	0.75	0	150	0	33	
12	2	2	245	140	1	600	0.4	0.45011	0	0	0	
12	2	2	115	141	1	600	0.01	0.104068	0	0	0	
12	2	2	39	142	1	500	0.75	0.634808	0	0	0	
12	2	2	261	143	1	200	0.9	0.837551	0	0	0	
12	2	2	75	144	1	600	0.25	0.312118	0	0	0	
12	2	2	109	145	2	0	0.75	0	100	0	50	
12	2	2	50	146	2	0	0.25	0	150	0	9	
12	2	2	51	147	1	200	0.99	0.967052	0	0	0	
12	2	2	120	148	1	600	0.05	0.0584239	0	0	0	
12	2	2	146	149	2	0	0.95	0	100	50	81	
12	2	2	52	150	1	300	0.99	0.933084	0	0	0	
12	2	2	28	151	2	0	0.05	0	150	100	103	
12	2	2	24	152	2	0	0.05	0	50	25	26.5	
12	2	2	59	153	2	0	0.25	0	200	100	110	
12	2	2	205	154	1	600	0.75	0.434188	0	0	0	
12	2	2	19	155	1	500	0.25	0.341839	0	0	0	
12	2	2	89	156	2	0	0.5	0	200	100	106	
12	2	2	319	157	1	500	0.9	0.763247	0	0	0	
12	2	2	122	158	2	0	0.9	0	50	0	13	
12	2	2	242	159	1	300	0.4	0.399159	0	0	0	
12	2	2	93	160	1	400	0.75	0.673021	0	0	0	
12	2	2	137	161	2	0	0.95	0	50	0	29	
12	2	2	72	162	2	0	0.4	0	150	50	56	
12	2	2	22	163	2	0	0.05	0	400	0	8	
12	2	2	5	164	1	600	0.01	0.0212721	0	0	0	
12	2	2	119	165	1	500	0.05	0.193232	0	0	0	
12	2	2	217	166	1	300	0.99	0.933084	0	0	0	
12	2	2	209	167	1	500	0.9	0.873641	0	0	0	
12	2	2	311	168	1	200	0.75	0.65073	0	0	0	
12	2	2	145	169	2	0	0.95	0	75	50	64.5	
12	2	2	11	170	1	200	0.1	0.212339	0	0	0	
12	2	2	9	171	1	500	0.05	0.0849609	0	0	0	
12	2	2	308	172	1	400	0.6	0.365192	0	0	0	
12	2	2	89	173	1	500	0.6	0.43525	0	0	0	
12	2	2	266	174	1	200	0.95	0.867272	0	0	0	
12	2	2	8	175	1	400	0.05	0.128482	0	0	0	
12	2	2	265	176	1	600	0.9	0.906547	0	0	0	
12	2	2	48	177	1	400	0.95	0.861965	0	0	0	
12	2	2	286	178	1	200	0.1	0.0690387	0	0	0	
12	2	2	259	179	1	500	0.75	0.429942	0	0	0	
12	2	2	90	180	2	0	0.5	0	200	150	155	
12	2	2	78	181	2	0	0.5	0	75	0	10.5	
12	2	2	18	182	2	0	0.05	0	75	0	1.5	
12	2	2	119	183	2	0	0.75	0	200	100	130	
12	2	2	17	184	2	0	0.05	0	50	0	1	
12	2	2	150	185	1	600	0.75	0.705927	0	0	0	
12	2	2	303	186	1	400	0.5	0.447987	0	0	0	
12	2	2	25	187	2	0	0.05	0	75	50	50.5	
12	2	2	142	188	1	300	0.6	0.688944	0	0	0	
12	2	2	82	189	1	300	0.5	0.576427	0	0	0	
12	2	2	142	190	2	0	0.95	0	400	0	168	
12	2	2	173	191	1	400	0.05	0.142281	0	0	0	
12	2	2	44	192	2	0	0.1	0	200	100	106	
12	2	2	115	193	2	0	0.75	0	75	50	57.5	
12	2	2	81	194	1	200	0.5	0.491508	0	0	0	
12	2	2	146	195	1	200	0.75	0.624193	0	0	0	
12	2	2	141	196	1	200	0.6	0.728218	0	0	0	
12	2	2	131	197	1	200	0.4	0.501061	0	0	0	
12	2	2	210	198	1	600	0.9	0.704866	0	0	0	
12	2	3	21	199	2	0	0.05	0	200	0	4	
12	2	3	237	200	1	300	0.25	0.286642	0	0	0	
12	2	3	135	201	2	0	0.9	0	200	150	177	
12	2	3	183	202	1	400	0.25	0.611456	0	0	0	
12	2	3	251	203	1	200	0.6	0.657099	0	0	0	
12	2	3	106	204	1	200	0.99	0.952191	0	0	0	
12	2	3	41	205	2	0	0.1	0	100	50	51	
12	2	3	155	206	2	0	0.99	0	150	0	111	
12	2	3	101	207	1	200	0.95	0.899117	0	0	0	
12	2	3	108	208	1	400	0.99	0.949006	0	0	0	
12	2	3	43	209	2	0	0.1	0	150	100	103	
12	2	3	139	210	1	500	0.5	0.45011	0	0	0	
12	2	3	56	211	2	0	0.25	0	100	50	53	
12	2	3	57	212	1	300	0.01	0.0647928	0	0	0	
12	2	3	110	213	1	600	0.99	0.938392	0	0	0	
12	2	3	134	214	2	0	0.9	0	200	100	150	
12	2	3	315	215	1	600	0.75	0.686821	0	0	0	
12	2	3	325	216	1	600	0.95	0.863026	0	0	0	
12	2	3	231	217	1	200	0.1	0.138035	0	0	0	
12	2	3	96	218	1	200	0.9	0.773862	0	0	0	
12	2	3	97	219	1	300	0.9	0.84392	0	0	0	
12	2	3	170	220	1	600	0.01	0.0371943	0	0	0	
12	2	3	297	221	1	300	0.4	0.474524	0	0	0	
12	2	3	219	222	1	500	0.99	0.905486	0	0	0	
12	2	3	116	223	1	200	0.05	0.0605469	0	0	0	
12	2	3	54	224	1	500	0.99	0.959621	0	0	0	
12	2	3	113	225	1	400	0.01	0.0382558	0	0	0	
12	2	3	107	226	1	300	0.99	0.989343	0	0	0	
12	2	3	86	227	2	0	0.5	0	100	50	61	
12	2	3	102	228	1	300	0.95	0.895932	0	0	0	
12	2	3	40	229	1	600	0.75	0.9299	0	0	0	
12	2	3	37	230	1	300	0.75	0.601902	0	0	0	
12	2	3	190	231	1	600	0.4	0.451172	0	0	0	
12	2	3	221	232	1	200	0.01	0.0403787	0	0	0	
12	2	3	4	233	1	500	0.01	0.0180876	0	0	0	
12	2	3	324	234	1	500	0.95	0.963867	0	0	0	
12	2	3	113	235	2	0	0.75	0	800	0	80	
12	2	3	269	236	1	500	0.95	0.9299	0	0	0	
12	2	3	94	237	2	0	0.6	0	100	0	10	
12	2	3	91	238	1	200	0.75	0.40659	0	0	0	
12	2	3	154	239	1	500	0.9	0.653915	0	0	0	
12	2	3	100	240	2	0	0.6	0	75	50	58.5	
12	2	3	10	241	1	600	0.05	0.293011	0	0	0	
12	2	3	102	242	2	0	0.6	0	150	50	72	
12	2	3	239	243	1	500	0.25	0.426758	0	0	0	
12	2	3	62	244	1	300	0.05	0.24206	0	0	0	
12	2	3	111	245	1	200	0.01	0.0382558	0	0	0	
12	2	3	322	246	1	300	0.95	0.791907	0	0	0	
12	2	3	208	247	1	400	0.9	0.801461	0	0	0	
12	2	3	116	248	2	0	0.75	0	100	50	71	
12	2	3	241	249	1	200	0.4	0.420389	0	0	0	
12	2	3	69	250	1	500	0.1	0.106191	0	0	0	
12	2	3	7	251	1	300	0.05	0.0690387	0	0	0	
12	2	3	118	252	2	0	0.75	0	150	100	111	
12	2	3	129	253	2	0	0.9	0	50	25	34.5	
12	2	3	14	254	2	0	0.01	0	200	100	102	
12	2	3	37	255	2	0	0.1	0	400	0	8	
12	2	3	98	256	2	0	0.6	0	800	0	48	
12	2	3	93	257	2	0	0.6	0	75	0	7.5	
12	2	3	99	258	2	0	0.6	0	50	25	31.5	
12	2	3	44	259	1	500	0.9	0.746264	0	0	0	
12	2	3	111	260	2	0	0.75	0	200	0	44	
12	2	3	279	261	1	500	0.01	0.109375	0	0	0	
12	2	3	42	262	2	0	0.1	0	150	50	52	
12	2	3	199	263	1	500	0.6	0.629501	0	0	0	
12	2	3	192	264	1	300	0.5	0.343962	0	0	0	
12	2	3	127	265	2	0	0.9	0	400	0	40	
12	2	3	54	266	2	0	0.25	0	50	25	26.5	
12	2	3	70	267	2	0	0.4	0	75	50	51.5	
12	2	3	318	268	1	400	0.9	0.403405	0	0	0	
12	2	3	310	269	1	600	0.6	0.605087	0	0	0	
12	2	3	61	270	2	0	0.4	0	25	0	1.5	
12	2	3	88	271	2	0	0.5	0	150	100	103	
12	2	3	88	272	1	400	0.6	0.409774	0	0	0	
12	2	3	316	273	1	200	0.9	0.904424	0	0	0	
12	2	3	159	274	1	500	0.95	0.90124	0	0	0	
12	2	3	144	275	1	500	0.6	0.93733	0	0	0	
12	2	3	107	276	2	0	0.75	0	50	0	11	
12	2	3	180	277	1	600	0.1	0.229322	0	0	0	
12	2	3	296	278	1	200	0.4	0.403405	0	0	0	
12	2	3	278	279	1	400	0.01	0.103006	0	0	0	
12	2	3	3	280	2	0	0.01	0	75	0	1.5	
12	2	3	76	281	2	0	0.5	0	25	0	2.5	
12	2	3	50	282	1	600	0.95	0.660284	0	0	0	
12	2	3	20	283	1	600	0.25	0.290888	0	0	0	
12	2	3	33	284	2	0	0.1	0	75	0	4.5	
12	2	3	126	285	1	200	0.25	0.47134	0	0	0	
12	2	3	295	286	1	600	0.25	0.401282	0	0	0	
12	2	3	45	287	1	600	0.9	0.749448	0	0	0	
12	2	3	289	288	1	500	0.1	0.262228	0	0	0	
12	2	3	51	289	2	0	0.25	0	200	0	4	
12	2	3	72	290	1	300	0.25	0.418266	0	0	0	
12	2	3	152	291	1	300	0.9	0.808891	0	0	0	
12	2	3	145	292	1	600	0.6	0.41402	0	0	0	
12	2	3	283	293	1	400	0.05	0.215523	0	0	0	
12	2	3	166	294	1	200	0.01	0.0149032	0	0	0	
12	2	3	238	295	1	400	0.25	0.34927	0	0	0	
12	2	3	275	296	1	600	0.99	0.991466	0	0	0	
12	2	3	85	297	2	0	0.5	0	75	50	53.5	
12	2	4	52	298	2	0	0.25	0	400	0	8	
12	2	4	185	299	1	600	0.25	0.449049	0	0	0	
12	2	4	299	300	1	500	0.4	0.452233	0	0	0	
12	2	4	84	301	2	0	0.5	0	50	25	27.5	
12	2	4	230	302	1	600	0.05	0.224015	0	0	0	
12	2	4	136	303	1	200	0.5	0.5	0	0	0	
12	2	4	95	304	2	0	0.6	0	150	0	9	
12	2	4	9	305	2	0	0.01	0	50	25	25.5	
12	2	4	306	306	1	200	0.6	0.476647	0	0	0	
12	2	4	79	307	1	500	0.4	0.41402	0	0	0	
12	2	4	12	308	1	300	0.1	0.373684	0	0	0	
12	2	4	156	309	2	0	0.99	0	200	0	132	
12	2	4	53	310	2	0	0.25	0	800	0	16	
12	2	4	250	311	1	600	0.5	0.461787	0	0	0	
12	2	4	45	312	2	0	0.1	0	200	150	153	
12	2	4	147	313	1	300	0.75	0.630562	0	0	0	
12	2	4	172	314	1	300	0.05	0.369438	0	0	0	
12	2	4	12	315	2	0	0.01	0	150	50	56	
12	2	4	103	316	1	400	0.95	0.432065	0	0	0	
12	2	4	106	317	2	0	0.75	0	25	0	7.5	
12	2	4	80	318	2	0	0.5	0	150	0	9	
12	2	4	298	319	1	400	0.4	0.544582	0	0	0	
12	2	4	103	320	2	0	0.6	0	150	100	105	
12	2	4	179	321	1	500	0.1	0.280273	0	0	0	
12	2	4	100	322	1	600	0.9	0.799338	0	0	0	
12	2	4	307	323	1	300	0.6	0.606148	0	0	0	
12	2	4	133	324	1	400	0.4	0.411897	0	0	0	
12	2	4	26	325	2	0	0.05	0	100	50	53	
12	2	4	122	326	1	300	0.1	0.212339	0	0	0	
12	2	4	228	327	1	400	0.05	0.158203	0	0	0	
12	2	4	27	328	2	0	0.05	0	150	50	52	
12	2	4	144	329	2	0	0.95	0	50	25	35.5	
12	2	4	243	330	1	400	0.4	0.341839	0	0	0	
12	2	4	160	331	2	0	0.99	0	75	50	64.5	
12	2	4	120	332	2	0	0.75	0	200	150	161	
12	2	4	191	333	1	200	0.5	0.42145	0	0	0	
12	2	4	13	334	1	400	0.1	0.407651	0	0	0	
12	2	4	75	335	2	0	0.4	0	200	150	153	
12	2	4	49	336	2	0	0.25	0	100	0	6	
12	2	4	96	337	2	0	0.6	0	200	0	44	
12	2	4	140	338	1	600	0.5	0.601902	0	0	0	
12	2	4	305	339	1	600	0.5	0.5	0	0	0	
12	2	4	204	340	1	500	0.75	0.598718	0	0	0	
12	2	4	73	341	1	400	0.25	0.391729	0	0	0	
12	2	4	15	342	2	0	0.01	0	200	150	151	
12	2	4	326	343	1	200	0.99	0.950068	0	0	0	
12	2	4	23	344	1	400	0.4	0.432065	0	0	0	
12	2	4	162	345	1	300	0.99	0.974482	0	0	0	
12	2	4	158	346	2	0	0.99	0	800	0	400	
12	2	4	2	347	1	300	0.01	0.027641	0	0	0	
12	2	4	79	348	2	0	0.5	0	100	0	22	
12	2	4	270	349	1	600	0.95	0.675144	0	0	0	
12	2	4	14	350	1	500	0.1	0.215523	0	0	0	
12	2	4	149	351	1	500	0.75	0.587041	0	0	0	
12	2	4	293	352	1	400	0.25	0.368376	0	0	0	
12	2	4	271	353	1	200	0.99	0.980851	0	0	0	
12	2	4	35	354	2	0	0.1	0	150	0	9	
12	2	4	67	355	1	300	0.1	0.281335	0	0	0	
12	2	4	233	356	1	400	0.1	0.237814	0	0	0	
12	2	4	254	357	1	500	0.6	0.453295	0	0	0	
12	2	4	153	358	1	400	0.9	0.875764	0	0	0	
12	2	4	304	359	1	500	0.5	0.647546	0	0	0	
12	2	4	47	360	2	0	0.25	0	50	0	3	
12	2	4	67	361	2	0	0.4	0	400	0	8	
12	2	4	87	362	1	300	0.6	0.502123	0	0	0	
12	2	4	222	363	1	300	0.01	0.0647928	0	0	0	
12	2	4	321	364	1	200	0.95	0.963867	0	0	0	
12	2	4	91	365	2	0	0.6	0	25	0	4.5	
12	2	4	21	366	1	200	0.4	0.40659	0	0	0	
12	2	4	313	367	1	400	0.75	0.698497	0	0	0	
12	2	4	187	368	1	300	0.4	0.5	0	0	0	
12	2	4	161	369	2	0	0.99	0	100	50	77	
12	2	4	124	370	2	0	0.9	0	100	0	10	
12	2	4	11	371	2	0	0.01	0	100	50	51	
12	2	4	38	372	1	400	0.75	0.628439	0	0	0	
12	2	4	171	373	1	200	0.05	0.132728	0	0	0	
12	2	4	154	374	2	0	0.99	0	100	0	50	
12	2	4	24	375	1	500	0.4	0.387483	0	0	0	
12	2	4	155	376	1	600	0.9	0.739895	0	0	0	
12	2	4	323	377	1	400	0.95	0.788723	0	0	0	
12	2	4	25	378	1	600	0.4	0.409774	0	0	0	
12	2	4	135	379	1	600	0.4	0.375807	0	0	0	
12	2	4	16	380	1	200	0.25	0.403405	0	0	0	
12	2	4	36	381	1	200	0.75	0.791907	0	0	0	
12	2	4	99	382	1	500	0.9	0.816321	0	0	0	
12	2	4	264	383	1	500	0.9	0.875764	0	0	0	
12	2	4	327	384	1	300	0.99	0.980851	0	0	0	
12	2	4	273	385	1	400	0.99	0.942638	0	0	0	
12	2	4	81	386	2	0	0.5	0	200	0	12	
12	2	4	70	387	1	600	0.1	0.143342	0	0	0	
12	2	4	143	388	1	400	0.6	0.63587	0	0	0	
12	2	4	46	389	1	200	0.95	0.833305	0	0	0	
12	2	4	184	390	1	500	0.25	0.378991	0	0	0	
12	2	4	288	391	1	400	0.1	0.217646	0	0	0	
12	2	4	31	392	2	0	0.1	0	25	0	2.5	
12	2	4	225	393	1	600	0.01	0.953252	0	0	0	
12	2	4	64	394	2	0	0.4	0	100	0	6	
12	2	4	157	395	1	300	0.95	0.905486	0	0	0	
12	2	4	226	396	1	200	0.05	0.167756	0	0	0	
12	2	5	189	397	1	500	0.4	0.437373	0	0	0	
12	2	5	56	398	1	200	0.01	0.0531165	0	0	0	
12	2	5	138	399	2	0	0.95	0	75	0	40.5	
12	2	5	272	400	1	300	0.99	0.969175	0	0	0	
12	2	5	16	401	2	0	0.05	0	25	0	1.5	
12	2	5	112	402	2	0	0.75	0	400	0	56	
12	2	5	47	403	1	300	0.95	0.930961	0	0	0	
12	2	5	168	404	1	400	0.01	0.0159647	0	0	0	
12	2	5	255	405	1	600	0.6	0.574304	0	0	0	
12	2	5	68	406	1	400	0.1	0.0658543	0	0	0	
12	2	5	6	407	1	200	0.05	0.117867	0	0	0	
12	2	5	105	408	1	600	0.95	0.933084	0	0	0	
12	2	5	181	409	1	200	0.25	0.0987602	0	0	0	
12	2	5	127	410	1	300	0.25	0.157142	0	0	0	
12	2	5	248	411	1	400	0.5	0.616763	0	0	0	
12	2	5	123	412	1	400	0.1	0.33547	0	0	0	
12	2	5	274	413	1	500	0.99	0.981912	0	0	0	
12	2	5	211	414	1	200	0.95	0.553074	0	0	0	
12	2	5	30	415	1	600	0.5	0.613578	0	0	0	
12	2	5	87	416	2	0	0.5	0	150	50	56	
12	2	5	235	417	1	600	0.1	0.313179	0	0	0	
12	2	5	263	418	1	400	0.9	0.722911	0	0	0	
12	2	5	276	419	1	200	0.01	0.126359	0	0	0	
12	2	5	194	420	1	500	0.5	0.65073	0	0	0	
12	2	5	262	421	1	300	0.9	0.691067	0	0	0	
12	2	5	32	422	2	0	0.1	0	50	0	3	
12	2	5	90	423	1	600	0.6	0.641177	0	0	0	
12	2	5	130	424	1	600	0.25	0.330163	0	0	0	
12	2	5	195	425	1	600	0.5	0.587041	0	0	0	
12	2	5	94	426	1	500	0.75	0.595533	0	0	0	
12	2	5	130	427	2	0	0.9	0	75	50	59.5	
12	2	5	161	428	1	200	0.99	0.980851	0	0	0	
12	2	5	125	429	2	0	0.9	0	150	0	75	
12	2	5	73	430	2	0	0.4	0	150	100	111	
12	2	5	65	431	1	600	0.05	0.151834	0	0	0	
12	2	5	105	432	2	0	0.6	0	200	150	163	
12	2	5	147	433	2	0	0.95	0	150	50	100	
12	2	5	329	434	1	500	0.99	0.964929	0	0	0	
12	2	5	2	435	2	0	0.01	0	50	0	1	
12	2	5	186	436	1	200	0.4	0.599779	0	0	0	
12	2	5	223	437	1	400	0.01	0.104068	0	0	0	
12	2	5	129	438	1	500	0.25	0.303626	0	0	0	
12	2	5	290	439	1	600	0.1	0.159265	0	0	0	
12	2	5	330	440	1	600	0.99	0.797215	0	0	0	
12	2	5	48	441	2	0	0.25	0	75	0	4.5	
12	2	5	213	442	1	400	0.95	0.873641	0	0	0	
12	2	5	77	443	2	0	0.5	0	50	0	5	
12	2	5	320	444	1	600	0.9	0.84392	0	0	0	
12	2	5	7	445	2	0	0.01	0	400	0	8	
12	2	5	131	446	2	0	0.9	0	100	50	69	
12	2	5	176	447	1	200	0.1	0.579611	0	0	0	
12	2	5	123	448	2	0	0.9	0	75	0	25.5	
12	2	5	128	449	1	400	0.25	0.416143	0	0	0	
12	2	5	74	450	1	500	0.25	0.381114	0	0	0	
12	2	5	34	451	2	0	0.1	0	100	0	2	
12	2	5	281	452	1	200	0.05	0.107252	0	0	0	
12	2	5	141	453	2	0	0.95	0	200	0	116	
12	2	5	32	454	1	300	0.6	0.522291	0	0	0	
12	2	5	13	455	2	0	0.01	0	150	100	101	
12	2	5	163	456	1	400	0.99	0.976605	0	0	0	
12	2	5	125	457	1	600	0.1	0.167756	0	0	0	
12	2	5	215	458	1	600	0.95	0.883195	0	0	0	
12	2	5	153	459	2	0	0.99	0	75	0	52.5	
12	2	5	6	460	2	0	0.01	0	200	0	4	
12	2	5	83	461	1	400	0.5	0.623132	0	0	0	
12	2	5	109	462	1	500	0.99	0.972359	0	0	0	
12	2	5	104	463	1	500	0.95	0.932023	0	0	0	
12	2	5	35	464	1	600	0.6	0.496816	0	0	0	
12	2	5	80	465	1	600	0.4	0.467094	0	0	0	
12	2	5	117	466	1	300	0.05	0.162449	0	0	0	
12	2	5	63	467	2	0	0.4	0	75	0	4.5	
12	2	5	71	468	1	200	0.25	0.405528	0	0	0	
12	2	5	40	469	2	0	0.1	0	75	50	51.5	
12	2	5	150	470	2	0	0.95	0	200	150	159	
12	2	5	20	471	2	0	0.05	0	150	0	3	
12	2	5	174	472	1	500	0.05	0.191109	0	0	0	
12	2	5	156	473	1	200	0.95	0.835428	0	0	0	
12	2	5	30	474	2	0	0.05	0	200	150	151	
12	2	5	252	475	1	300	0.6	0.790846	0	0	0	
12	2	5	257	476	1	300	0.75	0.470279	0	0	0	
12	2	5	309	477	1	500	0.6	0.589164	0	0	0	
12	2	5	83	478	2	0	0.5	0	800	0	16	
12	2	5	77	479	1	300	0.4	0.5	0	0	0	
12	2	5	157	480	2	0	0.99	0	400	0	296	
12	2	5	39	481	2	0	0.1	0	50	25	25.5	
12	2	5	169	482	1	500	0.01	0.0488706	0	0	0	
12	2	5	26	483	1	200	0.5	0.610394	0	0	0	
12	2	5	224	484	1	500	0.01	0.111498	0	0	0	
12	2	5	82	485	2	0	0.5	0	400	0	24	
12	2	5	253	486	1	400	0.6	0.582796	0	0	0	
12	2	5	220	487	1	600	0.99	0.967052	0	0	0	
12	2	5	42	488	1	300	0.9	0.942638	0	0	0	
12	2	5	229	489	1	500	0.05	0.0881454	0	0	0	
12	2	5	18	490	1	400	0.25	0.115744	0	0	0	
12	2	5	66	491	2	0	0.4	0	200	0	12	
12	2	5	61	492	1	200	0.05	0.240999	0	0	0	
12	2	5	97	493	2	0	0.6	0	400	0	8	
12	2	5	33	494	1	400	0.6	0.598718	0	0	0	
12	2	5	65	495	2	0	0.4	0	150	0	9	
