Subject#	Session#	Block#	Stim#	Trial#	Task	Numerosity	P_true	P_reported	x1	x2	CE	
2	1	1	160	1	2	0	0.99	0	75	50	67.5	
2	1	1	131	2	1	200	0.4	0.397036	0	0	0	
2	1	1	103	3	1	400	0.95	0.954314	0	0	0	
2	1	1	3	4	1	400	0.01	0.0212721	0	0	0	
2	1	1	38	5	1	400	0.75	0.697435	0	0	0	
2	1	1	269	6	1	500	0.95	0.906547	0	0	0	
2	1	1	127	7	2	0	0.9	0	400	0	216	
2	1	1	59	8	1	500	0.01	0.0318869	0	0	0	
2	1	1	70	9	2	0	0.4	0	75	50	63.5	
2	1	1	17	10	1	300	0.25	0.393852	0	0	0	
2	1	1	91	11	1	200	0.75	0.804645	0	0	0	
2	1	1	93	12	1	400	0.75	0.853473	0	0	0	
2	1	1	198	13	1	400	0.6	0.867272	0	0	0	
2	1	1	32	14	1	300	0.6	0.807829	0	0	0	
2	1	1	60	15	1	600	0.01	0.0414402	0	0	0	
2	1	1	216	16	1	200	0.99	0.988281	0	0	0	
2	1	1	151	17	1	200	0.9	0.934146	0	0	0	
2	1	1	184	18	1	500	0.25	0.155019	0	0	0	
2	1	1	64	19	1	500	0.05	0.0637313	0	0	0	
2	1	1	241	20	1	200	0.4	0.342901	0	0	0	
2	1	1	43	21	1	400	0.9	0.946883	0	0	0	
2	1	1	36	22	1	200	0.75	0.701681	0	0	0	
2	1	1	67	23	1	300	0.1	0.140158	0	0	0	
2	1	1	134	24	1	500	0.4	0.216585	0	0	0	
2	1	1	124	25	2	0	0.9	0	100	0	58	
2	1	1	145	26	1	600	0.6	0.772801	0	0	0	
2	1	1	41	27	2	0	0.1	0	100	50	65	
2	1	1	35	28	1	600	0.6	0.799338	0	0	0	
2	1	1	229	29	1	500	0.05	0.080715	0	0	0	
2	1	1	84	30	1	500	0.5	0.395975	0	0	0	
2	1	1	144	31	2	0	0.95	0	50	25	43.5	
2	1	1	166	32	1	200	0.01	0.0265795	0	0	0	
2	1	1	21	33	1	200	0.4	0.523353	0	0	0	
2	1	1	295	34	1	600	0.25	0.305749	0	0	0	
2	1	1	26	35	1	200	0.5	0.548828	0	0	0	
2	1	1	48	36	2	0	0.25	0	75	0	34.5	
2	1	1	11	37	2	0	0.01	0	100	50	63	
2	1	1	57	38	1	300	0.01	0.0191491	0	0	0	
2	1	1	271	39	1	200	0.99	0.988281	0	0	0	
2	1	1	115	40	2	0	0.75	0	75	50	66.5	
2	1	1	311	41	1	200	0.75	0.891686	0	0	0	
2	1	1	156	42	1	200	0.95	0.938392	0	0	0	
2	1	1	141	43	2	0	0.95	0	200	0	148	
2	1	1	242	44	1	300	0.4	0.434188	0	0	0	
2	1	1	114	45	2	0	0.75	0	50	25	37.5	
2	1	1	146	46	1	200	0.75	0.798276	0	0	0	
2	1	1	67	47	2	0	0.4	0	400	0	104	
2	1	1	214	48	1	500	0.95	0.960683	0	0	0	
2	1	1	155	49	2	0	0.99	0	150	0	111	
2	1	1	80	50	1	600	0.4	0.397036	0	0	0	
2	1	1	54	51	2	0	0.25	0	50	25	32.5	
2	1	1	4	52	2	0	0.01	0	100	0	26	
2	1	1	43	53	2	0	0.1	0	150	100	115	
2	1	1	48	54	1	400	0.95	0.918224	0	0	0	
2	1	1	261	55	1	200	0.9	0.946883	0	0	0	
2	1	1	122	56	1	300	0.1	0.0552395	0	0	0	
2	1	1	264	57	1	500	0.9	0.950068	0	0	0	
2	1	1	98	58	1	400	0.9	0.963867	0	0	0	
2	1	1	118	59	2	0	0.75	0	150	100	125	
2	1	1	252	60	1	300	0.6	0.697435	0	0	0	
2	1	1	31	61	1	200	0.6	0.661345	0	0	0	
2	1	1	106	62	2	0	0.75	0	25	0	17.5	
2	1	1	228	63	1	400	0.05	0.0690387	0	0	0	
2	1	1	40	64	1	600	0.75	0.926715	0	0	0	
2	1	1	275	65	1	600	0.99	0.985097	0	0	0	
2	1	1	219	66	1	500	0.99	0.943699	0	0	0	
2	1	1	236	67	1	200	0.25	0.265413	0	0	0	
2	1	1	118	68	1	400	0.05	0.0371943	0	0	0	
2	1	1	215	69	1	600	0.95	0.878949	0	0	0	
2	1	1	132	70	1	300	0.4	0.470279	0	0	0	
2	1	1	2	71	2	0	0.01	0	50	0	13	
2	1	1	108	72	1	400	0.99	0.990404	0	0	0	
2	1	1	188	73	1	400	0.4	0.309995	0	0	0	
2	1	1	120	74	1	600	0.05	0.0340099	0	0	0	
2	1	1	192	75	1	300	0.5	0.530783	0	0	0	
2	1	1	245	76	1	600	0.4	0.424635	0	0	0	
2	1	1	31	77	2	0	0.1	0	25	0	6.5	
2	1	1	35	78	2	0	0.1	0	150	0	33	
2	1	1	226	79	1	200	0.05	0.0478091	0	0	0	
2	1	1	165	80	2	0	0.99	0	200	150	177	
2	1	1	133	81	2	0	0.9	0	150	100	135	
2	1	1	19	82	2	0	0.05	0	100	0	26	
2	1	1	75	83	1	600	0.25	0.252675	0	0	0	
2	1	1	19	84	1	500	0.25	0.15608	0	0	0	
2	1	1	85	85	2	0	0.5	0	75	50	60.5	
2	1	1	72	86	1	300	0.25	0.251613	0	0	0	
2	1	1	75	87	2	0	0.4	0	200	150	165	
2	1	1	268	88	1	400	0.95	0.947945	0	0	0	
2	1	1	135	89	2	0	0.9	0	200	150	179	
2	1	1	91	90	2	0	0.6	0	25	0	12.5	
2	1	1	185	91	1	600	0.25	0.439496	0	0	0	
2	1	1	60	92	2	0	0.25	0	200	150	163	
2	1	1	308	93	1	400	0.6	0.694251	0	0	0	
2	1	1	143	94	2	0	0.95	0	800	0	464	
2	1	1	8	95	1	400	0.05	0.0637313	0	0	0	
2	1	1	12	96	2	0	0.01	0	150	50	76	
2	1	1	18	97	1	400	0.25	0.196416	0	0	0	
2	1	1	44	98	2	0	0.1	0	200	100	122	
2	1	1	152	99	2	0	0.99	0	50	0	35	
2	1	2	50	100	1	600	0.95	0.950068	0	0	0	
2	1	2	164	101	2	0	0.99	0	200	100	178	
2	1	2	150	102	2	0	0.95	0	200	150	185	
2	1	2	300	103	1	600	0.4	0.314241	0	0	0	
2	1	2	209	104	1	500	0.9	0.934146	0	0	0	
2	1	2	94	105	1	500	0.75	0.747325	0	0	0	
2	1	2	105	106	1	600	0.95	0.923531	0	0	0	
2	1	2	58	107	2	0	0.25	0	150	100	125	
2	1	2	231	108	1	200	0.1	0.305749	0	0	0	
2	1	2	33	109	1	400	0.6	0.696374	0	0	0	
2	1	2	27	110	2	0	0.05	0	150	50	72	
2	1	2	263	111	1	400	0.9	0.898055	0	0	0	
2	1	2	196	112	1	200	0.6	0.803584	0	0	0	
2	1	2	49	113	2	0	0.25	0	100	0	26	
2	1	2	51	114	1	200	0.99	0.99465	0	0	0	
2	1	2	120	115	2	0	0.75	0	200	150	173	
2	1	2	130	116	2	0	0.9	0	75	50	67.5	
2	1	2	153	117	1	400	0.9	0.934146	0	0	0	
2	1	2	187	118	1	300	0.4	0.305749	0	0	0	
2	1	2	28	119	2	0	0.05	0	150	100	113	
2	1	2	321	120	1	200	0.95	0.975543	0	0	0	
2	1	2	240	121	1	600	0.25	0.192171	0	0	0	
2	1	2	27	122	1	300	0.5	0.47877	0	0	0	
2	1	2	16	123	1	200	0.25	0.200662	0	0	0	
2	1	2	262	124	1	300	0.9	0.90867	0	0	0	
2	1	2	141	125	1	200	0.6	0.894871	0	0	0	
2	1	2	290	126	1	600	0.1	0.0446247	0	0	0	
2	1	2	279	127	1	500	0.01	0.0202106	0	0	0	
2	1	2	42	128	2	0	0.1	0	150	50	76	
2	1	2	1	129	2	0	0.01	0	25	0	8.5	
2	1	2	218	130	1	400	0.99	0.982974	0	0	0	
2	1	2	83	131	2	0	0.5	0	800	0	272	
2	1	2	132	132	2	0	0.9	0	150	50	100	
2	1	2	49	133	1	500	0.95	0.921408	0	0	0	
2	1	2	303	134	1	400	0.5	0.606148	0	0	0	
2	1	2	140	135	1	600	0.5	0.5	0	0	0	
2	1	2	22	136	1	300	0.4	0.484078	0	0	0	
2	1	2	316	137	1	200	0.9	0.896994	0	0	0	
2	1	2	152	138	1	300	0.9	0.935207	0	0	0	
2	1	2	318	139	1	400	0.9	0.95856	0	0	0	
2	1	2	21	140	2	0	0.05	0	200	0	44	
2	1	2	10	141	2	0	0.01	0	75	50	51.5	
2	1	2	297	142	1	300	0.4	0.445864	0	0	0	
2	1	2	267	143	1	300	0.95	0.907609	0	0	0	
2	1	2	200	144	1	600	0.6	0.543521	0	0	0	
2	1	2	309	145	1	500	0.6	0.6433	0	0	0	
2	1	2	63	146	1	400	0.05	0.0552395	0	0	0	
2	1	2	23	147	2	0	0.05	0	800	0	48	
2	1	2	59	148	2	0	0.25	0	200	100	122	
2	1	2	79	149	1	500	0.4	0.40659	0	0	0	
2	1	2	46	150	1	200	0.95	0.942638	0	0	0	
2	1	2	136	151	1	200	0.5	0.610394	0	0	0	
2	1	2	128	152	2	0	0.9	0	800	0	592	
2	1	2	28	153	1	400	0.5	0.477709	0	0	0	
2	1	2	108	154	2	0	0.75	0	75	0	40.5	
2	1	2	127	155	1	300	0.25	0.304688	0	0	0	
2	1	2	246	156	1	200	0.5	0.563689	0	0	0	
2	1	2	306	157	1	200	0.6	0.642238	0	0	0	
2	1	2	53	158	1	400	0.99	0.969175	0	0	0	
2	1	2	50	159	2	0	0.25	0	150	0	39	
2	1	2	155	160	1	600	0.9	0.893809	0	0	0	
2	1	2	110	161	1	600	0.99	0.967052	0	0	0	
2	1	2	276	162	1	200	0.01	0.0117187	0	0	0	
2	1	2	9	163	2	0	0.01	0	50	25	25.5	
2	1	2	254	164	1	500	0.6	0.537152	0	0	0	
2	1	2	249	165	1	500	0.5	0.403405	0	0	0	
2	1	2	315	166	1	600	0.75	0.754755	0	0	0	
2	1	2	298	167	1	400	0.4	0.337593	0	0	0	
2	1	2	266	168	1	200	0.95	0.925654	0	0	0	
2	1	2	143	169	1	400	0.6	0.526537	0	0	0	
2	1	2	66	170	2	0	0.4	0	200	0	60	
2	1	2	328	171	1	400	0.99	0.953252	0	0	0	
2	1	2	57	172	2	0	0.25	0	150	50	80	
2	1	2	122	173	2	0	0.9	0	50	0	35	
2	1	2	129	174	2	0	0.9	0	50	25	39.5	
2	1	2	170	175	1	600	0.01	0.0318869	0	0	0	
2	1	2	73	176	2	0	0.4	0	150	100	125	
2	1	2	92	177	2	0	0.6	0	50	0	25	
2	1	2	61	178	1	200	0.05	0.0934528	0	0	0	
2	1	2	194	179	1	500	0.5	0.407651	0	0	0	
2	1	2	85	180	1	600	0.5	0.405528	0	0	0	
2	1	2	40	181	2	0	0.1	0	75	50	56.5	
2	1	2	124	182	1	500	0.1	0.0998217	0	0	0	
2	1	2	158	183	1	400	0.95	0.945822	0	0	0	
2	1	2	99	184	1	500	0.9	0.894871	0	0	0	
2	1	2	291	185	1	200	0.25	0.142281	0	0	0	
2	1	2	150	186	1	600	0.75	0.849227	0	0	0	
2	1	2	130	187	1	600	0.25	0.231445	0	0	0	
2	1	2	157	188	2	0	0.99	0	400	0	296	
2	1	2	162	189	1	300	0.99	0.990404	0	0	0	
2	1	2	207	190	1	300	0.9	0.878949	0	0	0	
2	1	2	58	191	1	400	0.01	0.0180876	0	0	0	
2	1	2	52	192	2	0	0.25	0	400	0	104	
2	1	2	62	193	2	0	0.4	0	50	0	21	
2	1	2	47	194	2	0	0.25	0	50	0	21	
2	1	2	224	195	1	500	0.01	0.023395	0	0	0	
2	1	2	36	196	2	0	0.1	0	200	0	12	
2	1	2	186	197	1	200	0.4	0.40659	0	0	0	
2	1	2	158	198	2	0	0.99	0	800	0	496	
2	1	3	117	199	1	300	0.05	0.0764691	0	0	0	
2	1	3	273	200	1	400	0.99	0.977666	0	0	0	
2	1	3	77	201	1	300	0.4	0.42145	0	0	0	
2	1	3	104	202	2	0	0.6	0	200	100	138	
2	1	3	63	203	2	0	0.4	0	75	0	34.5	
2	1	3	29	204	1	500	0.5	0.5	0	0	0	
2	1	3	97	205	1	300	0.9	0.896994	0	0	0	
2	1	3	164	206	1	500	0.99	0.976605	0	0	0	
2	1	3	54	207	1	500	0.99	0.945822	0	0	0	
2	1	3	259	208	1	500	0.75	0.807829	0	0	0	
2	1	3	72	209	2	0	0.4	0	150	50	96	
2	1	3	280	210	1	600	0.01	0.0350713	0	0	0	
2	1	3	2	211	1	300	0.01	0.0350713	0	0	0	
2	1	3	13	212	2	0	0.01	0	150	100	105	
2	1	3	307	213	1	300	0.6	0.747325	0	0	0	
2	1	3	99	214	2	0	0.6	0	50	25	37.5	
2	1	3	25	215	1	600	0.4	0.407651	0	0	0	
2	1	3	55	216	1	600	0.99	0.903363	0	0	0	
2	1	3	24	217	1	500	0.4	0.287704	0	0	0	
2	1	3	97	218	2	0	0.6	0	400	0	120	
2	1	3	82	219	1	300	0.5	0.436311	0	0	0	
2	1	3	1	220	1	200	0.01	0.0669158	0	0	0	
2	1	3	270	221	1	600	0.95	0.913978	0	0	0	
2	1	3	153	222	2	0	0.99	0	75	0	49.5	
2	1	3	144	223	1	500	0.6	0.601902	0	0	0	
2	1	3	190	224	1	600	0.4	0.39279	0	0	0	
2	1	3	289	225	1	500	0.1	0.0743461	0	0	0	
2	1	3	258	226	1	400	0.75	0.785538	0	0	0	
2	1	3	107	227	2	0	0.75	0	50	0	25	
2	1	3	30	228	2	0	0.05	0	200	150	161	
2	1	3	210	229	1	600	0.9	0.830121	0	0	0	
2	1	3	89	230	1	500	0.6	0.560504	0	0	0	
2	1	3	237	231	1	300	0.25	0.402344	0	0	0	
2	1	3	12	232	1	300	0.1	0.100883	0	0	0	
2	1	3	227	233	1	300	0.05	0.080715	0	0	0	
2	1	3	95	234	1	600	0.75	0.797215	0	0	0	
2	1	3	74	235	2	0	0.4	0	200	100	146	
2	1	3	15	236	1	600	0.1	0.0584239	0	0	0	
2	1	3	238	237	1	400	0.25	0.144404	0	0	0	
2	1	3	117	238	2	0	0.75	0	150	50	100	
2	1	3	125	239	2	0	0.9	0	150	0	81	
2	1	3	213	240	1	400	0.95	0.878949	0	0	0	
2	1	3	78	241	2	0	0.5	0	75	0	22.5	
2	1	3	107	242	1	300	0.99	0.913978	0	0	0	
2	1	3	156	243	2	0	0.99	0	200	0	148	
2	1	3	137	244	2	0	0.95	0	50	0	35	
2	1	3	3	245	2	0	0.01	0	75	0	4.5	
2	1	3	142	246	2	0	0.95	0	400	0	200	
2	1	3	100	247	2	0	0.6	0	75	50	64.5	
2	1	3	257	248	1	300	0.75	0.796153	0	0	0	
2	1	3	37	249	1	300	0.75	0.753694	0	0	0	
2	1	3	18	250	2	0	0.05	0	75	0	16.5	
2	1	3	256	251	1	200	0.75	0.797215	0	0	0	
2	1	3	234	252	1	500	0.1	0.115744	0	0	0	
2	1	3	230	253	1	600	0.05	0.082838	0	0	0	
2	1	3	112	254	2	0	0.75	0	400	0	296	
2	1	3	161	255	2	0	0.99	0	100	50	85	
2	1	3	123	256	1	400	0.1	0.0913298	0	0	0	
2	1	3	62	257	1	300	0.05	0.0456861	0	0	0	
2	1	3	102	258	1	300	0.95	0.943699	0	0	0	
2	1	3	193	259	1	400	0.5	0.662407	0	0	0	
2	1	3	113	260	1	400	0.01	0.0414402	0	0	0	
2	1	3	113	261	2	0	0.75	0	800	0	496	
2	1	3	81	262	2	0	0.5	0	200	0	60	
2	1	3	243	263	1	400	0.4	0.395975	0	0	0	
2	1	3	320	264	1	600	0.9	0.90867	0	0	0	
2	1	3	100	265	1	600	0.9	0.933084	0	0	0	
2	1	3	305	266	1	600	0.5	0.56475	0	0	0	
2	1	3	304	267	1	500	0.5	0.590226	0	0	0	
2	1	3	319	268	1	500	0.9	0.840735	0	0	0	
2	1	3	33	269	2	0	0.1	0	75	0	4.5	
2	1	3	204	270	1	500	0.75	0.812075	0	0	0	
2	1	3	101	271	1	200	0.95	0.894871	0	0	0	
2	1	3	81	272	1	200	0.5	0.535029	0	0	0	
2	1	3	282	273	1	300	0.05	0.0722232	0	0	0	
2	1	3	61	274	2	0	0.4	0	25	0	7.5	
2	1	3	159	275	2	0	0.99	0	50	25	40.5	
2	1	3	165	276	1	600	0.99	0.968113	0	0	0	
2	1	3	45	277	1	600	0.9	0.9299	0	0	0	
2	1	3	151	278	2	0	0.99	0	25	0	17.5	
2	1	3	251	279	1	200	0.6	0.681513	0	0	0	
2	1	3	310	280	1	600	0.6	0.604025	0	0	0	
2	1	3	93	281	2	0	0.6	0	75	0	40.5	
2	1	3	90	282	2	0	0.5	0	200	150	165	
2	1	3	119	283	1	500	0.05	0.0701002	0	0	0	
2	1	3	68	284	1	400	0.1	0.0350713	0	0	0	
2	1	3	301	285	1	200	0.5	0.554136	0	0	0	
2	1	3	154	286	1	500	0.9	0.9299	0	0	0	
2	1	3	162	287	2	0	0.99	0	150	50	128	
2	1	3	87	288	1	300	0.6	0.512738	0	0	0	
2	1	3	112	289	1	300	0.01	0.0287024	0	0	0	
2	1	3	82	290	2	0	0.5	0	400	0	184	
2	1	3	106	291	1	200	0.99	0.934146	0	0	0	
2	1	3	78	292	1	400	0.4	0.445864	0	0	0	
2	1	3	139	293	2	0	0.95	0	100	0	78	
2	1	3	171	294	1	200	0.05	0.0478091	0	0	0	
2	1	3	71	295	1	200	0.25	0.231445	0	0	0	
2	1	3	239	296	1	500	0.25	0.317425	0	0	0	
2	1	3	56	297	2	0	0.25	0	100	50	75	
2	1	4	26	298	2	0	0.05	0	100	50	61	
2	1	4	11	299	1	200	0.1	0.0987602	0	0	0	
2	1	4	80	300	2	0	0.5	0	150	0	63	
2	1	4	30	301	1	600	0.5	0.440557	0	0	0	
2	1	4	6	302	2	0	0.01	0	200	0	12	
2	1	4	221	303	1	200	0.01	0.027641	0	0	0	
2	1	4	111	304	2	0	0.75	0	200	0	116	
2	1	4	74	305	1	500	0.25	0.0976987	0	0	0	
2	1	4	116	306	1	200	0.05	0.0796535	0	0	0	
2	1	4	223	307	1	400	0.01	0.0308254	0	0	0	
2	1	4	250	308	1	600	0.5	0.559443	0	0	0	
2	1	4	51	309	2	0	0.25	0	200	0	44	
2	1	4	77	310	2	0	0.5	0	50	0	19	
2	1	4	24	311	2	0	0.05	0	50	25	30.5	
2	1	4	22	312	2	0	0.05	0	400	0	24	
2	1	4	84	313	2	0	0.5	0	50	25	32.5	
2	1	4	94	314	2	0	0.6	0	100	0	38	
2	1	4	71	315	2	0	0.4	0	100	50	65	
2	1	4	44	316	1	500	0.9	0.898055	0	0	0	
2	1	4	89	317	2	0	0.5	0	200	100	138	
2	1	4	274	318	1	500	0.99	0.940515	0	0	0	
2	1	4	7	319	1	300	0.05	0.0732846	0	0	0	
2	1	4	128	320	1	400	0.25	0.173064	0	0	0	
2	1	4	90	321	1	600	0.6	0.567935	0	0	0	
2	1	4	205	322	1	600	0.75	0.691067	0	0	0	
2	1	4	131	323	2	0	0.9	0	100	50	85	
2	1	4	265	324	1	600	0.9	0.895932	0	0	0	
2	1	4	109	325	1	500	0.99	0.957498	0	0	0	
2	1	4	235	326	1	600	0.1	0.082838	0	0	0	
2	1	4	182	327	1	300	0.25	0.247368	0	0	0	
2	1	4	73	328	1	400	0.25	0.282396	0	0	0	
2	1	4	326	329	1	200	0.99	0.96599	0	0	0	
2	1	4	220	330	1	600	0.99	0.944761	0	0	0	
2	1	4	101	331	2	0	0.6	0	100	50	77	
2	1	4	105	332	2	0	0.6	0	200	150	177	
2	1	4	163	333	2	0	0.99	0	150	100	135	
2	1	4	83	334	1	400	0.5	0.45011	0	0	0	
2	1	4	52	335	1	300	0.99	0.943699	0	0	0	
2	1	4	317	336	1	300	0.9	0.873641	0	0	0	
2	1	4	283	337	1	400	0.05	0.0754076	0	0	0	
2	1	4	38	338	2	0	0.1	0	800	0	48	
2	1	4	136	339	2	0	0.95	0	25	0	18.5	
2	1	4	9	340	1	500	0.05	0.0647928	0	0	0	
2	1	4	225	341	1	600	0.01	0.0403787	0	0	0	
2	1	4	325	342	1	600	0.95	0.924592	0	0	0	
2	1	4	160	343	1	600	0.95	0.949006	0	0	0	
2	1	4	114	344	1	500	0.01	0.027641	0	0	0	
2	1	4	8	345	2	0	0.01	0	800	0	48	
2	1	4	86	346	2	0	0.5	0	100	50	69	
2	1	4	56	347	1	200	0.01	0.0478091	0	0	0	
2	1	4	212	348	1	300	0.95	0.894871	0	0	0	
2	1	4	206	349	1	200	0.9	0.883195	0	0	0	
2	1	4	255	350	1	600	0.6	0.746264	0	0	0	
2	1	4	37	351	2	0	0.1	0	400	0	40	
2	1	4	47	352	1	300	0.95	0.675144	0	0	0	
2	1	4	123	353	2	0	0.9	0	75	0	58.5	
2	1	4	294	354	1	500	0.25	0.412959	0	0	0	
2	1	4	312	355	1	300	0.75	0.649669	0	0	0	
2	1	4	29	356	2	0	0.05	0	200	100	122	
2	1	4	247	357	1	300	0.5	0.547767	0	0	0	
2	1	4	183	358	1	400	0.25	0.412959	0	0	0	
2	1	4	138	359	1	400	0.5	0.531844	0	0	0	
2	1	4	323	360	1	400	0.95	0.961744	0	0	0	
2	1	4	148	361	1	400	0.75	0.657099	0	0	0	
2	1	4	195	362	1	600	0.5	0.511676	0	0	0	
2	1	4	191	363	1	200	0.5	0.653915	0	0	0	
2	1	4	39	364	1	500	0.75	0.770678	0	0	0	
2	1	4	178	365	1	400	0.1	0.145465	0	0	0	
2	1	4	293	366	1	400	0.25	0.11999	0	0	0	
2	1	4	174	367	1	500	0.05	0.082838	0	0	0	
2	1	4	110	368	2	0	0.75	0	150	0	81	
2	1	4	20	369	2	0	0.05	0	150	0	45	
2	1	4	88	370	2	0	0.5	0	150	100	119	
2	1	4	20	371	1	600	0.25	0.182617	0	0	0	
2	1	4	87	372	2	0	0.5	0	150	50	76	
2	1	4	203	373	1	400	0.75	0.803584	0	0	0	
2	1	4	70	374	1	600	0.1	0.0838995	0	0	0	
2	1	4	149	375	2	0	0.95	0	200	100	162	
2	1	4	211	376	1	200	0.95	0.90867	0	0	0	
2	1	4	17	377	2	0	0.05	0	50	0	19	
2	1	4	244	378	1	500	0.4	0.395975	0	0	0	
2	1	4	147	379	1	300	0.75	0.733526	0	0	0	
2	1	4	281	380	1	200	0.05	0.0998217	0	0	0	
2	1	4	140	381	2	0	0.95	0	150	0	87	
2	1	4	202	382	1	300	0.75	0.660284	0	0	0	
2	1	4	126	383	1	200	0.25	0.369438	0	0	0	
2	1	4	302	384	1	300	0.5	0.582796	0	0	0	
2	1	4	53	385	2	0	0.25	0	800	0	208	
2	1	4	176	386	1	200	0.1	0.110436	0	0	0	
2	1	4	286	387	1	200	0.1	0.123174	0	0	0	
2	1	4	189	388	1	500	0.4	0.457541	0	0	0	
2	1	4	129	389	1	500	0.25	0.405528	0	0	0	
2	1	4	23	390	1	400	0.4	0.464971	0	0	0	
2	1	4	104	391	1	500	0.95	0.902301	0	0	0	
2	1	4	103	392	2	0	0.6	0	150	100	129	
2	1	4	272	393	1	300	0.99	0.974482	0	0	0	
2	1	4	32	394	2	0	0.1	0	50	0	11	
2	1	4	278	395	1	400	0.01	0.0340099	0	0	0	
2	1	4	327	396	1	300	0.99	0.970236	0	0	0	
2	1	5	66	397	1	200	0.1	0.0488706	0	0	0	
2	1	5	296	398	1	200	0.4	0.419327	0	0	0	
2	1	5	169	399	1	500	0.01	0.0149032	0	0	0	
2	1	5	96	400	1	200	0.9	0.79403	0	0	0	
2	1	5	34	401	2	0	0.1	0	100	0	10	
2	1	5	13	402	1	400	0.1	0.0923913	0	0	0	
2	1	5	115	403	1	600	0.01	0.0658543	0	0	0	
2	1	5	69	404	2	0	0.4	0	50	25	35.5	
2	1	5	201	405	1	200	0.75	0.735649	0	0	0	
2	1	5	322	406	1	300	0.95	0.825875	0	0	0	
2	1	5	222	407	1	300	0.01	0.0594854	0	0	0	
2	1	5	148	408	2	0	0.95	0	150	100	135	
2	1	5	314	409	1	500	0.75	0.809952	0	0	0	
2	1	5	168	410	1	400	0.01	0.0425017	0	0	0	
2	1	5	7	411	2	0	0.01	0	400	0	40	
2	1	5	197	412	1	300	0.6	0.572181	0	0	0	
2	1	5	102	413	2	0	0.6	0	150	50	108	
2	1	5	292	414	1	300	0.25	0.311056	0	0	0	
2	1	5	135	415	1	600	0.4	0.46391	0	0	0	
2	1	5	126	416	2	0	0.9	0	200	0	156	
2	1	5	16	417	2	0	0.05	0	25	0	7.5	
2	1	5	125	418	1	600	0.1	0.141219	0	0	0	
2	1	5	177	419	1	300	0.1	0.144404	0	0	0	
2	1	5	180	420	1	600	0.1	0.0732846	0	0	0	
2	1	5	34	421	1	500	0.6	0.852412	0	0	0	
2	1	5	116	422	2	0	0.75	0	100	50	85	
2	1	5	260	423	1	600	0.75	0.833305	0	0	0	
2	1	5	42	424	1	300	0.9	0.889564	0	0	0	
2	1	5	6	425	1	200	0.05	0.0478091	0	0	0	
2	1	5	4	426	1	500	0.01	0.0456861	0	0	0	
2	1	5	45	427	2	0	0.1	0	200	150	165	
2	1	5	217	428	1	300	0.99	0.978728	0	0	0	
2	1	5	79	429	2	0	0.5	0	100	0	42	
2	1	5	41	430	1	200	0.9	0.690005	0	0	0	
2	1	5	199	431	1	500	0.6	0.734587	0	0	0	
2	1	5	95	432	2	0	0.6	0	150	0	57	
2	1	5	285	433	1	600	0.05	0.0531165	0	0	0	
2	1	5	5	434	1	600	0.01	0.0361328	0	0	0	
2	1	5	14	435	2	0	0.01	0	200	100	102	
2	1	5	146	436	2	0	0.95	0	100	50	89	
2	1	5	134	437	2	0	0.9	0	200	100	178	
2	1	5	313	438	1	400	0.75	0.723972	0	0	0	
2	1	5	253	439	1	400	0.6	0.582796	0	0	0	
2	1	5	14	440	1	500	0.1	0.0987602	0	0	0	
2	1	5	138	441	2	0	0.95	0	75	0	58.5	
2	1	5	119	442	2	0	0.75	0	200	100	150	
2	1	5	76	443	2	0	0.5	0	25	0	9.5	
2	1	5	121	444	1	200	0.1	0.116805	0	0	0	
2	1	5	284	445	1	500	0.05	0.0329484	0	0	0	
2	1	5	133	446	1	400	0.4	0.494693	0	0	0	
2	1	5	109	447	2	0	0.75	0	100	0	58	
2	1	5	68	448	2	0	0.4	0	800	0	368	
2	1	5	86	449	1	200	0.6	0.590226	0	0	0	
2	1	5	159	450	1	500	0.95	0.910793	0	0	0	
2	1	5	147	451	2	0	0.95	0	150	50	124	
2	1	5	121	452	2	0	0.9	0	25	0	14.5	
2	1	5	65	453	1	600	0.05	0.141219	0	0	0	
2	1	5	88	454	1	400	0.6	0.695312	0	0	0	
2	1	5	287	455	1	300	0.1	0.160326	0	0	0	
2	1	5	65	456	2	0	0.4	0	150	0	69	
2	1	5	277	457	1	300	0.01	0.0531165	0	0	0	
2	1	5	173	458	1	400	0.05	0.117867	0	0	0	
2	1	5	157	459	1	300	0.95	0.905486	0	0	0	
2	1	5	55	460	2	0	0.25	0	75	50	63.5	
2	1	5	39	461	2	0	0.1	0	50	25	30.5	
2	1	5	248	462	1	400	0.5	0.501061	0	0	0	
2	1	5	69	463	1	500	0.1	0.141219	0	0	0	
2	1	5	145	464	2	0	0.95	0	75	50	69.5	
2	1	5	179	465	1	500	0.1	0.337593	0	0	0	
2	1	5	142	466	1	300	0.6	0.626316	0	0	0	
2	1	5	299	467	1	500	0.4	0.425696	0	0	0	
2	1	5	137	468	1	300	0.5	0.516984	0	0	0	
2	1	5	96	469	2	0	0.6	0	200	0	124	
2	1	5	15	470	2	0	0.01	0	200	150	151	
2	1	5	149	471	1	500	0.75	0.691067	0	0	0	
2	1	5	181	472	1	200	0.25	0.323794	0	0	0	
2	1	5	208	473	1	400	0.9	0.792969	0	0	0	
2	1	5	172	474	1	300	0.05	0.0966372	0	0	0	
2	1	5	288	475	1	400	0.1	0.107252	0	0	0	
2	1	5	111	476	1	200	0.01	0.023395	0	0	0	
2	1	5	139	477	1	500	0.5	0.558381	0	0	0	
2	1	5	233	478	1	400	0.1	0.202785	0	0	0	
2	1	5	76	479	1	200	0.4	0.520168	0	0	0	
2	1	5	10	480	1	600	0.05	0.135912	0	0	0	
2	1	5	175	481	1	600	0.05	0.100883	0	0	0	
2	1	5	92	482	1	300	0.75	0.835428	0	0	0	
2	1	5	98	483	2	0	0.6	0	800	0	400	
2	1	5	154	484	2	0	0.99	0	100	0	78	
2	1	5	232	485	1	300	0.1	0.147588	0	0	0	
2	1	5	25	486	2	0	0.05	0	75	50	55.5	
2	1	5	5	487	2	0	0.01	0	150	0	15	
2	1	5	163	488	1	400	0.99	0.968113	0	0	0	
2	1	5	46	489	2	0	0.25	0	25	0	9.5	
2	1	5	330	490	1	600	0.99	0.945822	0	0	0	
2	1	5	167	491	1	300	0.01	0.0340099	0	0	0	
2	1	5	329	492	1	500	0.99	0.944761	0	0	0	
2	1	5	64	493	2	0	0.4	0	100	0	34	
2	1	5	324	494	1	500	0.95	0.874703	0	0	0	
2	1	5	161	495	1	200	0.99	0.898055	0	0	0	
2	2	1	185	1	1	600	0.25	0.27072	0	0	0	
2	2	1	21	2	1	200	0.4	0.42145	0	0	0	
2	2	1	67	3	1	300	0.1	0.0966372	0	0	0	
2	2	1	22	4	2	0	0.05	0	400	0	88	
2	2	1	297	5	1	300	0.4	0.476647	0	0	0	
2	2	1	63	6	1	400	0.05	0.0626698	0	0	0	
2	2	1	187	7	1	300	0.4	0.503184	0	0	0	
2	2	1	62	8	1	300	0.05	0.082838	0	0	0	
2	2	1	283	9	1	400	0.05	0.0488706	0	0	0	
2	2	1	183	10	1	400	0.25	0.183679	0	0	0	
2	2	1	317	11	1	300	0.9	0.918224	0	0	0	
2	2	1	163	12	1	400	0.99	0.978728	0	0	0	
2	2	1	203	13	1	400	0.75	0.858781	0	0	0	
2	2	1	165	14	1	600	0.99	0.984035	0	0	0	
2	2	1	258	15	1	400	0.75	0.902301	0	0	0	
2	2	1	11	16	2	0	0.01	0	100	50	51	
2	2	1	19	17	1	500	0.25	0.203847	0	0	0	
2	2	1	69	18	1	500	0.1	0.0966372	0	0	0	
2	2	1	197	19	1	300	0.6	0.691067	0	0	0	
2	2	1	37	20	2	0	0.1	0	400	0	40	
2	2	1	126	21	1	200	0.25	0.374745	0	0	0	
2	2	1	294	22	1	500	0.25	0.351393	0	0	0	
2	2	1	223	23	1	400	0.01	0.023395	0	0	0	
2	2	1	293	24	1	400	0.25	0.203847	0	0	0	
2	2	1	71	25	2	0	0.4	0	100	50	77	
2	2	1	166	26	1	200	0.01	0.0265795	0	0	0	
2	2	1	41	27	1	200	0.9	0.943699	0	0	0	
2	2	1	34	28	2	0	0.1	0	100	0	18	
2	2	1	105	29	2	0	0.6	0	200	150	171	
2	2	1	91	30	2	0	0.6	0	25	0	13.5	
2	2	1	58	31	2	0	0.25	0	150	100	111	
2	2	1	202	32	1	300	0.75	0.848166	0	0	0	
2	2	1	215	33	1	600	0.95	0.904424	0	0	0	
2	2	1	89	34	1	500	0.6	0.596595	0	0	0	
2	2	1	314	35	1	500	0.75	0.847104	0	0	0	
2	2	1	153	36	1	400	0.9	0.943699	0	0	0	
2	2	1	68	37	2	0	0.4	0	800	0	208	
2	2	1	292	38	1	300	0.25	0.373684	0	0	0	
2	2	1	46	39	1	200	0.95	0.811014	0	0	0	
2	2	1	280	40	1	600	0.01	0.0361328	0	0	0	
2	2	1	9	41	1	500	0.05	0.0435632	0	0	0	
2	2	1	39	42	1	500	0.75	0.892748	0	0	0	
2	2	1	168	43	1	400	0.01	0.0371943	0	0	0	
2	2	1	31	44	2	0	0.1	0	25	0	5.5	
2	2	1	84	45	2	0	0.5	0	50	25	34.5	
2	2	1	112	46	2	0	0.75	0	400	0	200	
2	2	1	124	47	1	500	0.1	0.0838995	0	0	0	
2	2	1	104	48	2	0	0.6	0	200	100	150	
2	2	1	100	49	2	0	0.6	0	75	50	59.5	
2	2	1	115	50	2	0	0.75	0	75	50	59.5	
2	2	1	117	51	2	0	0.75	0	150	50	88	
2	2	1	67	52	2	0	0.4	0	400	0	104	
2	2	1	151	53	2	0	0.99	0	25	0	19.5	
2	2	1	264	54	1	500	0.9	0.894871	0	0	0	
2	2	1	47	55	2	0	0.25	0	50	0	15	
2	2	1	302	56	1	300	0.5	0.485139	0	0	0	
2	2	1	281	57	1	200	0.05	0.0414402	0	0	0	
2	2	1	59	58	2	0	0.25	0	200	100	130	
2	2	1	29	59	2	0	0.05	0	200	100	110	
2	2	1	159	60	2	0	0.99	0	50	25	40.5	
2	2	1	128	61	1	400	0.25	0.330163	0	0	0	
2	2	1	15	62	2	0	0.01	0	200	150	155	
2	2	1	127	63	1	300	0.25	0.322733	0	0	0	
2	2	1	7	64	1	300	0.05	0.111498	0	0	0	
2	2	1	276	65	1	200	0.01	0.0658543	0	0	0	
2	2	1	80	66	1	600	0.4	0.470279	0	0	0	
2	2	1	232	67	1	300	0.1	0.0945143	0	0	0	
2	2	1	251	68	1	200	0.6	0.6433	0	0	0	
2	2	1	29	69	1	500	0.5	0.558381	0	0	0	
2	2	1	274	70	1	500	0.99	0.942638	0	0	0	
2	2	1	75	71	1	600	0.25	0.420389	0	0	0	
2	2	1	154	72	1	500	0.9	0.903363	0	0	0	
2	2	1	83	73	2	0	0.5	0	800	0	400	
2	2	1	213	74	1	400	0.95	0.922469	0	0	0	
2	2	1	85	75	1	600	0.5	0.457541	0	0	0	
2	2	1	9	76	2	0	0.01	0	50	25	29.5	
2	2	1	118	77	1	400	0.05	0.0881454	0	0	0	
2	2	1	273	78	1	400	0.99	0.933084	0	0	0	
2	2	1	155	79	1	600	0.9	0.878949	0	0	0	
2	2	1	141	80	1	200	0.6	0.90867	0	0	0	
2	2	1	227	81	1	300	0.05	0.0509935	0	0	0	
2	2	1	149	82	1	500	0.75	0.685759	0	0	0	
2	2	1	150	83	2	0	0.95	0	200	150	179	
2	2	1	119	84	2	0	0.75	0	200	100	150	
2	2	1	126	85	2	0	0.9	0	200	0	156	
2	2	1	13	86	2	0	0.01	0	150	100	109	
2	2	1	194	87	1	500	0.5	0.494693	0	0	0	
2	2	1	121	88	2	0	0.9	0	25	0	18.5	
2	2	1	177	89	1	300	0.1	0.0934528	0	0	0	
2	2	1	234	90	1	500	0.1	0.0987602	0	0	0	
2	2	1	37	91	1	300	0.75	0.58598	0	0	0	
2	2	1	131	92	2	0	0.9	0	100	50	89	
2	2	1	216	93	1	200	0.99	0.955375	0	0	0	
2	2	1	211	94	1	200	0.95	0.90867	0	0	0	
2	2	1	304	95	1	500	0.5	0.462848	0	0	0	
2	2	1	24	96	1	500	0.4	0.405528	0	0	0	
2	2	1	324	97	1	500	0.95	0.940515	0	0	0	
2	2	1	28	98	2	0	0.05	0	150	100	109	
2	2	1	152	99	2	0	0.99	0	50	0	45	
2	2	2	285	100	1	600	0.05	0.0732846	0	0	0	
2	2	2	305	101	1	600	0.5	0.505307	0	0	0	
2	2	2	140	102	1	600	0.5	0.576427	0	0	0	
2	2	2	151	103	1	200	0.9	0.882133	0	0	0	
2	2	2	138	104	1	400	0.5	0.490447	0	0	0	
2	2	2	199	105	1	500	0.6	0.644361	0	0	0	
2	2	2	147	106	1	300	0.75	0.781292	0	0	0	
2	2	2	38	107	2	0	0.1	0	800	0	112	
2	2	2	92	108	2	0	0.6	0	50	0	25	
2	2	2	246	109	1	200	0.5	0.446926	0	0	0	
2	2	2	256	110	1	200	0.75	0.752632	0	0	0	
2	2	2	316	111	1	200	0.9	0.848166	0	0	0	
2	2	2	123	112	2	0	0.9	0	75	0	55.5	
2	2	2	198	113	1	400	0.6	0.473463	0	0	0	
2	2	2	106	114	1	200	0.99	0.963867	0	0	0	
2	2	2	93	115	2	0	0.6	0	75	0	40.5	
2	2	2	72	116	1	300	0.25	0.307872	0	0	0	
2	2	2	43	117	2	0	0.1	0	150	100	115	
2	2	2	13	118	1	400	0.1	0.130605	0	0	0	
2	2	2	10	119	1	600	0.05	0.0775306	0	0	0	
2	2	2	165	120	2	0	0.99	0	200	150	189	
2	2	2	125	121	1	600	0.1	0.105129	0	0	0	
2	2	2	27	122	2	0	0.05	0	150	50	60	
2	2	2	136	123	1	200	0.5	0.65073	0	0	0	
2	2	2	315	124	1	600	0.75	0.76537	0	0	0	
2	2	2	295	125	1	600	0.25	0.405528	0	0	0	
2	2	2	204	126	1	500	0.75	0.798276	0	0	0	
2	2	2	114	127	2	0	0.75	0	50	25	35.5	
2	2	2	243	128	1	400	0.4	0.460725	0	0	0	
2	2	2	79	129	2	0	0.5	0	100	0	38	
2	2	2	2	130	1	300	0.01	0.0425017	0	0	0	
2	2	2	18	131	1	400	0.25	0.399159	0	0	0	
2	2	2	155	132	2	0	0.99	0	150	0	117	
2	2	2	119	133	1	500	0.05	0.0870839	0	0	0	
2	2	2	68	134	1	400	0.1	0.105129	0	0	0	
2	2	2	34	135	1	500	0.6	0.602964	0	0	0	
2	2	2	85	136	2	0	0.5	0	75	50	60.5	
2	2	2	158	137	1	400	0.95	0.896994	0	0	0	
2	2	2	181	138	1	200	0.25	0.372622	0	0	0	
2	2	2	214	139	1	500	0.95	0.928838	0	0	0	
2	2	2	32	140	2	0	0.1	0	50	0	11	
2	2	2	62	141	2	0	0.4	0	50	0	25	
2	2	2	30	142	2	0	0.05	0	200	150	161	
2	2	2	298	143	1	400	0.4	0.5	0	0	0	
2	2	2	284	144	1	500	0.05	0.0669158	0	0	0	
2	2	2	134	145	2	0	0.9	0	200	100	178	
2	2	2	101	146	2	0	0.6	0	100	50	79	
2	2	2	31	147	1	200	0.6	0.739895	0	0	0	
2	2	2	1	148	2	0	0.01	0	25	0	4.5	
2	2	2	98	149	2	0	0.6	0	800	0	496	
2	2	2	78	150	1	400	0.4	0.523353	0	0	0	
2	2	2	148	151	1	400	0.75	0.687882	0	0	0	
2	2	2	47	152	1	300	0.95	0.846043	0	0	0	
2	2	2	265	153	1	600	0.9	0.909732	0	0	0	
2	2	2	6	154	2	0	0.01	0	200	0	28	
2	2	2	250	155	1	600	0.5	0.5	0	0	0	
2	2	2	127	156	2	0	0.9	0	400	0	312	
2	2	2	80	157	2	0	0.5	0	150	0	57	
2	2	2	318	158	1	400	0.9	0.849227	0	0	0	
2	2	2	105	159	1	600	0.95	0.905486	0	0	0	
2	2	2	146	160	2	0	0.95	0	100	50	89	
2	2	2	271	161	1	200	0.99	0.941576	0	0	0	
2	2	2	65	162	1	600	0.05	0.0945143	0	0	0	
2	2	2	17	163	1	300	0.25	0.378991	0	0	0	
2	2	2	149	164	2	0	0.95	0	200	100	178	
2	2	2	51	165	2	0	0.25	0	200	0	44	
2	2	2	23	166	1	400	0.4	0.476647	0	0	0	
2	2	2	252	167	1	300	0.6	0.656038	0	0	0	
2	2	2	20	168	1	600	0.25	0.407651	0	0	0	
2	2	2	94	169	1	500	0.75	0.846043	0	0	0	
2	2	2	161	170	2	0	0.99	0	100	50	91	
2	2	2	278	171	1	400	0.01	0.0329484	0	0	0	
2	2	2	279	172	1	500	0.01	0.0552395	0	0	0	
2	2	2	14	173	1	500	0.1	0.118928	0	0	0	
2	2	2	212	174	1	300	0.95	0.910793	0	0	0	
2	2	2	102	175	2	0	0.6	0	150	50	128	
2	2	2	4	176	1	500	0.01	0.0637313	0	0	0	
2	2	2	326	177	1	200	0.99	0.954314	0	0	0	
2	2	2	312	178	1	300	0.75	0.797215	0	0	0	
2	2	2	109	179	2	0	0.75	0	100	0	62	
2	2	2	88	180	1	400	0.6	0.524414	0	0	0	
2	2	2	66	181	2	0	0.4	0	200	0	68	
2	2	2	58	182	1	400	0.01	0.0584239	0	0	0	
2	2	2	122	183	1	300	0.1	0.200662	0	0	0	
2	2	2	270	184	1	600	0.95	0.945822	0	0	0	
2	2	2	154	185	2	0	0.99	0	100	0	90	
2	2	2	207	186	1	300	0.9	0.820567	0	0	0	
2	2	2	303	187	1	400	0.5	0.52123	0	0	0	
2	2	2	237	188	1	300	0.25	0.419327	0	0	0	
2	2	2	142	189	2	0	0.95	0	400	0	296	
2	2	2	170	190	1	600	0.01	0.0509935	0	0	0	
2	2	2	55	191	2	0	0.25	0	75	50	65.5	
2	2	2	18	192	2	0	0.05	0	75	0	10.5	
2	2	2	290	193	1	600	0.1	0.100883	0	0	0	
2	2	2	70	194	1	600	0.1	0.149711	0	0	0	
2	2	2	7	195	2	0	0.01	0	400	0	24	
2	2	2	260	196	1	600	0.75	0.87258	0	0	0	
2	2	2	135	197	1	600	0.4	0.663468	0	0	0	
2	2	2	59	198	1	500	0.01	0.0467476	0	0	0	
2	2	3	6	199	1	200	0.05	0.107252	0	0	0	
2	2	3	71	200	1	200	0.25	0.342901	0	0	0	
2	2	3	40	201	1	600	0.75	0.747325	0	0	0	
2	2	3	244	202	1	500	0.4	0.474524	0	0	0	
2	2	3	14	203	2	0	0.01	0	200	100	110	
2	2	3	287	204	1	300	0.1	0.146527	0	0	0	
2	2	3	48	205	2	0	0.25	0	75	0	31.5	
2	2	3	79	206	1	500	0.4	0.512738	0	0	0	
2	2	3	261	207	1	200	0.9	0.898055	0	0	0	
2	2	3	110	208	2	0	0.75	0	150	0	99	
2	2	3	191	209	1	200	0.5	0.5	0	0	0	
2	2	3	8	210	2	0	0.01	0	800	0	48	
2	2	3	5	211	2	0	0.01	0	150	0	21	
2	2	3	99	212	1	500	0.9	0.900178	0	0	0	
2	2	3	217	213	1	300	0.99	0.934146	0	0	0	
2	2	3	230	214	1	600	0.05	0.0679772	0	0	0	
2	2	3	111	215	1	200	0.01	0.0361328	0	0	0	
2	2	3	235	216	1	600	0.1	0.0966372	0	0	0	
2	2	3	122	217	2	0	0.9	0	50	0	39	
2	2	3	102	218	1	300	0.95	0.873641	0	0	0	
2	2	3	46	219	2	0	0.25	0	25	0	10.5	
2	2	3	238	220	1	400	0.25	0.351393	0	0	0	
2	2	3	26	221	2	0	0.05	0	100	50	59	
2	2	3	16	222	1	200	0.25	0.452233	0	0	0	
2	2	3	107	223	1	300	0.99	0.939453	0	0	0	
2	2	3	233	224	1	400	0.1	0.237814	0	0	0	
2	2	3	53	225	2	0	0.25	0	800	0	208	
2	2	3	12	226	1	300	0.1	0.14865	0	0	0	
2	2	3	42	227	1	300	0.9	0.895932	0	0	0	
2	2	3	97	228	1	300	0.9	0.846043	0	0	0	
2	2	3	108	229	2	0	0.75	0	75	0	49.5	
2	2	3	40	230	2	0	0.1	0	75	50	59.5	
2	2	3	76	231	1	200	0.4	0.40659	0	0	0	
2	2	3	44	232	2	0	0.1	0	200	100	122	
2	2	3	156	233	1	200	0.95	0.904424	0	0	0	
2	2	3	249	234	1	500	0.5	0.527599	0	0	0	
2	2	3	87	235	2	0	0.5	0	150	50	100	
2	2	3	140	236	2	0	0.95	0	150	0	117	
2	2	3	255	237	1	600	0.6	0.518045	0	0	0	
2	2	3	129	238	1	500	0.25	0.339716	0	0	0	
2	2	3	4	239	2	0	0.01	0	100	0	10	
2	2	3	323	240	1	400	0.95	0.856658	0	0	0	
2	2	3	20	241	2	0	0.05	0	150	0	21	
2	2	3	124	242	2	0	0.9	0	100	0	82	
2	2	3	54	243	1	500	0.99	0.951129	0	0	0	
2	2	3	308	244	1	400	0.6	0.509553	0	0	0	
2	2	3	310	245	1	600	0.6	0.639054	0	0	0	
2	2	3	224	246	1	500	0.01	0.0478091	0	0	0	
2	2	3	247	247	1	300	0.5	0.595533	0	0	0	
2	2	3	164	248	1	500	0.99	0.902301	0	0	0	
2	2	3	81	249	2	0	0.5	0	200	0	76	
2	2	3	77	250	1	300	0.4	0.483016	0	0	0	
2	2	3	137	251	1	300	0.5	0.575365	0	0	0	
2	2	3	311	252	1	200	0.75	0.747325	0	0	0	
2	2	3	320	253	1	600	0.9	0.88001	0	0	0	
2	2	3	172	254	1	300	0.05	0.0838995	0	0	0	
2	2	3	144	255	1	500	0.6	0.5	0	0	0	
2	2	3	138	256	2	0	0.95	0	75	0	58.5	
2	2	3	48	257	1	400	0.95	0.896994	0	0	0	
2	2	3	145	258	1	600	0.6	0.817383	0	0	0	
2	2	3	130	259	1	600	0.25	0.400221	0	0	0	
2	2	3	189	260	1	500	0.4	0.474524	0	0	0	
2	2	3	55	261	1	600	0.99	0.969175	0	0	0	
2	2	3	26	262	1	200	0.5	0.595533	0	0	0	
2	2	3	33	263	2	0	0.1	0	75	0	10.5	
2	2	3	173	264	1	400	0.05	0.103006	0	0	0	
2	2	3	95	265	2	0	0.6	0	150	0	69	
2	2	3	218	266	1	400	0.99	0.952191	0	0	0	
2	2	3	296	267	1	200	0.4	0.353516	0	0	0	
2	2	3	74	268	2	0	0.4	0	200	100	170	
2	2	3	76	269	2	0	0.5	0	25	0	9.5	
2	2	3	65	270	2	0	0.4	0	150	0	51	
2	2	3	145	271	2	0	0.95	0	75	50	69.5	
2	2	3	231	272	1	200	0.1	0.150773	0	0	0	
2	2	3	266	273	1	200	0.95	0.798276	0	0	0	
2	2	3	291	274	1	200	0.25	0.380053	0	0	0	
2	2	3	41	275	2	0	0.1	0	100	50	59	
2	2	3	327	276	1	300	0.99	0.941576	0	0	0	
2	2	3	116	277	1	200	0.05	0.0998217	0	0	0	
2	2	3	306	278	1	200	0.6	0.791907	0	0	0	
2	2	3	74	279	1	500	0.25	0.303626	0	0	0	
2	2	3	169	280	1	500	0.01	0.0966372	0	0	0	
2	2	3	175	281	1	600	0.05	0.121051	0	0	0	
2	2	3	157	282	2	0	0.99	0	400	0	360	
2	2	3	103	283	2	0	0.6	0	150	100	131	
2	2	3	15	284	1	600	0.1	0.0976987	0	0	0	
2	2	3	16	285	2	0	0.05	0	25	0	5.5	
2	2	3	91	286	1	200	0.75	0.795092	0	0	0	
2	2	3	1	287	1	200	0.01	0.0244565	0	0	0	
2	2	3	135	288	2	0	0.9	0	200	150	181	
2	2	3	12	289	2	0	0.01	0	150	50	60	
2	2	3	289	290	1	500	0.1	0.589164	0	0	0	
2	2	3	176	291	1	200	0.1	0.29938	0	0	0	
2	2	3	182	292	1	300	0.25	0.40659	0	0	0	
2	2	3	141	293	2	0	0.95	0	200	0	156	
2	2	3	45	294	2	0	0.1	0	200	150	159	
2	2	3	209	295	1	500	0.9	0.893809	0	0	0	
2	2	3	3	296	1	400	0.01	0.0637313	0	0	0	
2	2	3	61	297	1	200	0.05	0.122113	0	0	0	
2	2	4	98	298	1	400	0.9	0.899117	0	0	0	
2	2	4	35	299	1	600	0.6	0.742018	0	0	0	
2	2	4	118	300	2	0	0.75	0	150	100	131	
2	2	4	110	301	1	600	0.99	0.967052	0	0	0	
2	2	4	103	302	1	400	0.95	0.804645	0	0	0	
2	2	4	131	303	1	200	0.4	0.524414	0	0	0	
2	2	4	195	304	1	600	0.5	0.60721	0	0	0	
2	2	4	101	305	1	200	0.95	0.855596	0	0	0	
2	2	4	236	306	1	200	0.25	0.326979	0	0	0	
2	2	4	277	307	1	300	0.01	0.0531165	0	0	0	
2	2	4	109	308	1	500	0.99	0.953252	0	0	0	
2	2	4	321	309	1	200	0.95	0.920346	0	0	0	
2	2	4	208	310	1	400	0.9	0.856658	0	0	0	
2	2	4	104	311	1	500	0.95	0.892748	0	0	0	
2	2	4	130	312	2	0	0.9	0	75	50	69.5	
2	2	4	158	313	2	0	0.99	0	800	0	752	
2	2	4	81	314	1	200	0.5	0.636931	0	0	0	
2	2	4	56	315	1	200	0.01	0.0584239	0	0	0	
2	2	4	19	316	2	0	0.05	0	100	0	22	
2	2	4	25	317	1	600	0.4	0.46391	0	0	0	
2	2	4	157	318	1	300	0.95	0.877887	0	0	0	
2	2	4	5	319	1	600	0.01	0.0605469	0	0	0	
2	2	4	83	320	1	400	0.5	0.506369	0	0	0	
2	2	4	253	321	1	400	0.6	0.529721	0	0	0	
2	2	4	111	322	2	0	0.75	0	200	0	148	
2	2	4	121	323	1	200	0.1	0.541398	0	0	0	
2	2	4	64	324	2	0	0.4	0	100	0	38	
2	2	4	32	325	1	300	0.6	0.701681	0	0	0	
2	2	4	301	326	1	200	0.5	0.738833	0	0	0	
2	2	4	144	327	2	0	0.95	0	50	25	44.5	
2	2	4	2	328	2	0	0.01	0	50	0	7	
2	2	4	36	329	2	0	0.1	0	200	0	44	
2	2	4	205	330	1	600	0.75	0.690005	0	0	0	
2	2	4	86	331	2	0	0.5	0	100	50	75	
2	2	4	228	332	1	400	0.05	0.14865	0	0	0	
2	2	4	49	333	2	0	0.25	0	100	0	42	
2	2	4	60	334	2	0	0.25	0	200	150	159	
2	2	4	128	335	2	0	0.9	0	800	0	688	
2	2	4	106	336	2	0	0.75	0	25	0	15.5	
2	2	4	24	337	2	0	0.05	0	50	25	25.5	
2	2	4	171	338	1	200	0.05	0.139096	0	0	0	
2	2	4	134	339	1	500	0.4	0.508492	0	0	0	
2	2	4	275	340	1	600	0.99	0.944761	0	0	0	
2	2	4	52	341	1	300	0.99	0.953252	0	0	0	
2	2	4	254	342	1	500	0.6	0.59341	0	0	0	
2	2	4	73	343	2	0	0.4	0	150	100	119	
2	2	4	72	344	2	0	0.4	0	150	50	120	
2	2	4	69	345	2	0	0.4	0	50	25	34.5	
2	2	4	53	346	1	400	0.99	0.894871	0	0	0	
2	2	4	188	347	1	400	0.4	0.491508	0	0	0	
2	2	4	313	348	1	400	0.75	0.697435	0	0	0	
2	2	4	206	349	1	200	0.9	0.894871	0	0	0	
2	2	4	160	350	2	0	0.99	0	75	50	70.5	
2	2	4	73	351	1	400	0.25	0.402344	0	0	0	
2	2	4	89	352	2	0	0.5	0	200	100	150	
2	2	4	239	353	1	500	0.25	0.265413	0	0	0	
2	2	4	54	354	2	0	0.25	0	50	25	34.5	
2	2	4	27	355	1	300	0.5	0.548828	0	0	0	
2	2	4	25	356	2	0	0.05	0	75	50	54.5	
2	2	4	225	357	1	600	0.01	0.107252	0	0	0	
2	2	4	112	358	1	300	0.01	0.0552395	0	0	0	
2	2	4	307	359	1	300	0.6	0.612517	0	0	0	
2	2	4	23	360	2	0	0.05	0	800	0	112	
2	2	4	220	361	1	600	0.99	0.898055	0	0	0	
2	2	4	153	362	2	0	0.99	0	75	0	70.5	
2	2	4	184	363	1	500	0.25	0.410836	0	0	0	
2	2	4	288	364	1	400	0.1	0.173064	0	0	0	
2	2	4	268	365	1	400	0.95	0.881072	0	0	0	
2	2	4	93	366	1	400	0.75	0.739895	0	0	0	
2	2	4	39	367	2	0	0.1	0	50	25	30.5	
2	2	4	262	368	1	300	0.9	0.859842	0	0	0	
2	2	4	193	369	1	400	0.5	0.780231	0	0	0	
2	2	4	156	370	2	0	0.99	0	200	0	188	
2	2	4	10	371	2	0	0.01	0	75	50	54.5	
2	2	4	259	372	1	500	0.75	0.79403	0	0	0	
2	2	4	186	373	1	200	0.4	0.437373	0	0	0	
2	2	4	222	374	1	300	0.01	0.0785921	0	0	0	
2	2	4	330	375	1	600	0.99	0.927777	0	0	0	
2	2	4	17	376	2	0	0.05	0	50	0	11	
2	2	4	113	377	1	400	0.01	0.0785921	0	0	0	
2	2	4	190	378	1	600	0.4	0.541398	0	0	0	
2	2	4	77	379	2	0	0.5	0	50	0	25	
2	2	4	86	380	1	200	0.6	0.690005	0	0	0	
2	2	4	240	381	1	600	0.25	0.409774	0	0	0	
2	2	4	139	382	2	0	0.95	0	100	0	90	
2	2	4	45	383	1	600	0.9	0.893809	0	0	0	
2	2	4	245	384	1	600	0.4	0.41402	0	0	0	
2	2	4	117	385	1	300	0.05	0.0796535	0	0	0	
2	2	4	137	386	2	0	0.95	0	50	0	45	
2	2	4	108	387	1	400	0.99	0.972359	0	0	0	
2	2	4	84	388	1	500	0.5	0.588103	0	0	0	
2	2	4	120	389	2	0	0.75	0	200	150	185	
2	2	4	257	390	1	300	0.75	0.691067	0	0	0	
2	2	4	11	391	1	200	0.1	0.198539	0	0	0	
2	2	4	226	392	1	200	0.05	0.0966372	0	0	0	
2	2	4	267	393	1	300	0.95	0.904424	0	0	0	
2	2	4	192	394	1	300	0.5	0.857719	0	0	0	
2	2	4	100	395	1	600	0.9	0.903363	0	0	0	
2	2	4	42	396	2	0	0.1	0	150	50	72	
2	2	5	30	397	1	600	0.5	0.559443	0	0	0	
2	2	5	50	398	1	600	0.95	0.898055	0	0	0	
2	2	5	36	399	1	200	0.75	0.821629	0	0	0	
2	2	5	107	400	2	0	0.75	0	50	0	31	
2	2	5	96	401	1	200	0.9	0.85135	0	0	0	
2	2	5	263	402	1	400	0.9	0.806768	0	0	0	
2	2	5	64	403	1	500	0.05	0.104068	0	0	0	
2	2	5	70	404	2	0	0.4	0	75	50	59.5	
2	2	5	162	405	1	300	0.99	0.945822	0	0	0	
2	2	5	299	406	1	500	0.4	0.477709	0	0	0	
2	2	5	61	407	2	0	0.4	0	25	0	10.5	
2	2	5	160	408	1	600	0.95	0.893809	0	0	0	
2	2	5	241	409	1	200	0.4	0.462848	0	0	0	
2	2	5	43	410	1	400	0.9	0.842858	0	0	0	
2	2	5	164	411	2	0	0.99	0	200	100	190	
2	2	5	38	412	1	400	0.75	0.654976	0	0	0	
2	2	5	8	413	1	400	0.05	0.113621	0	0	0	
2	2	5	139	414	1	500	0.5	0.592349	0	0	0	
2	2	5	178	415	1	400	0.1	0.17731	0	0	0	
2	2	5	221	416	1	200	0.01	0.0478091	0	0	0	
2	2	5	22	417	1	300	0.4	0.565812	0	0	0	
2	2	5	90	418	1	600	0.6	0.673021	0	0	0	
2	2	5	319	419	1	500	0.9	0.803584	0	0	0	
2	2	5	242	420	1	300	0.4	0.731403	0	0	0	
2	2	5	90	421	2	0	0.5	0	200	150	175	
2	2	5	87	422	1	300	0.6	0.719727	0	0	0	
2	2	5	136	423	2	0	0.95	0	25	0	19.5	
2	2	5	123	424	1	400	0.1	0.0945143	0	0	0	
2	2	5	161	425	1	200	0.99	0.947945	0	0	0	
2	2	5	329	426	1	500	0.99	0.96599	0	0	0	
2	2	5	325	427	1	600	0.95	0.902301	0	0	0	
2	2	5	50	428	2	0	0.25	0	150	0	39	
2	2	5	163	429	2	0	0.99	0	150	100	141	
2	2	5	132	430	1	300	0.4	0.466033	0	0	0	
2	2	5	82	431	2	0	0.5	0	400	0	200	
2	2	5	219	432	1	500	0.99	0.942638	0	0	0	
2	2	5	180	433	1	600	0.1	0.158203	0	0	0	
2	2	5	92	434	1	300	0.75	0.692128	0	0	0	
2	2	5	272	435	1	300	0.99	0.898055	0	0	0	
2	2	5	286	436	1	200	0.1	0.163511	0	0	0	
2	2	5	150	437	1	600	0.75	0.853473	0	0	0	
2	2	5	60	438	1	600	0.01	0.0509935	0	0	0	
2	2	5	196	439	1	200	0.6	0.6433	0	0	0	
2	2	5	133	440	2	0	0.9	0	150	100	139	
2	2	5	201	441	1	200	0.75	0.795092	0	0	0	
2	2	5	152	442	1	300	0.9	0.869395	0	0	0	
2	2	5	97	443	2	0	0.6	0	400	0	248	
2	2	5	99	444	2	0	0.6	0	50	25	42.5	
2	2	5	174	445	1	500	0.05	0.100883	0	0	0	
2	2	5	179	446	1	500	0.1	0.145465	0	0	0	
2	2	5	129	447	2	0	0.9	0	50	25	44.5	
2	2	5	162	448	2	0	0.99	0	150	50	140	
2	2	5	309	449	1	500	0.6	0.647546	0	0	0	
2	2	5	57	450	1	300	0.01	0.0690387	0	0	0	
2	2	5	146	451	1	200	0.75	0.811014	0	0	0	
2	2	5	88	452	2	0	0.5	0	150	100	125	
2	2	5	143	453	1	400	0.6	0.591287	0	0	0	
2	2	5	132	454	2	0	0.9	0	150	50	140	
2	2	5	33	455	1	400	0.6	0.566873	0	0	0	
2	2	5	147	456	2	0	0.95	0	150	50	140	
2	2	5	56	457	2	0	0.25	0	100	50	61	
2	2	5	142	458	1	300	0.6	0.654976	0	0	0	
2	2	5	75	459	2	0	0.4	0	200	150	165	
2	2	5	82	460	1	300	0.5	0.484078	0	0	0	
2	2	5	116	461	2	0	0.75	0	100	50	85	
2	2	5	125	462	2	0	0.9	0	150	0	129	
2	2	5	200	463	1	600	0.6	0.699558	0	0	0	
2	2	5	115	464	1	600	0.01	0.0881454	0	0	0	
2	2	5	78	465	2	0	0.5	0	75	0	37.5	
2	2	5	49	466	1	500	0.95	0.898055	0	0	0	
2	2	5	3	467	2	0	0.01	0	75	0	4.5	
2	2	5	148	468	2	0	0.95	0	150	100	139	
2	2	5	21	469	2	0	0.05	0	200	0	20	
2	2	5	35	470	2	0	0.1	0	150	0	15	
2	2	5	269	471	1	500	0.95	0.867272	0	0	0	
2	2	5	94	472	2	0	0.6	0	100	0	58	
2	2	5	52	473	2	0	0.25	0	400	0	40	
2	2	5	57	474	2	0	0.25	0	150	50	80	
2	2	5	133	475	1	400	0.4	0.466033	0	0	0	
2	2	5	282	476	1	300	0.05	0.108314	0	0	0	
2	2	5	248	477	1	400	0.5	0.598718	0	0	0	
2	2	5	114	478	1	500	0.01	0.0531165	0	0	0	
2	2	5	95	479	1	600	0.75	0.839674	0	0	0	
2	2	5	51	480	1	200	0.99	0.944761	0	0	0	
2	2	5	96	481	2	0	0.6	0	200	0	100	
2	2	5	63	482	2	0	0.4	0	75	0	25.5	
2	2	5	322	483	1	300	0.95	0.899117	0	0	0	
2	2	5	66	484	1	200	0.1	0.169879	0	0	0	
2	2	5	167	485	1	300	0.01	0.0658543	0	0	0	
2	2	5	159	486	1	500	0.95	0.906547	0	0	0	
2	2	5	229	487	1	500	0.05	0.105129	0	0	0	
2	2	5	113	488	2	0	0.75	0	800	0	400	
2	2	5	210	489	1	600	0.9	0.894871	0	0	0	
2	2	5	28	490	1	400	0.5	0.60721	0	0	0	
2	2	5	120	491	1	600	0.05	0.146527	0	0	0	
2	2	5	328	492	1	400	0.99	0.934146	0	0	0	
2	2	5	300	493	1	600	0.4	0.446926	0	0	0	
2	2	5	143	494	2	0	0.95	0	800	0	752	
2	2	5	44	495	1	500	0.9	0.871518	0	0	0	
