Subject#	Session#	Block#	Stim#	Trial#	Task	Numerosity	P_true	P_reported	x1	x2	CE	
1	1	1	89	1	1	500	0.6	0.575162	0	0	0	
1	1	1	158	2	1	400	0.95	0.917834	0	0	0	
1	1	1	245	3	1	600	0.4	0.400526	0	0	0	
1	1	1	148	4	2	0	0.95	0	150	100	125	
1	1	1	315	5	1	600	0.75	0.586011	0	0	0	
1	1	1	95	6	1	600	0.75	0.502477	0	0	0	
1	1	1	125	7	2	0	0.9	0	150	0	117	
1	1	1	91	8	1	200	0.75	0.597683	0	0	0	
1	1	1	43	9	1	400	0.9	0.891669	0	0	0	
1	1	1	273	10	1	400	0.99	0.991567	0	0	0	
1	1	1	17	11	1	300	0.25	0.400513	0	0	0	
1	1	1	203	12	1	400	0.75	0.542716	0	0	0	
1	1	1	119	13	2	0	0.75	0	200	100	154	
1	1	1	33	14	1	400	0.6	0.485223	0	0	0	
1	1	1	27	15	2	0	0.05	0	150	50	80	
1	1	1	154	16	1	500	0.9	0.880059	0	0	0	
1	1	1	164	17	1	500	0.99	0.993774	0	0	0	
1	1	1	162	18	1	300	0.99	0.992204	0	0	0	
1	1	1	233	19	1	400	0.1	0.103501	0	0	0	
1	1	1	139	20	2	0	0.95	0	100	0	70	
1	1	1	201	21	1	200	0.75	0.629244	0	0	0	
1	1	1	65	22	1	600	0.05	0.905893	0	0	0	
1	1	1	282	23	1	300	0.05	0.951262	0	0	0	
1	1	1	321	24	1	200	0.95	0.921465	0	0	0	
1	1	1	123	25	2	0	0.9	0	75	0	49.5	
1	1	1	9	26	2	0	0.01	0	50	25	29.5	
1	1	1	47	27	2	0	0.25	0	50	0	17	
1	1	1	66	28	1	200	0.1	0.090348	0	0	0	
1	1	1	4	29	2	0	0.01	0	100	0	18	
1	1	1	241	30	1	200	0.4	0.413609	0	0	0	
1	1	1	56	31	2	0	0.25	0	100	50	65	
1	1	1	200	32	1	600	0.6	0.39475	0	0	0	
1	1	1	134	33	1	500	0.4	0.463808	0	0	0	
1	1	1	193	34	1	400	0.5	0.442109	0	0	0	
1	1	1	117	35	2	0	0.75	0	150	50	100	
1	1	1	300	36	1	600	0.4	0.384732	0	0	0	
1	1	1	63	37	1	400	0.05	0.0967965	0	0	0	
1	1	1	107	38	2	0	0.75	0	50	0	27	
1	1	1	234	39	1	500	0.1	0.114054	0	0	0	
1	1	1	90	40	2	0	0.5	0	200	150	177	
1	1	1	14	41	1	500	0.1	0.0995342	0	0	0	
1	1	1	83	42	1	400	0.5	0.501274	0	0	0	
1	1	1	98	43	1	400	0.9	0.906897	0	0	0	
1	1	1	133	44	1	400	0.4	0.474847	0	0	0	
1	1	1	135	45	2	0	0.9	0	200	150	185	
1	1	1	7	46	2	0	0.01	0	400	0	40	
1	1	1	235	47	1	600	0.1	0.0972476	0	0	0	
1	1	1	24	48	1	500	0.4	0.401481	0	0	0	
1	1	1	86	49	1	200	0.6	0.567846	0	0	0	
1	1	1	137	50	2	0	0.95	0	50	0	35	
1	1	1	86	51	2	0	0.5	0	100	50	75	
1	1	1	135	52	1	600	0.4	0.48069	0	0	0	
1	1	1	82	53	1	300	0.5	0.532269	0	0	0	
1	1	1	37	54	1	300	0.75	0.688647	0	0	0	
1	1	1	137	55	1	300	0.5	0.511402	0	0	0	
1	1	1	194	56	1	500	0.5	0.628298	0	0	0	
1	1	1	116	57	2	0	0.75	0	100	50	75	
1	1	1	110	58	2	0	0.75	0	150	0	75	
1	1	1	189	59	1	500	0.4	0.438071	0	0	0	
1	1	1	46	60	1	200	0.95	0.940249	0	0	0	
1	1	1	186	61	1	200	0.4	0.394316	0	0	0	
1	1	1	121	62	2	0	0.9	0	25	0	17.5	
1	1	1	288	63	1	400	0.1	0.0996846	0	0	0	
1	1	1	72	64	2	0	0.4	0	150	50	88	
1	1	1	9	65	1	500	0.05	0.0823515	0	0	0	
1	1	1	11	66	2	0	0.01	0	100	50	59	
1	1	1	290	67	1	600	0.1	0.0870927	0	0	0	
1	1	1	183	68	1	400	0.25	0.340999	0	0	0	
1	1	1	216	69	1	200	0.99	0.988954	0	0	0	
1	1	1	36	70	2	0	0.1	0	200	0	28	
1	1	1	12	71	2	0	0.01	0	150	50	76	
1	1	1	142	72	2	0	0.95	0	400	0	216	
1	1	1	274	73	1	500	0.99	0.984159	0	0	0	
1	1	1	99	74	2	0	0.6	0	50	25	37.5	
1	1	1	329	75	1	500	0.99	0.988613	0	0	0	
1	1	1	165	76	2	0	0.99	0	200	150	177	
1	1	1	153	77	1	400	0.9	0.79204	0	0	0	
1	1	1	299	78	1	500	0.4	0.437457	0	0	0	
1	1	1	10	79	1	600	0.05	0.0961551	0	0	0	
1	1	1	262	80	1	300	0.9	0.697617	0	0	0	
1	1	1	74	81	1	500	0.25	0.37176	0	0	0	
1	1	1	20	82	2	0	0.05	0	150	0	9	
1	1	1	191	83	1	200	0.5	0.357058	0	0	0	
1	1	1	283	84	1	400	0.05	0.0909141	0	0	0	
1	1	1	325	85	1	600	0.95	0.924654	0	0	0	
1	1	1	118	86	2	0	0.75	0	150	100	127	
1	1	1	269	87	1	500	0.95	0.825056	0	0	0	
1	1	1	205	88	1	600	0.75	0.641212	0	0	0	
1	1	1	150	89	2	0	0.95	0	200	150	187	
1	1	1	41	90	2	0	0.1	0	100	50	65	
1	1	1	169	91	1	500	0.01	0.0118028	0	0	0	
1	1	1	35	92	2	0	0.1	0	150	0	15	
1	1	1	147	93	1	300	0.75	0.649983	0	0	0	
1	1	1	51	94	1	200	0.99	0.995685	0	0	0	
1	1	1	125	95	1	600	0.1	0.291525	0	0	0	
1	1	1	163	96	2	0	0.99	0	150	100	137	
1	1	1	121	97	1	200	0.1	0.103886	0	0	0	
1	1	1	198	98	1	400	0.6	0.523698	0	0	0	
1	1	1	50	99	1	600	0.95	0.894	0	0	0	
1	1	2	305	100	1	600	0.5	0.4072	0	0	0	
1	1	2	132	101	1	300	0.4	0.462954	0	0	0	
1	1	2	40	102	1	600	0.75	0.608934	0	0	0	
1	1	2	71	103	2	0	0.4	0	100	50	67	
1	1	2	113	104	2	0	0.75	0	800	0	304	
1	1	2	230	105	1	600	0.05	0.0801843	0	0	0	
1	1	2	295	106	1	600	0.25	0.228752	0	0	0	
1	1	2	210	107	1	600	0.9	0.926945	0	0	0	
1	1	2	100	108	1	600	0.9	0.896543	0	0	0	
1	1	2	72	109	1	300	0.25	0.332153	0	0	0	
1	1	2	87	110	2	0	0.5	0	150	50	100	
1	1	2	1	111	1	200	0.01	0.00591599	0	0	0	
1	1	2	1	112	2	0	0.01	0	25	0	7.5	
1	1	2	111	113	1	200	0.01	0.01282	0	0	0	
1	1	2	63	114	2	0	0.4	0	75	0	25.5	
1	1	2	264	115	1	500	0.9	0.888887	0	0	0	
1	1	2	190	116	1	600	0.4	0.443458	0	0	0	
1	1	2	155	117	1	600	0.9	0.892093	0	0	0	
1	1	2	195	118	1	600	0.5	0.463405	0	0	0	
1	1	2	16	119	1	200	0.25	0.406077	0	0	0	
1	1	2	151	120	2	0	0.99	0	25	0	18.5	
1	1	2	257	121	1	300	0.75	0.471442	0	0	0	
1	1	2	19	122	1	500	0.25	0.282144	0	0	0	
1	1	2	30	123	2	0	0.05	0	200	150	165	
1	1	2	134	124	2	0	0.9	0	200	100	154	
1	1	2	101	125	1	200	0.95	0.923509	0	0	0	
1	1	2	61	126	1	200	0.05	0.0965001	0	0	0	
1	1	2	44	127	1	500	0.9	0.895977	0	0	0	
1	1	2	228	128	1	400	0.05	0.0866903	0	0	0	
1	1	2	29	129	2	0	0.05	0	200	100	126	
1	1	2	131	130	2	0	0.9	0	100	50	85	
1	1	2	81	131	1	200	0.5	0.488253	0	0	0	
1	1	2	106	132	2	0	0.75	0	25	0	18.5	
1	1	2	254	133	1	500	0.6	0.53464	0	0	0	
1	1	2	219	134	1	500	0.99	0.988281	0	0	0	
1	1	2	240	135	1	600	0.25	0.437965	0	0	0	
1	1	2	139	136	1	500	0.5	0.487532	0	0	0	
1	1	2	143	137	2	0	0.95	0	800	0	560	
1	1	2	97	138	2	0	0.6	0	400	0	136	
1	1	2	312	139	1	300	0.75	0.603278	0	0	0	
1	1	2	136	140	2	0	0.95	0	25	0	19.5	
1	1	2	104	141	1	500	0.95	0.899917	0	0	0	
1	1	2	44	142	2	0	0.1	0	200	100	122	
1	1	2	164	143	2	0	0.99	0	200	100	174	
1	1	2	79	144	1	500	0.4	0.400614	0	0	0	
1	1	2	49	145	2	0	0.25	0	100	0	30	
1	1	2	175	146	1	600	0.05	0.0847619	0	0	0	
1	1	2	177	147	1	300	0.1	0.0971193	0	0	0	
1	1	2	70	148	1	600	0.1	0.0896978	0	0	0	
1	1	2	140	149	1	600	0.5	0.489792	0	0	0	
1	1	2	279	150	1	500	0.01	0.00769839	0	0	0	
1	1	2	37	151	2	0	0.1	0	400	0	56	
1	1	2	188	152	1	400	0.4	0.497833	0	0	0	
1	1	2	20	153	1	600	0.25	0.3959	0	0	0	
1	1	2	96	154	1	200	0.9	0.9071	0	0	0	
1	1	2	159	155	1	500	0.95	0.956654	0	0	0	
1	1	2	78	156	2	0	0.5	0	75	0	31.5	
1	1	2	153	157	2	0	0.99	0	75	0	55.5	
1	1	2	87	158	1	300	0.6	0.47552	0	0	0	
1	1	2	21	159	1	200	0.4	0.386192	0	0	0	
1	1	2	180	160	1	600	0.1	0.280234	0	0	0	
1	1	2	94	161	2	0	0.6	0	100	0	54	
1	1	2	197	162	1	300	0.6	0.561407	0	0	0	
1	1	2	41	163	1	200	0.9	0.805715	0	0	0	
1	1	2	4	164	1	500	0.01	0.00914908	0	0	0	
1	1	2	75	165	2	0	0.4	0	200	150	163	
1	1	2	181	166	1	200	0.25	0.354046	0	0	0	
1	1	2	109	167	1	500	0.99	0.990537	0	0	0	
1	1	2	88	168	2	0	0.5	0	150	100	125	
1	1	2	142	169	1	300	0.6	0.634207	0	0	0	
1	1	2	157	170	2	0	0.99	0	400	0	296	
1	1	2	242	171	1	300	0.4	0.508284	0	0	0	
1	1	2	30	172	1	600	0.5	0.558178	0	0	0	
1	1	2	232	173	1	300	0.1	0.113709	0	0	0	
1	1	2	5	174	1	600	0.01	0.0110067	0	0	0	
1	1	2	159	175	2	0	0.99	0	50	25	37.5	
1	1	2	214	176	1	500	0.95	0.909338	0	0	0	
1	1	2	224	177	1	500	0.01	0.0144874	0	0	0	
1	1	2	143	178	1	400	0.6	0.554516	0	0	0	
1	1	2	130	179	2	0	0.9	0	75	50	68.5	
1	1	2	239	180	1	500	0.25	0.5	0	0	0	
1	1	2	57	181	1	300	0.01	0.0109094	0	0	0	
1	1	2	24	182	2	0	0.05	0	50	25	30.5	
1	1	2	149	183	2	0	0.95	0	200	100	154	
1	1	2	161	184	2	0	0.99	0	100	50	87	
1	1	2	172	185	1	300	0.05	0.0502284	0	0	0	
1	1	2	25	186	1	600	0.4	0.501159	0	0	0	
1	1	2	221	187	1	200	0.01	0.00875987	0	0	0	
1	1	2	80	188	2	0	0.5	0	150	0	45	
1	1	2	132	189	2	0	0.9	0	150	50	108	
1	1	2	23	190	2	0	0.05	0	800	0	48	
1	1	2	54	191	1	500	0.99	0.990502	0	0	0	
1	1	2	256	192	1	200	0.75	0.813278	0	0	0	
1	1	2	252	193	1	300	0.6	0.496179	0	0	0	
1	1	2	258	194	1	400	0.75	0.723398	0	0	0	
1	1	2	176	195	1	200	0.1	0.0960976	0	0	0	
1	1	2	276	196	1	200	0.01	0.00780012	0	0	0	
1	1	2	160	197	2	0	0.99	0	75	50	66.5	
1	1	2	199	198	1	500	0.6	0.567745	0	0	0	
1	1	3	154	199	2	0	0.99	0	100	0	74	
1	1	3	103	200	1	400	0.95	0.913155	0	0	0	
1	1	3	145	201	2	0	0.95	0	75	50	67.5	
1	1	3	270	202	1	600	0.95	0.948891	0	0	0	
1	1	3	40	203	2	0	0.1	0	75	50	56.5	
1	1	3	38	204	2	0	0.1	0	800	0	48	
1	1	3	84	205	2	0	0.5	0	50	25	35.5	
1	1	3	105	206	2	0	0.6	0	200	150	173	
1	1	3	124	207	1	500	0.1	0.08719	0	0	0	
1	1	3	14	208	2	0	0.01	0	200	100	110	
1	1	3	26	209	2	0	0.05	0	100	50	61	
1	1	3	168	210	1	400	0.01	0.0172915	0	0	0	
1	1	3	222	211	1	300	0.01	0.00978155	0	0	0	
1	1	3	246	212	1	200	0.5	0.707559	0	0	0	
1	1	3	123	213	1	400	0.1	0.309141	0	0	0	
1	1	3	204	214	1	500	0.75	0.684278	0	0	0	
1	1	3	226	215	1	200	0.05	0.0998482	0	0	0	
1	1	3	122	216	2	0	0.9	0	50	0	37	
1	1	3	328	217	1	400	0.99	0.982461	0	0	0	
1	1	3	18	218	2	0	0.05	0	75	0	7.5	
1	1	3	8	219	1	400	0.05	0.0853103	0	0	0	
1	1	3	45	220	2	0	0.1	0	200	150	163	
1	1	3	68	221	1	400	0.1	0.100618	0	0	0	
1	1	3	301	222	1	200	0.5	0.502247	0	0	0	
1	1	3	161	223	1	200	0.99	0.988272	0	0	0	
1	1	3	330	224	1	600	0.99	0.956879	0	0	0	
1	1	3	42	225	2	0	0.1	0	150	50	80	
1	1	3	118	226	1	400	0.05	0.0502328	0	0	0	
1	1	3	59	227	2	0	0.25	0	200	100	126	
1	1	3	92	228	1	300	0.75	0.600372	0	0	0	
1	1	3	196	229	1	200	0.6	0.571071	0	0	0	
1	1	3	38	230	1	400	0.75	0.606298	0	0	0	
1	1	3	178	231	1	400	0.1	0.202179	0	0	0	
1	1	3	85	232	2	0	0.5	0	75	50	60.5	
1	1	3	250	233	1	600	0.5	0.5	0	0	0	
1	1	3	171	234	1	200	0.05	0.105819	0	0	0	
1	1	3	49	235	1	500	0.95	0.917211	0	0	0	
1	1	3	85	236	1	600	0.5	0.461141	0	0	0	
1	1	3	107	237	1	300	0.99	0.986795	0	0	0	
1	1	3	311	238	1	200	0.75	0.884619	0	0	0	
1	1	3	39	239	1	500	0.75	0.648541	0	0	0	
1	1	3	76	240	1	200	0.4	0.394436	0	0	0	
1	1	3	116	241	1	200	0.05	0.0505026	0	0	0	
1	1	3	243	242	1	400	0.4	0.339641	0	0	0	
1	1	3	237	243	1	300	0.25	0.403401	0	0	0	
1	1	3	100	244	2	0	0.6	0	75	50	64.5	
1	1	3	64	245	2	0	0.4	0	100	0	30	
1	1	3	2	246	1	300	0.01	0.0134392	0	0	0	
1	1	3	117	247	1	300	0.05	0.0684903	0	0	0	
1	1	3	144	248	1	500	0.6	0.509748	0	0	0	
1	1	3	31	249	2	0	0.1	0	25	0	5.5	
1	1	3	69	250	2	0	0.4	0	50	25	30.5	
1	1	3	82	251	2	0	0.5	0	400	0	88	
1	1	3	57	252	2	0	0.25	0	150	50	76	
1	1	3	244	253	1	500	0.4	0.395599	0	0	0	
1	1	3	212	254	1	300	0.95	0.902522	0	0	0	
1	1	3	141	255	1	200	0.6	0.5	0	0	0	
1	1	3	31	256	1	200	0.6	0.626834	0	0	0	
1	1	3	249	257	1	500	0.5	0.524326	0	0	0	
1	1	3	48	258	2	0	0.25	0	75	0	13.5	
1	1	3	265	259	1	600	0.9	0.901917	0	0	0	
1	1	3	138	260	1	400	0.5	0.446046	0	0	0	
1	1	3	29	261	1	500	0.5	0.449982	0	0	0	
1	1	3	127	262	1	300	0.25	0.40015	0	0	0	
1	1	3	104	263	2	0	0.6	0	200	100	134	
1	1	3	77	264	2	0	0.5	0	50	0	21	
1	1	3	52	265	2	0	0.25	0	400	0	56	
1	1	3	111	266	2	0	0.75	0	200	0	108	
1	1	3	22	267	2	0	0.05	0	400	0	24	
1	1	3	52	268	1	300	0.99	0.986176	0	0	0	
1	1	3	99	269	1	500	0.9	0.859272	0	0	0	
1	1	3	131	270	1	200	0.4	0.422653	0	0	0	
1	1	3	319	271	1	500	0.9	0.730107	0	0	0	
1	1	3	45	272	1	600	0.9	0.837038	0	0	0	
1	1	3	144	273	2	0	0.95	0	50	25	39.5	
1	1	3	218	274	1	400	0.99	0.983328	0	0	0	
1	1	3	120	275	2	0	0.75	0	200	150	175	
1	1	3	129	276	2	0	0.9	0	50	25	39.5	
1	1	3	304	277	1	500	0.5	0.46096	0	0	0	
1	1	3	248	278	1	400	0.5	0.471428	0	0	0	
1	1	3	133	279	2	0	0.9	0	150	100	137	
1	1	3	223	280	1	400	0.01	0.0129925	0	0	0	
1	1	3	16	281	2	0	0.05	0	25	0	5.5	
1	1	3	97	282	1	300	0.9	0.905901	0	0	0	
1	1	3	126	283	1	200	0.25	0.394095	0	0	0	
1	1	3	174	284	1	500	0.05	0.0569953	0	0	0	
1	1	3	64	285	1	500	0.05	0.0601444	0	0	0	
1	1	3	96	286	2	0	0.6	0	200	0	100	
1	1	3	113	287	1	400	0.01	0.0120372	0	0	0	
1	1	3	260	288	1	600	0.75	0.41548	0	0	0	
1	1	3	35	289	1	600	0.6	0.483428	0	0	0	
1	1	3	152	290	1	300	0.9	0.904451	0	0	0	
1	1	3	136	291	1	200	0.5	0.468456	0	0	0	
1	1	3	88	292	1	400	0.6	0.55169	0	0	0	
1	1	3	54	293	2	0	0.25	0	50	25	31.5	
1	1	3	112	294	1	300	0.01	0.0139081	0	0	0	
1	1	3	55	295	1	600	0.99	0.993465	0	0	0	
1	1	3	93	296	1	400	0.75	0.623623	0	0	0	
1	1	3	128	297	1	400	0.25	0.202834	0	0	0	
1	1	4	314	298	1	500	0.75	0.701022	0	0	0	
1	1	4	84	299	1	500	0.5	0.417788	0	0	0	
1	1	4	25	300	2	0	0.05	0	75	50	55.5	
1	1	4	98	301	2	0	0.6	0	800	0	208	
1	1	4	148	302	1	400	0.75	0.617068	0	0	0	
1	1	4	102	303	2	0	0.6	0	150	50	80	
1	1	4	165	304	1	600	0.99	0.991926	0	0	0	
1	1	4	15	305	1	600	0.1	0.0775792	0	0	0	
1	1	4	170	306	1	600	0.01	0.0110686	0	0	0	
1	1	4	6	307	2	0	0.01	0	200	0	12	
1	1	4	150	308	1	600	0.75	0.753946	0	0	0	
1	1	4	225	309	1	600	0.01	0.0391005	0	0	0	
1	1	4	261	310	1	200	0.9	0.919679	0	0	0	
1	1	4	108	311	1	400	0.99	0.990846	0	0	0	
1	1	4	108	312	2	0	0.75	0	75	0	40.5	
1	1	4	74	313	2	0	0.4	0	200	100	134	
1	1	4	209	314	1	500	0.9	0.902182	0	0	0	
1	1	4	46	315	2	0	0.25	0	25	0	7.5	
1	1	4	253	316	1	400	0.6	0.41306	0	0	0	
1	1	4	10	317	2	0	0.01	0	75	50	54.5	
1	1	4	166	318	1	200	0.01	0.00789742	0	0	0	
1	1	4	75	319	1	600	0.25	0.383976	0	0	0	
1	1	4	22	320	1	300	0.4	0.404051	0	0	0	
1	1	4	3	321	1	400	0.01	0.0129085	0	0	0	
1	1	4	167	322	1	300	0.01	0.014514	0	0	0	
1	1	4	229	323	1	500	0.05	0.070715	0	0	0	
1	1	4	101	324	2	0	0.6	0	100	50	75	
1	1	4	289	325	1	500	0.1	0.174917	0	0	0	
1	1	4	291	326	1	200	0.25	0.398133	0	0	0	
1	1	4	122	327	1	300	0.1	0.208654	0	0	0	
1	1	4	202	328	1	300	0.75	0.695742	0	0	0	
1	1	4	32	329	2	0	0.1	0	50	0	5	
1	1	4	5	330	2	0	0.01	0	150	0	9	
1	1	4	115	331	1	600	0.01	0.0116922	0	0	0	
1	1	4	138	332	2	0	0.95	0	75	0	58.5	
1	1	4	173	333	1	400	0.05	0.0834483	0	0	0	
1	1	4	217	334	1	300	0.99	0.994929	0	0	0	
1	1	4	267	335	1	300	0.95	0.970249	0	0	0	
1	1	4	145	336	1	600	0.6	0.359186	0	0	0	
1	1	4	275	337	1	600	0.99	0.985557	0	0	0	
1	1	4	53	338	1	400	0.99	0.988511	0	0	0	
1	1	4	179	339	1	500	0.1	0.0988885	0	0	0	
1	1	4	83	340	2	0	0.5	0	800	0	208	
1	1	4	215	341	1	600	0.95	0.801085	0	0	0	
1	1	4	19	342	2	0	0.05	0	100	0	14	
1	1	4	292	343	1	300	0.25	0.431941	0	0	0	
1	1	4	272	344	1	300	0.99	0.991245	0	0	0	
1	1	4	39	345	2	0	0.1	0	50	25	31.5	
1	1	4	124	346	2	0	0.9	0	100	0	78	
1	1	4	324	347	1	500	0.95	0.947786	0	0	0	
1	1	4	23	348	1	400	0.4	0.410517	0	0	0	
1	1	4	320	349	1	600	0.9	0.809152	0	0	0	
1	1	4	208	350	1	400	0.9	0.865079	0	0	0	
1	1	4	12	351	1	300	0.1	0.11566	0	0	0	
1	1	4	302	352	1	300	0.5	0.444445	0	0	0	
1	1	4	236	353	1	200	0.25	0.320742	0	0	0	
1	1	4	306	354	1	200	0.6	0.503981	0	0	0	
1	1	4	156	355	1	200	0.95	0.945061	0	0	0	
1	1	4	316	356	1	200	0.9	0.749289	0	0	0	
1	1	4	109	357	2	0	0.75	0	100	0	74	
1	1	4	103	358	2	0	0.6	0	150	100	125	
1	1	4	78	359	1	400	0.4	0.449898	0	0	0	
1	1	4	21	360	2	0	0.05	0	200	0	20	
1	1	4	157	361	1	300	0.95	0.93921	0	0	0	
1	1	4	102	362	1	300	0.95	0.95959	0	0	0	
1	1	4	28	363	2	0	0.05	0	150	100	111	
1	1	4	34	364	1	500	0.6	0.477992	0	0	0	
1	1	4	119	365	1	500	0.05	0.076018	0	0	0	
1	1	4	56	366	1	200	0.01	0.0143105	0	0	0	
1	1	4	70	367	2	0	0.4	0	75	50	57.5	
1	1	4	146	368	2	0	0.95	0	100	50	87	
1	1	4	152	369	2	0	0.99	0	50	0	37	
1	1	4	127	370	2	0	0.9	0	400	0	248	
1	1	4	48	371	1	400	0.95	0.918852	0	0	0	
1	1	4	43	372	2	0	0.1	0	150	100	107	
1	1	4	62	373	1	300	0.05	0.0650714	0	0	0	
1	1	4	227	374	1	300	0.05	0.0575261	0	0	0	
1	1	4	297	375	1	300	0.4	0.493684	0	0	0	
1	1	4	293	376	1	400	0.25	0.396603	0	0	0	
1	1	4	60	377	1	600	0.01	0.019242	0	0	0	
1	1	4	259	378	1	500	0.75	0.617015	0	0	0	
1	1	4	287	379	1	300	0.1	0.279632	0	0	0	
1	1	4	13	380	1	400	0.1	0.188451	0	0	0	
1	1	4	61	381	2	0	0.4	0	25	0	10.5	
1	1	4	130	382	1	600	0.25	0.347585	0	0	0	
1	1	4	308	383	1	400	0.6	0.58556	0	0	0	
1	1	4	55	384	2	0	0.25	0	75	50	56.5	
1	1	4	36	385	1	200	0.75	0.696701	0	0	0	
1	1	4	207	386	1	300	0.9	0.837984	0	0	0	
1	1	4	281	387	1	200	0.05	0.0490475	0	0	0	
1	1	4	26	388	1	200	0.5	0.577975	0	0	0	
1	1	4	95	389	2	0	0.6	0	150	0	81	
1	1	4	79	390	2	0	0.5	0	100	0	38	
1	1	4	92	391	2	0	0.6	0	50	0	31	
1	1	4	68	392	2	0	0.4	0	800	0	80	
1	1	4	2	393	2	0	0.01	0	50	0	5	
1	1	4	47	394	1	300	0.95	0.945083	0	0	0	
1	1	4	62	395	2	0	0.4	0	50	0	15	
1	1	4	184	396	1	500	0.25	0.301485	0	0	0	
1	1	5	93	397	2	0	0.6	0	75	0	40.5	
1	1	5	51	398	2	0	0.25	0	200	0	20	
1	1	5	8	399	2	0	0.01	0	800	0	48	
1	1	5	162	400	2	0	0.99	0	150	50	124	
1	1	5	307	401	1	300	0.6	0.5	0	0	0	
1	1	5	126	402	2	0	0.9	0	200	0	148	
1	1	5	323	403	1	400	0.95	0.925287	0	0	0	
1	1	5	6	404	1	200	0.05	0.076133	0	0	0	
1	1	5	158	405	2	0	0.99	0	800	0	592	
1	1	5	58	406	1	400	0.01	0.014912	0	0	0	
1	1	5	28	407	1	400	0.5	0.489743	0	0	0	
1	1	5	67	408	1	300	0.1	0.0915377	0	0	0	
1	1	5	89	409	2	0	0.5	0	200	100	138	
1	1	5	67	410	2	0	0.4	0	400	0	104	
1	1	5	34	411	2	0	0.1	0	100	0	14	
1	1	5	42	412	1	300	0.9	0.903809	0	0	0	
1	1	5	71	413	1	200	0.25	0.333909	0	0	0	
1	1	5	182	414	1	300	0.25	0.409721	0	0	0	
1	1	5	318	415	1	400	0.9	0.903429	0	0	0	
1	1	5	231	416	1	200	0.1	0.146885	0	0	0	
1	1	5	255	417	1	600	0.6	0.640288	0	0	0	
1	1	5	147	418	2	0	0.95	0	150	50	124	
1	1	5	151	419	1	200	0.9	0.848007	0	0	0	
1	1	5	129	420	1	500	0.25	0.371826	0	0	0	
1	1	5	327	421	1	300	0.99	0.991935	0	0	0	
1	1	5	91	422	2	0	0.6	0	25	0	15.5	
1	1	5	211	423	1	200	0.95	0.918542	0	0	0	
1	1	5	156	424	2	0	0.99	0	200	0	156	
1	1	5	220	425	1	600	0.99	0.990997	0	0	0	
1	1	5	76	426	2	0	0.5	0	25	0	13.5	
1	1	5	322	427	1	300	0.95	0.974566	0	0	0	
1	1	5	309	428	1	500	0.6	0.487059	0	0	0	
1	1	5	310	429	1	600	0.6	0.59533	0	0	0	
1	1	5	58	430	2	0	0.25	0	150	100	115	
1	1	5	140	431	2	0	0.95	0	150	0	111	
1	1	5	238	432	1	400	0.25	0.311335	0	0	0	
1	1	5	27	433	1	300	0.5	0.610129	0	0	0	
1	1	5	192	434	1	300	0.5	0.616887	0	0	0	
1	1	5	187	435	1	300	0.4	0.57173	0	0	0	
1	1	5	73	436	2	0	0.4	0	150	100	117	
1	1	5	263	437	1	400	0.9	0.915592	0	0	0	
1	1	5	141	438	2	0	0.95	0	200	0	156	
1	1	5	149	439	1	500	0.75	0.604118	0	0	0	
1	1	5	326	440	1	200	0.99	0.996172	0	0	0	
1	1	5	284	441	1	500	0.05	0.109393	0	0	0	
1	1	5	32	442	1	300	0.6	0.546564	0	0	0	
1	1	5	313	443	1	400	0.75	0.680253	0	0	0	
1	1	5	115	444	2	0	0.75	0	75	50	64.5	
1	1	5	15	445	2	0	0.01	0	200	150	157	
1	1	5	3	446	2	0	0.01	0	75	0	7.5	
1	1	5	65	447	2	0	0.4	0	150	0	27	
1	1	5	53	448	2	0	0.25	0	800	0	48	
1	1	5	114	449	1	500	0.01	0.0124131	0	0	0	
1	1	5	17	450	2	0	0.05	0	50	0	9	
1	1	5	105	451	1	600	0.95	0.915548	0	0	0	
1	1	5	271	452	1	200	0.99	0.99603	0	0	0	
1	1	5	285	453	1	600	0.05	0.0793837	0	0	0	
1	1	5	94	454	1	500	0.75	0.649204	0	0	0	
1	1	5	185	455	1	600	0.25	0.384184	0	0	0	
1	1	5	60	456	2	0	0.25	0	200	150	159	
1	1	5	160	457	1	600	0.95	0.924893	0	0	0	
1	1	5	277	458	1	300	0.01	0.0102459	0	0	0	
1	1	5	33	459	2	0	0.1	0	75	0	4.5	
1	1	5	251	460	1	200	0.6	0.64062	0	0	0	
1	1	5	303	461	1	400	0.5	0.535277	0	0	0	
1	1	5	163	462	1	400	0.99	0.985747	0	0	0	
1	1	5	206	463	1	200	0.9	0.970064	0	0	0	
1	1	5	296	464	1	200	0.4	0.581084	0	0	0	
1	1	5	106	465	1	200	0.99	0.99622	0	0	0	
1	1	5	81	466	2	0	0.5	0	200	0	68	
1	1	5	110	467	1	600	0.99	0.995128	0	0	0	
1	1	5	266	468	1	200	0.95	0.982368	0	0	0	
1	1	5	18	469	1	400	0.25	0.352821	0	0	0	
1	1	5	7	470	1	300	0.05	0.0935059	0	0	0	
1	1	5	146	471	1	200	0.75	0.640872	0	0	0	
1	1	5	278	472	1	400	0.01	0.0134967	0	0	0	
1	1	5	77	473	1	300	0.4	0.435431	0	0	0	
1	1	5	11	474	1	200	0.1	0.0826699	0	0	0	
1	1	5	280	475	1	600	0.01	0.0262876	0	0	0	
1	1	5	155	476	2	0	0.99	0	150	0	117	
1	1	5	112	477	2	0	0.75	0	400	0	232	
1	1	5	66	478	2	0	0.4	0	200	0	68	
1	1	5	13	479	2	0	0.01	0	150	100	107	
1	1	5	90	480	1	600	0.6	0.475095	0	0	0	
1	1	5	317	481	1	300	0.9	0.809722	0	0	0	
1	1	5	294	482	1	500	0.25	0.392861	0	0	0	
1	1	5	73	483	1	400	0.25	0.447129	0	0	0	
1	1	5	268	484	1	400	0.95	0.82403	0	0	0	
1	1	5	120	485	1	600	0.05	0.074125	0	0	0	
1	1	5	298	486	1	400	0.4	0.445223	0	0	0	
1	1	5	80	487	1	600	0.4	0.455422	0	0	0	
1	1	5	286	488	1	200	0.1	0.101516	0	0	0	
1	1	5	114	489	2	0	0.75	0	50	25	44.5	
1	1	5	69	490	1	500	0.1	0.127854	0	0	0	
1	1	5	128	491	2	0	0.9	0	800	0	592	
1	1	5	59	492	1	500	0.01	0.0174773	0	0	0	
1	1	5	247	493	1	300	0.5	0.576002	0	0	0	
1	1	5	50	494	2	0	0.25	0	150	0	27	
1	1	5	213	495	1	400	0.95	0.929931	0	0	0	
1	2	1	46	1	1	200	0.95	0.954243	0	0	0	
1	2	1	185	2	1	600	0.25	0.36946	0	0	0	
1	2	1	62	3	1	300	0.05	0.114262	0	0	0	
1	2	1	40	4	1	600	0.75	0.603189	0	0	0	
1	2	1	36	5	2	0	0.1	0	200	0	20	
1	2	1	305	6	1	600	0.5	0.473742	0	0	0	
1	2	1	42	7	2	0	0.1	0	150	50	60	
1	2	1	216	8	1	200	0.99	0.990855	0	0	0	
1	2	1	136	9	1	200	0.5	0.472375	0	0	0	
1	2	1	109	10	1	500	0.99	0.985782	0	0	0	
1	2	1	155	11	1	600	0.9	0.865264	0	0	0	
1	2	1	111	12	1	200	0.01	0.00793722	0	0	0	
1	2	1	97	13	1	300	0.9	0.811363	0	0	0	
1	2	1	138	14	2	0	0.95	0	75	0	58.5	
1	2	1	61	15	1	200	0.05	0.0545937	0	0	0	
1	2	1	50	16	2	0	0.25	0	150	0	33	
1	2	1	83	17	2	0	0.5	0	800	0	208	
1	2	1	262	18	1	300	0.9	0.808626	0	0	0	
1	2	1	194	19	1	500	0.5	0.463781	0	0	0	
1	2	1	16	20	2	0	0.05	0	25	0	5.5	
1	2	1	58	21	2	0	0.25	0	150	100	113	
1	2	1	229	22	1	500	0.05	0.0825063	0	0	0	
1	2	1	174	23	1	500	0.05	0.0820861	0	0	0	
1	2	1	320	24	1	600	0.9	0.853818	0	0	0	
1	2	1	316	25	1	200	0.9	0.814481	0	0	0	
1	2	1	326	26	1	200	0.99	0.993571	0	0	0	
1	2	1	14	27	2	0	0.01	0	200	100	110	
1	2	1	139	28	2	0	0.95	0	100	0	78	
1	2	1	85	29	2	0	0.5	0	75	50	58.5	
1	2	1	19	30	2	0	0.05	0	100	0	10	
1	2	1	248	31	1	400	0.5	0.5	0	0	0	
1	2	1	41	32	1	200	0.9	0.886494	0	0	0	
1	2	1	88	33	1	400	0.6	0.534821	0	0	0	
1	2	1	24	34	1	500	0.4	0.425334	0	0	0	
1	2	1	121	35	1	200	0.1	0.286704	0	0	0	
1	2	1	129	36	2	0	0.9	0	50	25	43.5	
1	2	1	60	37	2	0	0.25	0	200	150	167	
1	2	1	117	38	2	0	0.75	0	150	50	128	
1	2	1	88	39	2	0	0.5	0	150	100	123	
1	2	1	178	40	1	400	0.1	0.134311	0	0	0	
1	2	1	35	41	2	0	0.1	0	150	0	15	
1	2	1	22	42	1	300	0.4	0.456187	0	0	0	
1	2	1	281	43	1	200	0.05	0.0886805	0	0	0	
1	2	1	39	44	2	0	0.1	0	50	25	26.5	
1	2	1	48	45	1	400	0.95	0.898887	0	0	0	
1	2	1	94	46	1	500	0.75	0.669342	0	0	0	
1	2	1	127	47	1	300	0.25	0.394608	0	0	0	
1	2	1	154	48	1	500	0.9	0.76844	0	0	0	
1	2	1	107	49	1	300	0.99	0.982757	0	0	0	
1	2	1	124	50	1	500	0.1	0.251525	0	0	0	
1	2	1	45	51	1	600	0.9	0.844035	0	0	0	
1	2	1	143	52	1	400	0.6	0.494684	0	0	0	
1	2	1	34	53	1	500	0.6	0.552274	0	0	0	
1	2	1	322	54	1	300	0.95	0.902416	0	0	0	
1	2	1	76	55	2	0	0.5	0	25	0	10.5	
1	2	1	89	56	1	500	0.6	0.466917	0	0	0	
1	2	1	220	57	1	600	0.99	0.98695	0	0	0	
1	2	1	5	58	2	0	0.01	0	150	0	9	
1	2	1	4	59	1	500	0.01	0.0232889	0	0	0	
1	2	1	147	60	2	0	0.95	0	150	50	128	
1	2	1	263	61	1	400	0.9	0.407797	0	0	0	
1	2	1	39	62	1	500	0.75	0.706312	0	0	0	
1	2	1	142	63	2	0	0.95	0	400	0	312	
1	2	1	36	64	1	200	0.75	0.606975	0	0	0	
1	2	1	214	65	1	500	0.95	0.933549	0	0	0	
1	2	1	63	66	1	400	0.05	0.133572	0	0	0	
1	2	1	49	67	1	500	0.95	0.908263	0	0	0	
1	2	1	207	68	1	300	0.9	0.899135	0	0	0	
1	2	1	235	69	1	600	0.1	0.122657	0	0	0	
1	2	1	153	70	1	400	0.9	0.888369	0	0	0	
1	2	1	238	71	1	400	0.25	0.396099	0	0	0	
1	2	1	179	72	1	500	0.1	0.136664	0	0	0	
1	2	1	59	73	1	500	0.01	0.0272208	0	0	0	
1	2	1	206	74	1	200	0.9	0.807993	0	0	0	
1	2	1	115	75	2	0	0.75	0	75	50	68.5	
1	2	1	225	76	1	600	0.01	0.0299674	0	0	0	
1	2	1	84	77	1	500	0.5	0.617776	0	0	0	
1	2	1	25	78	2	0	0.05	0	75	50	54.5	
1	2	1	20	79	2	0	0.05	0	150	0	9	
1	2	1	126	80	1	200	0.25	0.41636	0	0	0	
1	2	1	109	81	2	0	0.75	0	100	0	70	
1	2	1	103	82	2	0	0.6	0	150	100	119	
1	2	1	110	83	2	0	0.75	0	150	0	117	
1	2	1	79	84	2	0	0.5	0	100	0	30	
1	2	1	97	85	2	0	0.6	0	400	0	184	
1	2	1	5	86	1	600	0.01	0.0460798	0	0	0	
1	2	1	283	87	1	400	0.05	0.0843815	0	0	0	
1	2	1	82	88	2	0	0.5	0	400	0	88	
1	2	1	20	89	1	600	0.25	0.40214	0	0	0	
1	2	1	134	90	1	500	0.4	0.5	0	0	0	
1	2	1	275	91	1	600	0.99	0.987958	0	0	0	
1	2	1	289	92	1	500	0.1	0.0924842	0	0	0	
1	2	1	29	93	2	0	0.05	0	200	100	106	
1	2	1	198	94	1	400	0.6	0.550341	0	0	0	
1	2	1	137	95	1	300	0.5	0.50851	0	0	0	
1	2	1	133	96	2	0	0.9	0	150	100	105	
1	2	1	108	97	1	400	0.99	0.990205	0	0	0	
1	2	1	273	98	1	400	0.99	0.984831	0	0	0	
1	2	1	165	99	2	0	0.99	0	200	150	187	
1	2	2	10	100	1	600	0.05	0.0864426	0	0	0	
1	2	2	232	101	1	300	0.1	0.12505	0	0	0	
1	2	2	144	102	1	500	0.6	0.561668	0	0	0	
1	2	2	152	103	1	300	0.9	0.79058	0	0	0	
1	2	2	251	104	1	200	0.6	0.716586	0	0	0	
1	2	2	170	105	1	600	0.01	0.0244609	0	0	0	
1	2	2	308	106	1	400	0.6	0.54571	0	0	0	
1	2	2	241	107	1	200	0.4	0.515962	0	0	0	
1	2	2	164	108	2	0	0.99	0	200	100	178	
1	2	2	176	109	1	200	0.1	0.143263	0	0	0	
1	2	2	33	110	1	400	0.6	0.624967	0	0	0	
1	2	2	280	111	1	600	0.01	0.0213561	0	0	0	
1	2	2	123	112	1	400	0.1	0.128623	0	0	0	
1	2	2	14	113	1	500	0.1	0.112825	0	0	0	
1	2	2	48	114	2	0	0.25	0	75	0	10.5	
1	2	2	234	115	1	500	0.1	0.145452	0	0	0	
1	2	2	127	116	2	0	0.9	0	400	0	312	
1	2	2	130	117	2	0	0.9	0	75	50	68.5	
1	2	2	168	118	1	400	0.01	0.0172296	0	0	0	
1	2	2	31	119	2	0	0.1	0	25	0	3.5	
1	2	2	46	120	2	0	0.25	0	25	0	3.5	
1	2	2	200	121	1	600	0.6	0.600478	0	0	0	
1	2	2	23	122	2	0	0.05	0	800	0	16	
1	2	2	158	123	1	400	0.95	0.219473	0	0	0	
1	2	2	328	124	1	400	0.99	0.980214	0	0	0	
1	2	2	90	125	2	0	0.5	0	200	150	169	
1	2	2	277	126	1	300	0.01	0.0111305	0	0	0	
1	2	2	44	127	2	0	0.1	0	200	100	106	
1	2	2	99	128	2	0	0.6	0	50	25	34.5	
1	2	2	81	129	2	0	0.5	0	200	0	68	
1	2	2	55	130	1	600	0.99	0.984535	0	0	0	
1	2	2	215	131	1	600	0.95	0.927737	0	0	0	
1	2	2	237	132	1	300	0.25	0.375475	0	0	0	
1	2	2	136	133	2	0	0.95	0	25	0	18.5	
1	2	2	11	134	1	200	0.1	0.0711617	0	0	0	
1	2	2	13	135	2	0	0.01	0	150	100	105	
1	2	2	82	136	1	300	0.5	0.472362	0	0	0	
1	2	2	132	137	1	300	0.4	0.54234	0	0	0	
1	2	2	300	138	1	600	0.4	0.465573	0	0	0	
1	2	2	11	139	2	0	0.01	0	100	50	55	
1	2	2	272	140	1	300	0.99	0.984535	0	0	0	
1	2	2	1	141	1	200	0.01	0.0147086	0	0	0	
1	2	2	3	142	1	400	0.01	0.0176011	0	0	0	
1	2	2	72	143	2	0	0.4	0	150	50	68	
1	2	2	188	144	1	400	0.4	0.489912	0	0	0	
1	2	2	191	145	1	200	0.5	0.552181	0	0	0	
1	2	2	149	146	2	0	0.95	0	200	100	178	
1	2	2	101	147	1	200	0.95	0.952301	0	0	0	
1	2	2	114	148	1	500	0.01	0.0308298	0	0	0	
1	2	2	43	149	1	400	0.9	0.904747	0	0	0	
1	2	2	12	150	2	0	0.01	0	150	50	56	
1	2	2	95	151	1	600	0.75	0.612243	0	0	0	
1	2	2	28	152	1	400	0.5	0.45996	0	0	0	
1	2	2	242	153	1	300	0.4	0.447616	0	0	0	
1	2	2	77	154	2	0	0.5	0	50	0	13	
1	2	2	259	155	1	500	0.75	0.55732	0	0	0	
1	2	2	211	156	1	200	0.95	0.916751	0	0	0	
1	2	2	128	157	2	0	0.9	0	800	0	720	
1	2	2	324	158	1	500	0.95	0.431136	0	0	0	
1	2	2	181	159	1	200	0.25	0.390906	0	0	0	
1	2	2	87	160	2	0	0.5	0	150	50	84	
1	2	2	12	161	1	300	0.1	0.0962436	0	0	0	
1	2	2	65	162	2	0	0.4	0	150	0	45	
1	2	2	202	163	1	300	0.75	0.613353	0	0	0	
1	2	2	111	164	2	0	0.75	0	200	0	140	
1	2	2	52	165	1	300	0.99	0.991545	0	0	0	
1	2	2	57	166	2	0	0.25	0	150	50	72	
1	2	2	17	167	2	0	0.05	0	50	0	3	
1	2	2	172	168	1	300	0.05	0.0714094	0	0	0	
1	2	2	129	169	1	500	0.25	0.368858	0	0	0	
1	2	2	2	170	1	300	0.01	0.0130898	0	0	0	
1	2	2	204	171	1	500	0.75	0.621854	0	0	0	
1	2	2	325	172	1	600	0.95	0.699775	0	0	0	
1	2	2	15	173	2	0	0.01	0	200	150	155	
1	2	2	140	174	2	0	0.95	0	150	0	117	
1	2	2	252	175	1	300	0.6	0.561013	0	0	0	
1	2	2	50	176	1	600	0.95	0.904194	0	0	0	
1	2	2	116	177	1	200	0.05	0.0562744	0	0	0	
1	2	2	228	178	1	400	0.05	0.0748238	0	0	0	
1	2	2	131	179	1	200	0.4	0.399327	0	0	0	
1	2	2	159	180	2	0	0.99	0	50	25	43.5	
1	2	2	2	181	2	0	0.01	0	50	0	5	
1	2	2	161	182	1	200	0.99	0.98902	0	0	0	
1	2	2	77	183	1	300	0.4	0.405188	0	0	0	
1	2	2	117	184	1	300	0.05	0.0800958	0	0	0	
1	2	2	210	185	1	600	0.9	0.874791	0	0	0	
1	2	2	118	186	1	400	0.05	0.0852263	0	0	0	
1	2	2	44	187	1	500	0.9	0.895234	0	0	0	
1	2	2	189	188	1	500	0.4	0.409664	0	0	0	
1	2	2	327	189	1	300	0.99	0.985238	0	0	0	
1	2	2	123	190	2	0	0.9	0	75	0	58.5	
1	2	2	299	191	1	500	0.4	0.403595	0	0	0	
1	2	2	22	192	2	0	0.05	0	400	0	24	
1	2	2	9	193	2	0	0.01	0	50	25	26.5	
1	2	2	113	194	1	400	0.01	0.0233199	0	0	0	
1	2	2	27	195	1	300	0.5	0.433047	0	0	0	
1	2	2	148	196	1	400	0.75	0.613388	0	0	0	
1	2	2	69	197	2	0	0.4	0	50	25	33.5	
1	2	2	151	198	2	0	0.99	0	25	0	18.5	
1	2	3	114	199	2	0	0.75	0	50	25	39.5	
1	2	3	79	200	1	500	0.4	0.394002	0	0	0	
1	2	3	205	201	1	600	0.75	0.661177	0	0	0	
1	2	3	90	202	1	600	0.6	0.60376	0	0	0	
1	2	3	74	203	2	0	0.4	0	200	100	142	
1	2	3	138	204	1	400	0.5	0.417855	0	0	0	
1	2	3	54	205	1	500	0.99	0.98572	0	0	0	
1	2	3	297	206	1	300	0.4	0.406178	0	0	0	
1	2	3	175	207	1	600	0.05	0.394551	0	0	0	
1	2	3	63	208	2	0	0.4	0	75	0	16.5	
1	2	3	83	209	1	400	0.5	0.287518	0	0	0	
1	2	3	25	210	1	600	0.4	0.35275	0	0	0	
1	2	3	67	211	2	0	0.4	0	400	0	88	
1	2	3	294	212	1	500	0.25	0.351994	0	0	0	
1	2	3	33	213	2	0	0.1	0	75	0	7.5	
1	2	3	19	214	1	500	0.25	0.229123	0	0	0	
1	2	3	150	215	1	600	0.75	0.879404	0	0	0	
1	2	3	222	216	1	300	0.01	0.0140629	0	0	0	
1	2	3	230	217	1	600	0.05	0.0505115	0	0	0	
1	2	3	258	218	1	400	0.75	0.64621	0	0	0	
1	2	3	161	219	2	0	0.99	0	100	50	89	
1	2	3	231	220	1	200	0.1	0.0874289	0	0	0	
1	2	3	130	221	1	600	0.25	0.389619	0	0	0	
1	2	3	73	222	2	0	0.4	0	150	100	117	
1	2	3	303	223	1	400	0.5	0.570933	0	0	0	
1	2	3	160	224	2	0	0.99	0	75	50	69.5	
1	2	3	3	225	2	0	0.01	0	75	0	7.5	
1	2	3	51	226	2	0	0.25	0	200	0	44	
1	2	3	265	227	1	600	0.9	0.848723	0	0	0	
1	2	3	74	228	1	500	0.25	0.365227	0	0	0	
1	2	3	224	229	1	500	0.01	0.0174773	0	0	0	
1	2	3	65	230	1	600	0.05	0.0685389	0	0	0	
1	2	3	108	231	2	0	0.75	0	75	0	58.5	
1	2	3	290	232	1	600	0.1	0.0919402	0	0	0	
1	2	3	217	233	1	300	0.99	0.991722	0	0	0	
1	2	3	165	234	1	600	0.99	0.992218	0	0	0	
1	2	3	152	235	2	0	0.99	0	50	0	47	
1	2	3	27	236	2	0	0.05	0	150	50	56	
1	2	3	156	237	1	200	0.95	0.9322	0	0	0	
1	2	3	122	238	2	0	0.9	0	50	0	39	
1	2	3	247	239	1	300	0.5	0.552088	0	0	0	
1	2	3	245	240	1	600	0.4	0.590314	0	0	0	
1	2	3	106	241	2	0	0.75	0	25	0	19.5	
1	2	3	107	242	2	0	0.75	0	50	0	37	
1	2	3	286	243	1	200	0.1	0.113165	0	0	0	
1	2	3	40	244	2	0	0.1	0	75	50	52.5	
1	2	3	209	245	1	500	0.9	0.922438	0	0	0	
1	2	3	244	246	1	500	0.4	0.410208	0	0	0	
1	2	3	61	247	2	0	0.4	0	25	0	8.5	
1	2	3	253	248	1	400	0.6	0.580527	0	0	0	
1	2	3	66	249	2	0	0.4	0	200	0	60	
1	2	3	126	250	2	0	0.9	0	200	0	180	
1	2	3	64	251	1	500	0.05	0.0237931	0	0	0	
1	2	3	21	252	1	200	0.4	0.357213	0	0	0	
1	2	3	93	253	1	400	0.75	0.618625	0	0	0	
1	2	3	164	254	1	500	0.99	0.980099	0	0	0	
1	2	3	184	255	1	500	0.25	0.402941	0	0	0	
1	2	3	329	256	1	500	0.99	0.98603	0	0	0	
1	2	3	53	257	2	0	0.25	0	800	0	112	
1	2	3	169	258	1	500	0.01	0.0205335	0	0	0	
1	2	3	125	259	1	600	0.1	0.199291	0	0	0	
1	2	3	72	260	1	300	0.25	0.364971	0	0	0	
1	2	3	208	261	1	400	0.9	0.327191	0	0	0	
1	2	3	139	262	1	500	0.5	0.356974	0	0	0	
1	2	3	32	263	1	300	0.6	0.448359	0	0	0	
1	2	3	156	264	2	0	0.99	0	200	0	188	
1	2	3	146	265	2	0	0.95	0	100	50	89	
1	2	3	193	266	1	400	0.5	0.394029	0	0	0	
1	2	3	250	267	1	600	0.5	0.384971	0	0	0	
1	2	3	310	268	1	600	0.6	0.475413	0	0	0	
1	2	3	141	269	1	200	0.6	0.5	0	0	0	
1	2	3	81	270	1	200	0.5	0.483397	0	0	0	
1	2	3	226	271	1	200	0.05	0.908542	0	0	0	
1	2	3	38	272	1	400	0.75	0.549332	0	0	0	
1	2	3	6	273	2	0	0.01	0	200	0	4	
1	2	3	187	274	1	300	0.4	0.416161	0	0	0	
1	2	3	45	275	2	0	0.1	0	200	150	157	
1	2	3	312	276	1	300	0.75	0.725339	0	0	0	
1	2	3	288	277	1	400	0.1	0.114191	0	0	0	
1	2	3	29	278	1	500	0.5	0.421636	0	0	0	
1	2	3	199	279	1	500	0.6	0.548536	0	0	0	
1	2	3	43	280	2	0	0.1	0	150	100	111	
1	2	3	26	281	2	0	0.05	0	100	50	55	
1	2	3	302	282	1	300	0.5	0.433582	0	0	0	
1	2	3	133	283	1	400	0.4	0.557908	0	0	0	
1	2	3	66	284	1	200	0.1	0.109853	0	0	0	
1	2	3	102	285	2	0	0.6	0	150	50	112	
1	2	3	166	286	1	200	0.01	0.0140098	0	0	0	
1	2	3	311	287	1	200	0.75	0.672473	0	0	0	
1	2	3	8	288	2	0	0.01	0	800	0	16	
1	2	3	113	289	2	0	0.75	0	800	0	560	
1	2	3	49	290	2	0	0.25	0	100	0	22	
1	2	3	246	291	1	200	0.5	0.416846	0	0	0	
1	2	3	89	292	2	0	0.5	0	200	100	130	
1	2	3	213	293	1	400	0.95	0.925778	0	0	0	
1	2	3	135	294	2	0	0.9	0	200	150	189	
1	2	3	197	295	1	300	0.6	0.588413	0	0	0	
1	2	3	278	296	1	400	0.01	0.0138727	0	0	0	
1	2	3	68	297	1	400	0.1	0.222617	0	0	0	
1	2	4	13	298	1	400	0.1	0.0566504	0	0	0	
1	2	4	128	299	1	400	0.25	0.373087	0	0	0	
1	2	4	157	300	1	300	0.95	0.918891	0	0	0	
1	2	4	144	301	2	0	0.95	0	50	25	44.5	
1	2	4	219	302	1	500	0.99	0.967277	0	0	0	
1	2	4	6	303	1	200	0.05	0.0651864	0	0	0	
1	2	4	255	304	1	600	0.6	0.428642	0	0	0	
1	2	4	282	305	1	300	0.05	0.0705425	0	0	0	
1	2	4	58	306	1	400	0.01	0.0213384	0	0	0	
1	2	4	15	307	1	600	0.1	0.137708	0	0	0	
1	2	4	59	308	2	0	0.25	0	200	100	122	
1	2	4	147	309	1	300	0.75	0.866304	0	0	0	
1	2	4	167	310	1	300	0.01	0.0189147	0	0	0	
1	2	4	121	311	2	0	0.9	0	25	0	19.5	
1	2	4	314	312	1	500	0.75	0.645772	0	0	0	
1	2	4	9	313	1	500	0.05	0.100091	0	0	0	
1	2	4	163	314	1	400	0.99	0.988418	0	0	0	
1	2	4	69	315	1	500	0.1	0.186425	0	0	0	
1	2	4	284	316	1	500	0.05	0.0867876	0	0	0	
1	2	4	257	317	1	300	0.75	0.760806	0	0	0	
1	2	4	131	318	2	0	0.9	0	100	50	87	
1	2	4	35	319	1	600	0.6	0.551809	0	0	0	
1	2	4	119	320	1	500	0.05	0.0829264	0	0	0	
1	2	4	190	321	1	600	0.4	0.505498	0	0	0	
1	2	4	145	322	2	0	0.95	0	75	50	69.5	
1	2	4	32	323	2	0	0.1	0	50	0	7	
1	2	4	162	324	1	300	0.99	0.987582	0	0	0	
1	2	4	287	325	1	300	0.1	0.0979685	0	0	0	
1	2	4	279	326	1	500	0.01	0.0222363	0	0	0	
1	2	4	56	327	2	0	0.25	0	100	50	61	
1	2	4	18	328	2	0	0.05	0	75	0	4.5	
1	2	4	171	329	1	200	0.05	0.0619843	0	0	0	
1	2	4	150	330	2	0	0.95	0	200	150	189	
1	2	4	18	331	1	400	0.25	0.409531	0	0	0	
1	2	4	85	332	1	600	0.5	0.497324	0	0	0	
1	2	4	260	333	1	600	0.75	0.674689	0	0	0	
1	2	4	70	334	2	0	0.4	0	75	50	57.5	
1	2	4	145	335	1	600	0.6	0.575653	0	0	0	
1	2	4	92	336	2	0	0.6	0	50	0	15	
1	2	4	86	337	1	200	0.6	0.593366	0	0	0	
1	2	4	159	338	1	500	0.95	0.709205	0	0	0	
1	2	4	55	339	2	0	0.25	0	75	50	54.5	
1	2	4	93	340	2	0	0.6	0	75	0	40.5	
1	2	4	28	341	2	0	0.05	0	150	100	103	
1	2	4	4	342	2	0	0.01	0	100	0	2	
1	2	4	254	343	1	500	0.6	0.568682	0	0	0	
1	2	4	149	344	1	500	0.75	0.668532	0	0	0	
1	2	4	84	345	2	0	0.5	0	50	25	32.5	
1	2	4	62	346	2	0	0.4	0	50	0	9	
1	2	4	196	347	1	200	0.6	0.50881	0	0	0	
1	2	4	86	348	2	0	0.5	0	100	50	67	
1	2	4	78	349	1	400	0.4	0.400101	0	0	0	
1	2	4	192	350	1	300	0.5	0.553875	0	0	0	
1	2	4	240	351	1	600	0.25	0.380566	0	0	0	
1	2	4	102	352	1	300	0.95	0.898834	0	0	0	
1	2	4	301	353	1	200	0.5	0.5	0	0	0	
1	2	4	298	354	1	400	0.4	0.391773	0	0	0	
1	2	4	37	355	2	0	0.1	0	400	0	40	
1	2	4	212	356	1	300	0.95	0.906556	0	0	0	
1	2	4	103	357	1	400	0.95	0.920988	0	0	0	
1	2	4	64	358	2	0	0.4	0	100	0	26	
1	2	4	195	359	1	600	0.5	0.405488	0	0	0	
1	2	4	105	360	2	0	0.6	0	200	150	183	
1	2	4	319	361	1	500	0.9	0.817622	0	0	0	
1	2	4	201	362	1	200	0.75	0.745118	0	0	0	
1	2	4	112	363	2	0	0.75	0	400	0	216	
1	2	4	162	364	2	0	0.99	0	150	50	124	
1	2	4	313	365	1	400	0.75	0.59249	0	0	0	
1	2	4	132	366	2	0	0.9	0	150	50	124	
1	2	4	76	367	1	200	0.4	0.389964	0	0	0	
1	2	4	315	368	1	600	0.75	0.654768	0	0	0	
1	2	4	115	369	1	600	0.01	0.0290165	0	0	0	
1	2	4	42	370	1	300	0.9	0.846529	0	0	0	
1	2	4	100	371	1	600	0.9	0.718488	0	0	0	
1	2	4	71	372	2	0	0.4	0	100	50	65	
1	2	4	148	373	2	0	0.95	0	150	100	135	
1	2	4	51	374	1	200	0.99	0.989374	0	0	0	
1	2	4	21	375	2	0	0.05	0	200	0	12	
1	2	4	71	376	1	200	0.25	0.297867	0	0	0	
1	2	4	118	377	2	0	0.75	0	150	100	129	
1	2	4	295	378	1	600	0.25	0.341587	0	0	0	
1	2	4	91	379	2	0	0.6	0	25	0	14.5	
1	2	4	157	380	2	0	0.99	0	400	0	296	
1	2	4	271	381	1	200	0.99	0.988582	0	0	0	
1	2	4	47	382	1	300	0.95	0.977711	0	0	0	
1	2	4	182	383	1	300	0.25	0.402246	0	0	0	
1	2	4	24	384	2	0	0.05	0	50	25	26.5	
1	2	4	155	385	2	0	0.99	0	150	0	117	
1	2	4	266	386	1	200	0.95	0.984292	0	0	0	
1	2	4	323	387	1	400	0.95	0.948657	0	0	0	
1	2	4	233	388	1	400	0.1	0.0981366	0	0	0	
1	2	4	276	389	1	200	0.01	0.0091137	0	0	0	
1	2	4	120	390	2	0	0.75	0	200	150	173	
1	2	4	106	391	1	200	0.99	0.99572	0	0	0	
1	2	4	99	392	1	500	0.9	0.909391	0	0	0	
1	2	4	75	393	1	600	0.25	0.415197	0	0	0	
1	2	4	227	394	1	300	0.05	0.0881852	0	0	0	
1	2	4	87	395	1	300	0.6	0.530128	0	0	0	
1	2	4	98	396	1	400	0.9	0.777728	0	0	0	
1	2	5	177	397	1	300	0.1	0.080401	0	0	0	
1	2	5	110	398	1	600	0.99	0.983796	0	0	0	
1	2	5	47	399	2	0	0.25	0	50	0	7	
1	2	5	317	400	1	300	0.9	0.917374	0	0	0	
1	2	5	256	401	1	200	0.75	0.678081	0	0	0	
1	2	5	160	402	1	600	0.95	0.947976	0	0	0	
1	2	5	134	403	2	0	0.9	0	200	100	162	
1	2	5	34	404	2	0	0.1	0	100	0	6	
1	2	5	141	405	2	0	0.95	0	200	0	156	
1	2	5	140	406	1	600	0.5	0.390539	0	0	0	
1	2	5	125	407	2	0	0.9	0	150	0	105	
1	2	5	146	408	1	200	0.75	0.602154	0	0	0	
1	2	5	91	409	1	200	0.75	0.687847	0	0	0	
1	2	5	183	410	1	400	0.25	0.322224	0	0	0	
1	2	5	296	411	1	200	0.4	0.3885	0	0	0	
1	2	5	120	412	1	600	0.05	0.22168	0	0	0	
1	2	5	41	413	2	0	0.1	0	100	50	53	
1	2	5	291	414	1	200	0.25	0.421419	0	0	0	
1	2	5	318	415	1	400	0.9	0.921178	0	0	0	
1	2	5	92	416	1	300	0.75	0.720837	0	0	0	
1	2	5	306	417	1	200	0.6	0.609766	0	0	0	
1	2	5	7	418	2	0	0.01	0	400	0	8	
1	2	5	293	419	1	400	0.25	0.404325	0	0	0	
1	2	5	95	420	2	0	0.6	0	150	0	63	
1	2	5	135	421	1	600	0.4	0.530597	0	0	0	
1	2	5	31	422	1	200	0.6	0.531544	0	0	0	
1	2	5	10	423	2	0	0.01	0	75	50	53.5	
1	2	5	16	424	1	200	0.25	0.386983	0	0	0	
1	2	5	57	425	1	300	0.01	0.0168979	0	0	0	
1	2	5	1	426	2	0	0.01	0	25	0	1.5	
1	2	5	17	427	1	300	0.25	0.543428	0	0	0	
1	2	5	221	428	1	200	0.01	0.00756128	0	0	0	
1	2	5	100	429	2	0	0.6	0	75	50	61.5	
1	2	5	104	430	1	500	0.95	0.926189	0	0	0	
1	2	5	23	431	1	400	0.4	0.5	0	0	0	
1	2	5	158	432	2	0	0.99	0	800	0	592	
1	2	5	321	433	1	200	0.95	0.931828	0	0	0	
1	2	5	96	434	2	0	0.6	0	200	0	100	
1	2	5	330	435	1	600	0.99	0.976764	0	0	0	
1	2	5	186	436	1	200	0.4	0.5	0	0	0	
1	2	5	124	437	2	0	0.9	0	100	0	78	
1	2	5	269	438	1	500	0.95	0.949024	0	0	0	
1	2	5	26	439	1	200	0.5	0.47203	0	0	0	
1	2	5	67	440	1	300	0.1	0.101166	0	0	0	
1	2	5	274	441	1	500	0.99	0.981183	0	0	0	
1	2	5	78	442	2	0	0.5	0	75	0	28.5	
1	2	5	80	443	2	0	0.5	0	150	0	51	
1	2	5	154	444	2	0	0.99	0	100	0	78	
1	2	5	223	445	1	400	0.01	0.0129306	0	0	0	
1	2	5	122	446	1	300	0.1	0.122312	0	0	0	
1	2	5	53	447	1	400	0.99	0.985981	0	0	0	
1	2	5	249	448	1	500	0.5	0.486081	0	0	0	
1	2	5	7	449	1	300	0.05	0.177544	0	0	0	
1	2	5	243	450	1	400	0.4	0.406077	0	0	0	
1	2	5	270	451	1	600	0.95	0.892434	0	0	0	
1	2	5	101	452	2	0	0.6	0	100	50	71	
1	2	5	142	453	1	300	0.6	0.446276	0	0	0	
1	2	5	285	454	1	600	0.05	0.101016	0	0	0	
1	2	5	203	455	1	400	0.75	0.525206	0	0	0	
1	2	5	268	456	1	400	0.95	0.917808	0	0	0	
1	2	5	112	457	1	300	0.01	0.0152747	0	0	0	
1	2	5	304	458	1	500	0.5	0.60096	0	0	0	
1	2	5	73	459	1	400	0.25	0.425842	0	0	0	
1	2	5	261	460	1	200	0.9	0.700797	0	0	0	
1	2	5	180	461	1	600	0.1	0.198332	0	0	0	
1	2	5	56	462	1	200	0.01	0.00889698	0	0	0	
1	2	5	267	463	1	300	0.95	0.971669	0	0	0	
1	2	5	307	464	1	300	0.6	0.643132	0	0	0	
1	2	5	96	465	1	200	0.9	0.935897	0	0	0	
1	2	5	137	466	2	0	0.95	0	50	0	37	
1	2	5	292	467	1	300	0.25	0.410805	0	0	0	
1	2	5	8	468	1	400	0.05	0.113011	0	0	0	
1	2	5	80	469	1	600	0.4	0.408186	0	0	0	
1	2	5	236	470	1	200	0.25	0.367616	0	0	0	
1	2	5	38	471	2	0	0.1	0	800	0	48	
1	2	5	173	472	1	400	0.05	0.126682	0	0	0	
1	2	5	52	473	2	0	0.25	0	400	0	56	
1	2	5	119	474	2	0	0.75	0	200	100	158	
1	2	5	218	475	1	400	0.99	0.984995	0	0	0	
1	2	5	151	476	1	200	0.9	0.951673	0	0	0	
1	2	5	105	477	1	600	0.95	0.897777	0	0	0	
1	2	5	239	478	1	500	0.25	0.345926	0	0	0	
1	2	5	37	479	1	300	0.75	0.61154	0	0	0	
1	2	5	264	480	1	500	0.9	0.684109	0	0	0	
1	2	5	75	481	2	0	0.4	0	200	150	161	
1	2	5	163	482	2	0	0.99	0	150	100	137	
1	2	5	30	483	1	600	0.5	0.530164	0	0	0	
1	2	5	60	484	1	600	0.01	0.0144344	0	0	0	
1	2	5	68	485	2	0	0.4	0	800	0	176	
1	2	5	70	486	1	600	0.1	0.11692	0	0	0	
1	2	5	30	487	2	0	0.05	0	200	150	153	
1	2	5	104	488	2	0	0.6	0	200	100	142	
1	2	5	54	489	2	0	0.25	0	50	25	27.5	
1	2	5	116	490	2	0	0.75	0	100	50	75	
1	2	5	143	491	2	0	0.95	0	800	0	592	
1	2	5	153	492	2	0	0.99	0	75	0	58.5	
1	2	5	309	493	1	500	0.6	0.531048	0	0	0	
1	2	5	94	494	2	0	0.6	0	100	0	42	
1	2	5	98	495	2	0	0.6	0	800	0	176	
