Subject#	Session#	Block#	Stim#	Trial#	Task	Numerosity	P_true	P_reported	x1	x2	CE	
11	1	1	172	1	1	300	0.05	0.0199939	0	0	0	
11	1	1	128	2	2	0	0.9	0	800	0	176	
11	1	1	165	3	2	0	0.99	0	200	150	163	
11	1	1	6	4	1	200	0.05	0.0345494	0	0	0	
11	1	1	140	5	2	0	0.95	0	150	0	51	
11	1	1	255	6	1	600	0.6	0.734968	0	0	0	
11	1	1	58	7	1	400	0.01	0.00756571	0	0	0	
11	1	1	192	8	1	300	0.5	0.582862	0	0	0	
11	1	1	138	9	1	400	0.5	0.548151	0	0	0	
11	1	1	50	10	2	0	0.25	0	150	0	51	
11	1	1	70	11	1	600	0.1	0.0801533	0	0	0	
11	1	1	71	12	1	200	0.25	0.306872	0	0	0	
11	1	1	286	13	1	200	0.1	0.142533	0	0	0	
11	1	1	323	14	1	400	0.95	0.960497	0	0	0	
11	1	1	322	15	1	300	0.95	0.974318	0	0	0	
11	1	1	47	16	2	0	0.25	0	50	0	15	
11	1	1	158	17	1	400	0.95	0.941895	0	0	0	
11	1	1	116	18	2	0	0.75	0	100	50	63	
11	1	1	319	19	1	500	0.9	0.930665	0	0	0	
11	1	1	134	20	2	0	0.9	0	200	100	134	
11	1	1	282	21	1	300	0.05	0.0313827	0	0	0	
11	1	1	29	22	1	500	0.5	0.360446	0	0	0	
11	1	1	140	23	1	600	0.5	0.558417	0	0	0	
11	1	1	37	24	1	300	0.75	0.553875	0	0	0	
11	1	1	179	25	1	500	0.1	0.0982118	0	0	0	
11	1	1	108	26	2	0	0.75	0	75	0	19.5	
11	1	1	132	27	2	0	0.9	0	150	50	76	
11	1	1	239	28	1	500	0.25	0.359155	0	0	0	
11	1	1	327	29	1	300	0.99	0.990723	0	0	0	
11	1	1	148	30	2	0	0.95	0	150	100	137	
11	1	1	165	31	1	600	0.99	0.97611	0	0	0	
11	1	1	212	32	1	300	0.95	0.960148	0	0	0	
11	1	1	92	33	1	300	0.75	0.551446	0	0	0	
11	1	1	166	34	1	200	0.01	0.0119355	0	0	0	
11	1	1	106	35	2	0	0.75	0	25	0	12.5	
11	1	1	38	36	1	400	0.75	0.826861	0	0	0	
11	1	1	176	37	1	200	0.1	0.0704408	0	0	0	
11	1	1	250	38	1	600	0.5	0.529814	0	0	0	
11	1	1	131	39	2	0	0.9	0	100	50	77	
11	1	1	79	40	1	500	0.4	0.428929	0	0	0	
11	1	1	63	41	2	0	0.4	0	75	0	19.5	
11	1	1	231	42	1	200	0.1	0.0536384	0	0	0	
11	1	1	157	43	1	300	0.95	0.94507	0	0	0	
11	1	1	120	44	2	0	0.75	0	200	150	177	
11	1	1	159	45	1	500	0.95	0.919926	0	0	0	
11	1	1	48	46	2	0	0.25	0	75	0	19.5	
11	1	1	115	47	2	0	0.75	0	75	50	58.5	
11	1	1	78	48	2	0	0.5	0	75	0	37.5	
11	1	1	10	49	1	600	0.05	0.0214225	0	0	0	
11	1	1	52	50	2	0	0.25	0	400	0	104	
11	1	1	44	51	1	500	0.9	0.876025	0	0	0	
11	1	1	280	52	1	600	0.01	0.0250005	0	0	0	
11	1	1	131	53	1	200	0.4	0.560907	0	0	0	
11	1	1	14	54	2	0	0.01	0	200	100	118	
11	1	1	276	55	1	200	0.01	0.0204583	0	0	0	
11	1	1	160	56	2	0	0.99	0	75	50	68.5	
11	1	1	58	57	2	0	0.25	0	150	100	121	
11	1	1	17	58	2	0	0.05	0	50	0	15	
11	1	1	156	59	2	0	0.99	0	200	0	108	
11	1	1	211	60	1	200	0.95	0.933721	0	0	0	
11	1	1	96	61	1	200	0.9	0.93415	0	0	0	
11	1	1	126	62	1	200	0.25	0.0913829	0	0	0	
11	1	1	86	63	2	0	0.5	0	100	50	77	
11	1	1	119	64	2	0	0.75	0	200	100	154	
11	1	1	59	65	1	500	0.01	0.0147484	0	0	0	
11	1	1	34	66	1	500	0.6	0.662026	0	0	0	
11	1	1	90	67	1	600	0.6	0.624905	0	0	0	
11	1	1	15	68	1	600	0.1	0.148159	0	0	0	
11	1	1	137	69	2	0	0.95	0	50	0	29	
11	1	1	82	70	2	0	0.5	0	400	0	104	
11	1	1	310	71	1	600	0.6	0.676869	0	0	0	
11	1	1	60	72	2	0	0.25	0	200	150	165	
11	1	1	296	73	1	200	0.4	0.5	0	0	0	
11	1	1	1	74	2	0	0.01	0	25	0	7.5	
11	1	1	100	75	1	600	0.9	0.925999	0	0	0	
11	1	1	163	76	1	400	0.99	0.982306	0	0	0	
11	1	1	180	77	1	600	0.1	0.0301222	0	0	0	
11	1	1	167	78	1	300	0.01	0.00975059	0	0	0	
11	1	1	307	79	1	300	0.6	0.565896	0	0	0	
11	1	1	73	80	2	0	0.4	0	150	100	127	
11	1	1	195	81	1	600	0.5	0.527293	0	0	0	
11	1	1	288	82	1	400	0.1	0.0241602	0	0	0	
11	1	1	136	83	2	0	0.95	0	25	0	7.5	
11	1	1	19	84	2	0	0.05	0	100	0	26	
11	1	1	128	85	1	400	0.25	0.158048	0	0	0	
11	1	1	248	86	1	400	0.5	0.555454	0	0	0	
11	1	1	23	87	1	400	0.4	0.426554	0	0	0	
11	1	1	136	88	1	200	0.5	0.53908	0	0	0	
11	1	1	114	89	1	500	0.01	0.0278444	0	0	0	
11	1	1	268	90	1	400	0.95	0.928197	0	0	0	
11	1	1	65	91	1	600	0.05	0.0681188	0	0	0	
11	1	1	7	92	1	300	0.05	0.0538684	0	0	0	
11	1	1	260	93	1	600	0.75	0.920864	0	0	0	
11	1	1	20	94	2	0	0.05	0	150	0	9	
11	1	1	27	95	1	300	0.5	0.579876	0	0	0	
11	1	1	75	96	1	600	0.25	0.243909	0	0	0	
11	1	1	266	97	1	200	0.95	0.910815	0	0	0	
11	1	1	77	98	1	300	0.4	0.269579	0	0	0	
11	1	1	312	99	1	300	0.75	0.662831	0	0	0	
11	1	2	321	100	1	200	0.95	0.936132	0	0	0	
11	1	2	194	101	1	500	0.5	0.560221	0	0	0	
11	1	2	15	102	2	0	0.01	0	200	150	155	
11	1	2	61	103	2	0	0.4	0	25	0	12.5	
11	1	2	12	104	2	0	0.01	0	150	50	56	
11	1	2	184	105	1	500	0.25	0.306899	0	0	0	
11	1	2	70	106	2	0	0.4	0	75	50	62.5	
11	1	2	41	107	2	0	0.1	0	100	50	65	
11	1	2	238	108	1	400	0.25	0.0956952	0	0	0	
11	1	2	12	109	1	300	0.1	0.0502638	0	0	0	
11	1	2	197	110	1	300	0.6	0.574728	0	0	0	
11	1	2	40	111	1	600	0.75	0.942067	0	0	0	
11	1	2	81	112	2	0	0.5	0	200	0	60	
11	1	2	277	113	1	300	0.01	0.014054	0	0	0	
11	1	2	294	114	1	500	0.25	0.0776411	0	0	0	
11	1	2	191	115	1	200	0.5	0.57452	0	0	0	
11	1	2	71	116	2	0	0.4	0	100	50	75	
11	1	2	64	117	1	500	0.05	0.0360399	0	0	0	
11	1	2	83	118	1	400	0.5	0.55586	0	0	0	
11	1	2	3	119	2	0	0.01	0	75	0	4.5	
11	1	2	222	120	1	300	0.01	0.0166989	0	0	0	
11	1	2	72	121	2	0	0.4	0	150	50	80	
11	1	2	100	122	2	0	0.6	0	75	50	62.5	
11	1	2	278	123	1	400	0.01	0.0206263	0	0	0	
11	1	2	139	124	2	0	0.95	0	100	0	6	
11	1	2	113	125	2	0	0.75	0	800	0	80	
11	1	2	177	126	1	300	0.1	0.0829884	0	0	0	
11	1	2	204	127	1	500	0.75	0.919586	0	0	0	
11	1	2	259	128	1	500	0.75	0.921434	0	0	0	
11	1	2	138	129	2	0	0.95	0	75	0	28.5	
11	1	2	256	130	1	200	0.75	0.840704	0	0	0	
11	1	2	1	131	1	200	0.01	0.0174109	0	0	0	
11	1	2	170	132	1	600	0.01	0.019096	0	0	0	
11	1	2	68	133	1	400	0.1	0.0634085	0	0	0	
11	1	2	178	134	1	400	0.1	0.0622099	0	0	0	
11	1	2	253	135	1	400	0.6	0.608275	0	0	0	
11	1	2	36	136	1	200	0.75	0.713265	0	0	0	
11	1	2	88	137	2	0	0.5	0	150	100	125	
11	1	2	133	138	2	0	0.9	0	150	100	135	
11	1	2	265	139	1	600	0.9	0.906123	0	0	0	
11	1	2	7	140	2	0	0.01	0	400	0	24	
11	1	2	81	141	1	200	0.5	0.515201	0	0	0	
11	1	2	160	142	1	600	0.95	0.93105	0	0	0	
11	1	2	67	143	1	300	0.1	0.0618472	0	0	0	
11	1	2	102	144	2	0	0.6	0	150	50	100	
11	1	2	129	145	1	500	0.25	0.12972	0	0	0	
11	1	2	98	146	2	0	0.6	0	800	0	208	
11	1	2	38	147	2	0	0.1	0	800	0	16	
11	1	2	96	148	2	0	0.6	0	200	0	100	
11	1	2	33	149	2	0	0.1	0	75	0	7.5	
11	1	2	4	150	1	500	0.01	0.0147926	0	0	0	
11	1	2	287	151	1	300	0.1	0.118778	0	0	0	
11	1	2	330	152	1	600	0.99	0.982439	0	0	0	
11	1	2	283	153	1	400	0.05	0.0283575	0	0	0	
11	1	2	190	154	1	600	0.4	0.756357	0	0	0	
11	1	2	304	155	1	500	0.5	0.647077	0	0	0	
11	1	2	11	156	1	200	0.1	0.10623	0	0	0	
11	1	2	34	157	2	0	0.1	0	100	0	22	
11	1	2	57	158	1	300	0.01	0.0350138	0	0	0	
11	1	2	104	159	2	0	0.6	0	200	100	150	
11	1	2	213	160	1	400	0.95	0.894619	0	0	0	
11	1	2	137	161	1	300	0.5	0.5	0	0	0	
11	1	2	133	162	1	400	0.4	0.525431	0	0	0	
11	1	2	151	163	2	0	0.99	0	25	0	19.5	
11	1	2	22	164	1	300	0.4	0.233785	0	0	0	
11	1	2	215	165	1	600	0.95	0.92637	0	0	0	
11	1	2	26	166	1	200	0.5	0.464502	0	0	0	
11	1	2	126	167	2	0	0.9	0	200	0	148	
11	1	2	269	168	1	500	0.95	0.9235	0	0	0	
11	1	2	175	169	1	600	0.05	0.0239346	0	0	0	
11	1	2	39	170	1	500	0.75	0.60265	0	0	0	
11	1	2	233	171	1	400	0.1	0.0523381	0	0	0	
11	1	2	154	172	2	0	0.99	0	100	0	78	
11	1	2	223	173	1	400	0.01	0.0203256	0	0	0	
11	1	2	127	174	2	0	0.9	0	400	0	296	
11	1	2	209	175	1	500	0.9	0.849139	0	0	0	
11	1	2	182	176	1	300	0.25	0.0993927	0	0	0	
11	1	2	130	177	1	600	0.25	0.208031	0	0	0	
11	1	2	80	178	2	0	0.5	0	150	0	75	
11	1	2	48	179	1	400	0.95	0.833822	0	0	0	
11	1	2	243	180	1	400	0.4	0.521243	0	0	0	
11	1	2	51	181	1	200	0.99	0.950864	0	0	0	
11	1	2	155	182	1	600	0.9	0.924199	0	0	0	
11	1	2	187	183	1	300	0.4	0.288703	0	0	0	
11	1	2	54	184	2	0	0.25	0	50	25	31.5	
11	1	2	92	185	2	0	0.6	0	50	0	25	
11	1	2	53	186	1	400	0.99	0.961413	0	0	0	
11	1	2	107	187	2	0	0.75	0	50	0	27	
11	1	2	52	188	1	300	0.99	0.950669	0	0	0	
11	1	2	225	189	1	600	0.01	0.0226034	0	0	0	
11	1	2	76	190	2	0	0.5	0	25	0	8.5	
11	1	2	267	191	1	300	0.95	0.878104	0	0	0	
11	1	2	208	192	1	400	0.9	0.889165	0	0	0	
11	1	2	67	193	2	0	0.4	0	400	0	104	
11	1	2	237	194	1	300	0.25	0.336682	0	0	0	
11	1	2	98	195	1	400	0.9	0.87997	0	0	0	
11	1	2	261	196	1	200	0.9	0.801987	0	0	0	
11	1	2	116	197	1	200	0.05	0.118181	0	0	0	
11	1	2	94	198	1	500	0.75	0.580646	0	0	0	
11	1	3	25	199	1	600	0.4	0.434909	0	0	0	
11	1	3	161	200	2	0	0.99	0	100	50	89	
11	1	3	155	201	2	0	0.99	0	150	0	117	
11	1	3	62	202	2	0	0.4	0	50	0	37	
11	1	3	63	203	1	400	0.05	0.050622	0	0	0	
11	1	3	25	204	2	0	0.05	0	75	50	65.5	
11	1	3	234	205	1	500	0.1	0.0370837	0	0	0	
11	1	3	89	206	2	0	0.5	0	200	100	150	
11	1	3	117	207	2	0	0.75	0	150	50	124	
11	1	3	32	208	2	0	0.1	0	50	0	13	
11	1	3	241	209	1	200	0.4	0.583463	0	0	0	
11	1	3	196	210	1	200	0.6	0.646179	0	0	0	
11	1	3	90	211	2	0	0.5	0	200	150	175	
11	1	3	315	212	1	600	0.75	0.84564	0	0	0	
11	1	3	76	213	1	200	0.4	0.447227	0	0	0	
11	1	3	13	214	2	0	0.01	0	150	100	111	
11	1	3	40	215	2	0	0.1	0	75	50	55.5	
11	1	3	144	216	2	0	0.95	0	50	25	44.5	
11	1	3	85	217	2	0	0.5	0	75	50	62.5	
11	1	3	28	218	2	0	0.05	0	150	100	113	
11	1	3	11	219	2	0	0.01	0	100	50	63	
11	1	3	56	220	1	200	0.01	0.0169244	0	0	0	
11	1	3	93	221	1	400	0.75	0.92844	0	0	0	
11	1	3	47	222	1	300	0.95	0.941081	0	0	0	
11	1	3	150	223	2	0	0.95	0	200	150	187	
11	1	3	252	224	1	300	0.6	0.553967	0	0	0	
11	1	3	189	225	1	500	0.4	0.448107	0	0	0	
11	1	3	162	226	1	300	0.99	0.969405	0	0	0	
11	1	3	5	227	2	0	0.01	0	150	0	9	
11	1	3	152	228	2	0	0.99	0	50	0	49	
11	1	3	74	229	1	500	0.25	0.5454	0	0	0	
11	1	3	309	230	1	500	0.6	0.658377	0	0	0	
11	1	3	18	231	1	400	0.25	0.332666	0	0	0	
11	1	3	120	232	1	600	0.05	0.0848636	0	0	0	
11	1	3	151	233	1	200	0.9	0.872598	0	0	0	
11	1	3	124	234	2	0	0.9	0	100	0	78	
11	1	3	308	235	1	400	0.6	0.685445	0	0	0	
11	1	3	297	236	1	300	0.4	0.398381	0	0	0	
11	1	3	161	237	1	200	0.99	0.973248	0	0	0	
11	1	3	326	238	1	200	0.99	0.968378	0	0	0	
11	1	3	302	239	1	300	0.5	0.52203	0	0	0	
11	1	3	263	240	1	400	0.9	0.925216	0	0	0	
11	1	3	9	241	2	0	0.01	0	50	25	26.5	
11	1	3	146	242	2	0	0.95	0	100	50	87	
11	1	3	121	243	1	200	0.1	0.0847133	0	0	0	
11	1	3	37	244	2	0	0.1	0	400	0	24	
11	1	3	84	245	2	0	0.5	0	50	25	37.5	
11	1	3	275	246	1	600	0.99	0.958171	0	0	0	
11	1	3	108	247	1	400	0.99	0.964367	0	0	0	
11	1	3	8	248	1	400	0.05	0.0426786	0	0	0	
11	1	3	146	249	1	200	0.75	0.697462	0	0	0	
11	1	3	84	250	1	500	0.5	0.527271	0	0	0	
11	1	3	325	251	1	600	0.95	0.888086	0	0	0	
11	1	3	86	252	1	200	0.6	0.474781	0	0	0	
11	1	3	242	253	1	300	0.4	0.395948	0	0	0	
11	1	3	112	254	1	300	0.01	0.0369157	0	0	0	
11	1	3	39	255	2	0	0.1	0	50	25	31.5	
11	1	3	27	256	2	0	0.05	0	150	50	60	
11	1	3	153	257	2	0	0.99	0	75	0	58.5	
11	1	3	49	258	1	500	0.95	0.917445	0	0	0	
11	1	3	224	259	1	500	0.01	0.0227935	0	0	0	
11	1	3	236	260	1	200	0.25	0.106748	0	0	0	
11	1	3	221	261	1	200	0.01	0.020047	0	0	0	
11	1	3	30	262	1	600	0.5	0.504272	0	0	0	
11	1	3	28	263	1	400	0.5	0.566157	0	0	0	
11	1	3	9	264	1	500	0.05	0.0510024	0	0	0	
11	1	3	293	265	1	400	0.25	0.102484	0	0	0	
11	1	3	35	266	1	600	0.6	0.626179	0	0	0	
11	1	3	91	267	2	0	0.6	0	25	0	13.5	
11	1	3	102	268	1	300	0.95	0.901872	0	0	0	
11	1	3	17	269	1	300	0.25	0.0990123	0	0	0	
11	1	3	20	270	1	600	0.25	0.123745	0	0	0	
11	1	3	106	271	1	200	0.99	0.952005	0	0	0	
11	1	3	318	272	1	400	0.9	0.897242	0	0	0	
11	1	3	22	273	2	0	0.05	0	400	0	24	
11	1	3	42	274	2	0	0.1	0	150	50	72	
11	1	3	123	275	2	0	0.9	0	75	0	52.5	
11	1	3	147	276	1	300	0.75	0.616666	0	0	0	
11	1	3	316	277	1	200	0.9	0.857162	0	0	0	
11	1	3	59	278	2	0	0.25	0	200	100	126	
11	1	3	35	279	2	0	0.1	0	150	0	15	
11	1	3	13	280	1	400	0.1	0.0700383	0	0	0	
11	1	3	171	281	1	200	0.05	0.0815244	0	0	0	
11	1	3	247	282	1	300	0.5	0.339133	0	0	0	
11	1	3	169	283	1	500	0.01	0.0379594	0	0	0	
11	1	3	111	284	1	200	0.01	0.0307193	0	0	0	
11	1	3	91	285	1	200	0.75	0.85396	0	0	0	
11	1	3	203	286	1	400	0.75	0.826007	0	0	0	
11	1	3	101	287	2	0	0.6	0	100	50	75	
11	1	3	272	288	1	300	0.99	0.954349	0	0	0	
11	1	3	257	289	1	300	0.75	0.822646	0	0	0	
11	1	3	82	290	1	300	0.5	0.436577	0	0	0	
11	1	3	2	291	2	0	0.01	0	50	0	7	
11	1	3	32	292	1	300	0.6	0.589708	0	0	0	
11	1	3	251	293	1	200	0.6	0.638541	0	0	0	
11	1	3	21	294	1	200	0.4	0.374759	0	0	0	
11	1	3	144	295	1	500	0.6	0.593167	0	0	0	
11	1	3	216	296	1	200	0.99	0.938878	0	0	0	
11	1	3	210	297	1	600	0.9	0.946335	0	0	0	
11	1	4	117	298	1	300	0.05	0.0943374	0	0	0	
11	1	4	198	299	1	400	0.6	0.711248	0	0	0	
11	1	4	127	300	1	300	0.25	0.21574	0	0	0	
11	1	4	75	301	2	0	0.4	0	200	150	167	
11	1	4	80	302	1	600	0.4	0.406311	0	0	0	
11	1	4	24	303	2	0	0.05	0	50	25	32.5	
11	1	4	314	304	1	500	0.75	0.573746	0	0	0	
11	1	4	68	305	2	0	0.4	0	800	0	208	
11	1	4	105	306	2	0	0.6	0	200	150	175	
11	1	4	145	307	2	0	0.95	0	75	50	69.5	
11	1	4	328	308	1	400	0.99	0.962638	0	0	0	
11	1	4	230	309	1	600	0.05	0.0977341	0	0	0	
11	1	4	104	310	1	500	0.95	0.896556	0	0	0	
11	1	4	114	311	2	0	0.75	0	50	25	38.5	
11	1	4	6	312	2	0	0.01	0	200	0	12	
11	1	4	168	313	1	400	0.01	0.0240408	0	0	0	
11	1	4	21	314	2	0	0.05	0	200	0	12	
11	1	4	30	315	2	0	0.05	0	200	150	163	
11	1	4	202	316	1	300	0.75	0.76537	0	0	0	
11	1	4	220	317	1	600	0.99	0.945871	0	0	0	
11	1	4	5	318	1	600	0.01	0.0294809	0	0	0	
11	1	4	279	319	1	500	0.01	0.0172738	0	0	0	
11	1	4	270	320	1	600	0.95	0.887878	0	0	0	
11	1	4	298	321	1	400	0.4	0.387111	0	0	0	
11	1	4	227	322	1	300	0.05	0.0718295	0	0	0	
11	1	4	164	323	2	0	0.99	0	200	100	178	
11	1	4	44	324	2	0	0.1	0	200	100	106	
11	1	4	16	325	2	0	0.05	0	25	0	2.5	
11	1	4	200	326	1	600	0.6	0.521725	0	0	0	
11	1	4	93	327	2	0	0.6	0	75	0	19.5	
11	1	4	122	328	1	300	0.1	0.047473	0	0	0	
11	1	4	57	329	2	0	0.25	0	150	50	80	
11	1	4	26	330	2	0	0.05	0	100	50	63	
11	1	4	264	331	1	500	0.9	0.93511	0	0	0	
11	1	4	201	332	1	200	0.75	0.591933	0	0	0	
11	1	4	258	333	1	400	0.75	0.766962	0	0	0	
11	1	4	305	334	1	600	0.5	0.49697	0	0	0	
11	1	4	99	335	2	0	0.6	0	50	25	37.5	
11	1	4	101	336	1	200	0.95	0.877237	0	0	0	
11	1	4	273	337	1	400	0.99	0.934526	0	0	0	
11	1	4	49	338	2	0	0.25	0	100	0	22	
11	1	4	162	339	2	0	0.99	0	150	50	128	
11	1	4	64	340	2	0	0.4	0	100	0	30	
11	1	4	199	341	1	500	0.6	0.526948	0	0	0	
11	1	4	54	342	1	500	0.99	0.954217	0	0	0	
11	1	4	245	343	1	600	0.4	0.397943	0	0	0	
11	1	4	36	344	2	0	0.1	0	200	0	12	
11	1	4	115	345	1	600	0.01	0.0243061	0	0	0	
11	1	4	219	346	1	500	0.99	0.96538	0	0	0	
11	1	4	143	347	1	400	0.6	0.499177	0	0	0	
11	1	4	43	348	1	400	0.9	0.851448	0	0	0	
11	1	4	157	349	2	0	0.99	0	400	0	376	
11	1	4	121	350	2	0	0.9	0	25	0	17.5	
11	1	4	148	351	1	400	0.75	0.684317	0	0	0	
11	1	4	123	352	1	400	0.1	0.0553058	0	0	0	
11	1	4	154	353	1	500	0.9	0.931293	0	0	0	
11	1	4	125	354	1	600	0.1	0.0899499	0	0	0	
11	1	4	78	355	1	400	0.4	0.312122	0	0	0	
11	1	4	110	356	2	0	0.75	0	150	0	75	
11	1	4	111	357	2	0	0.75	0	200	0	100	
11	1	4	3	358	1	400	0.01	0.0246246	0	0	0	
11	1	4	55	359	1	600	0.99	0.97798	0	0	0	
11	1	4	317	360	1	300	0.9	0.802867	0	0	0	
11	1	4	87	361	1	300	0.6	0.598439	0	0	0	
11	1	4	320	362	1	600	0.9	0.909953	0	0	0	
11	1	4	65	363	2	0	0.4	0	150	0	45	
11	1	4	158	364	2	0	0.99	0	800	0	784	
11	1	4	110	365	1	600	0.99	0.956189	0	0	0	
11	1	4	85	366	1	600	0.5	0.539704	0	0	0	
11	1	4	188	367	1	400	0.4	0.462247	0	0	0	
11	1	4	129	368	2	0	0.9	0	50	25	37.5	
11	1	4	207	369	1	300	0.9	0.902775	0	0	0	
11	1	4	139	370	1	500	0.5	0.529093	0	0	0	
11	1	4	107	371	1	300	0.99	0.973708	0	0	0	
11	1	4	74	372	2	0	0.4	0	200	100	130	
11	1	4	97	373	2	0	0.6	0	400	0	120	
11	1	4	135	374	1	600	0.4	0.406444	0	0	0	
11	1	4	95	375	1	600	0.75	0.751031	0	0	0	
11	1	4	69	376	1	500	0.1	0.101852	0	0	0	
11	1	4	311	377	1	200	0.75	0.64207	0	0	0	
11	1	4	235	378	1	600	0.1	0.103497	0	0	0	
11	1	4	142	379	2	0	0.95	0	400	0	392	
11	1	4	229	380	1	500	0.05	0.0544389	0	0	0	
11	1	4	181	381	1	200	0.25	0.0959782	0	0	0	
11	1	4	174	382	1	500	0.05	0.0354738	0	0	0	
11	1	4	105	383	1	600	0.95	0.919232	0	0	0	
11	1	4	23	384	2	0	0.05	0	800	0	16	
11	1	4	61	385	1	200	0.05	0.0326122	0	0	0	
11	1	4	156	386	1	200	0.95	0.929449	0	0	0	
11	1	4	228	387	1	400	0.05	0.0923117	0	0	0	
11	1	4	149	388	1	500	0.75	0.677595	0	0	0	
11	1	4	281	389	1	200	0.05	0.0815863	0	0	0	
11	1	4	303	390	1	400	0.5	0.388102	0	0	0	
11	1	4	118	391	1	400	0.05	0.083351	0	0	0	
11	1	4	163	392	2	0	0.99	0	150	100	135	
11	1	4	19	393	1	500	0.25	0.299362	0	0	0	
11	1	4	142	394	1	300	0.6	0.525984	0	0	0	
11	1	4	159	395	2	0	0.99	0	50	25	42.5	
11	1	4	99	396	1	500	0.9	0.883265	0	0	0	
11	1	5	217	397	1	300	0.99	0.962686	0	0	0	
11	1	5	295	398	1	600	0.25	0.266036	0	0	0	
11	1	5	205	399	1	600	0.75	0.83208	0	0	0	
11	1	5	232	400	1	300	0.1	0.0980879	0	0	0	
11	1	5	313	401	1	400	0.75	0.701474	0	0	0	
11	1	5	206	402	1	200	0.9	0.866016	0	0	0	
11	1	5	329	403	1	500	0.99	0.965092	0	0	0	
11	1	5	50	404	1	600	0.95	0.957489	0	0	0	
11	1	5	274	405	1	500	0.99	0.971873	0	0	0	
11	1	5	289	406	1	500	0.1	0.0361593	0	0	0	
11	1	5	51	407	2	0	0.25	0	200	0	52	
11	1	5	185	408	1	600	0.25	0.20229	0	0	0	
11	1	5	149	409	2	0	0.95	0	200	100	174	
11	1	5	143	410	2	0	0.95	0	800	0	752	
11	1	5	14	411	1	500	0.1	0.0911706	0	0	0	
11	1	5	240	412	1	600	0.25	0.15846	0	0	0	
11	1	5	46	413	1	200	0.95	0.860112	0	0	0	
11	1	5	186	414	1	200	0.4	0.385245	0	0	0	
11	1	5	244	415	1	500	0.4	0.386479	0	0	0	
11	1	5	262	416	1	300	0.9	0.704225	0	0	0	
11	1	5	299	417	1	500	0.4	0.401256	0	0	0	
11	1	5	43	418	2	0	0.1	0	150	100	115	
11	1	5	103	419	1	400	0.95	0.911956	0	0	0	
11	1	5	124	420	1	500	0.1	0.0949566	0	0	0	
11	1	5	164	421	1	500	0.99	0.97224	0	0	0	
11	1	5	113	422	1	400	0.01	0.0272739	0	0	0	
11	1	5	77	423	2	0	0.5	0	50	0	15	
11	1	5	254	424	1	500	0.6	0.68564	0	0	0	
11	1	5	134	425	1	500	0.4	0.408164	0	0	0	
11	1	5	285	426	1	600	0.05	0.0855005	0	0	0	
11	1	5	29	427	2	0	0.05	0	200	100	110	
11	1	5	109	428	2	0	0.75	0	100	0	70	
11	1	5	173	429	1	400	0.05	0.0810954	0	0	0	
11	1	5	152	430	1	300	0.9	0.90174	0	0	0	
11	1	5	2	431	1	300	0.01	0.0285255	0	0	0	
11	1	5	150	432	1	600	0.75	0.832849	0	0	0	
11	1	5	42	433	1	300	0.9	0.8953	0	0	0	
11	1	5	226	434	1	200	0.05	0.0318205	0	0	0	
11	1	5	4	435	2	0	0.01	0	100	0	6	
11	1	5	73	436	1	400	0.25	0.194935	0	0	0	
11	1	5	95	437	2	0	0.6	0	150	0	45	
11	1	5	306	438	1	200	0.6	0.703826	0	0	0	
11	1	5	31	439	2	0	0.1	0	25	0	7.5	
11	1	5	284	440	1	500	0.05	0.0759339	0	0	0	
11	1	5	83	441	2	0	0.5	0	800	0	176	
11	1	5	125	442	2	0	0.9	0	150	0	111	
11	1	5	141	443	1	200	0.6	0.6182	0	0	0	
11	1	5	46	444	2	0	0.25	0	25	0	7.5	
11	1	5	45	445	2	0	0.1	0	200	150	163	
11	1	5	290	446	1	600	0.1	0.0532271	0	0	0	
11	1	5	66	447	1	200	0.1	0.166142	0	0	0	
11	1	5	103	448	2	0	0.6	0	150	100	115	
11	1	5	135	449	2	0	0.9	0	200	150	187	
11	1	5	145	450	1	600	0.6	0.705432	0	0	0	
11	1	5	10	451	2	0	0.01	0	75	50	52.5	
11	1	5	16	452	1	200	0.25	0.333962	0	0	0	
11	1	5	31	453	1	200	0.6	0.327474	0	0	0	
11	1	5	147	454	2	0	0.95	0	150	50	124	
11	1	5	41	455	1	200	0.9	0.900276	0	0	0	
11	1	5	249	456	1	500	0.5	0.507961	0	0	0	
11	1	5	72	457	1	300	0.25	0.279765	0	0	0	
11	1	5	66	458	2	0	0.4	0	200	0	52	
11	1	5	56	459	2	0	0.25	0	100	50	63	
11	1	5	33	460	1	400	0.6	0.304767	0	0	0	
11	1	5	271	461	1	200	0.99	0.963195	0	0	0	
11	1	5	69	462	2	0	0.4	0	50	25	31.5	
11	1	5	24	463	1	500	0.4	0.340274	0	0	0	
11	1	5	55	464	2	0	0.25	0	75	50	57.5	
11	1	5	45	465	1	600	0.9	0.895309	0	0	0	
11	1	5	218	466	1	400	0.99	0.963186	0	0	0	
11	1	5	193	467	1	400	0.5	0.42425	0	0	0	
11	1	5	118	468	2	0	0.75	0	150	100	125	
11	1	5	60	469	1	600	0.01	0.0188262	0	0	0	
11	1	5	292	470	1	300	0.25	0.28846	0	0	0	
11	1	5	79	471	2	0	0.5	0	100	0	30	
11	1	5	324	472	1	500	0.95	0.918148	0	0	0	
11	1	5	301	473	1	200	0.5	0.492791	0	0	0	
11	1	5	130	474	2	0	0.9	0	75	50	68.5	
11	1	5	291	475	1	200	0.25	0.367837	0	0	0	
11	1	5	122	476	2	0	0.9	0	50	0	39	
11	1	5	88	477	1	400	0.6	0.704008	0	0	0	
11	1	5	62	478	1	300	0.05	0.0406618	0	0	0	
11	1	5	300	479	1	600	0.4	0.11432	0	0	0	
11	1	5	112	480	2	0	0.75	0	400	0	200	
11	1	5	8	481	2	0	0.01	0	800	0	16	
11	1	5	246	482	1	200	0.5	0.514299	0	0	0	
11	1	5	119	483	1	500	0.05	0.0418958	0	0	0	
11	1	5	18	484	2	0	0.05	0	75	0	4.5	
11	1	5	153	485	1	400	0.9	0.894566	0	0	0	
11	1	5	87	486	2	0	0.5	0	150	50	80	
11	1	5	89	487	1	500	0.6	0.631938	0	0	0	
11	1	5	132	488	1	300	0.4	0.405334	0	0	0	
11	1	5	94	489	2	0	0.6	0	100	0	50	
11	1	5	183	490	1	400	0.25	0.0752174	0	0	0	
11	1	5	97	491	1	300	0.9	0.906428	0	0	0	
11	1	5	214	492	1	500	0.95	0.92097	0	0	0	
11	1	5	141	493	2	0	0.95	0	200	0	188	
11	1	5	109	494	1	500	0.99	0.962341	0	0	0	
11	1	5	53	495	2	0	0.25	0	800	0	80	
11	2	1	24	1	1	500	0.4	0.442521	0	0	0	
11	2	1	127	2	1	300	0.25	0.320291	0	0	0	
11	2	1	221	3	1	200	0.01	0.0421656	0	0	0	
11	2	1	129	4	1	500	0.25	0.246974	0	0	0	
11	2	1	256	5	1	200	0.75	0.623026	0	0	0	
11	2	1	101	6	1	200	0.95	0.917733	0	0	0	
11	2	1	28	7	2	0	0.05	0	150	100	113	
11	2	1	216	8	1	200	0.99	0.964455	0	0	0	
11	2	1	9	9	2	0	0.01	0	50	25	27.5	
11	2	1	122	10	2	0	0.9	0	50	0	25	
11	2	1	71	11	2	0	0.4	0	100	50	65	
11	2	1	166	12	1	200	0.01	0.0305998	0	0	0	
11	2	1	49	13	2	0	0.25	0	100	0	26	
11	2	1	300	14	1	600	0.4	0.411442	0	0	0	
11	2	1	142	15	2	0	0.95	0	400	0	312	
11	2	1	5	16	1	600	0.01	0.0340408	0	0	0	
11	2	1	168	17	1	400	0.01	0.0241071	0	0	0	
11	2	1	149	18	1	500	0.75	0.753588	0	0	0	
11	2	1	30	19	1	600	0.5	0.465409	0	0	0	
11	2	1	200	20	1	600	0.6	0.501106	0	0	0	
11	2	1	115	21	1	600	0.01	0.0206131	0	0	0	
11	2	1	20	22	1	600	0.25	0.31555	0	0	0	
11	2	1	93	23	2	0	0.6	0	75	0	22.5	
11	2	1	20	24	2	0	0.05	0	150	0	15	
11	2	1	152	25	2	0	0.99	0	50	0	47	
11	2	1	244	26	1	500	0.4	0.346532	0	0	0	
11	2	1	266	27	1	200	0.95	0.803208	0	0	0	
11	2	1	46	28	1	200	0.95	0.846264	0	0	0	
11	2	1	174	29	1	500	0.05	0.0507636	0	0	0	
11	2	1	323	30	1	400	0.95	0.915296	0	0	0	
11	2	1	308	31	1	400	0.6	0.559806	0	0	0	
11	2	1	102	32	1	300	0.95	0.867494	0	0	0	
11	2	1	105	33	2	0	0.6	0	200	150	175	
11	2	1	121	34	1	200	0.1	0.0534969	0	0	0	
11	2	1	145	35	1	600	0.6	0.68119	0	0	0	
11	2	1	65	36	1	600	0.05	0.068623	0	0	0	
11	2	1	62	37	2	0	0.4	0	50	0	15	
11	2	1	250	38	1	600	0.5	0.522826	0	0	0	
11	2	1	49	39	1	500	0.95	0.907096	0	0	0	
11	2	1	36	40	1	200	0.75	0.545414	0	0	0	
11	2	1	162	41	1	300	0.99	0.920687	0	0	0	
11	2	1	27	42	1	300	0.5	0.453136	0	0	0	
11	2	1	104	43	2	0	0.6	0	200	100	130	
11	2	1	196	44	1	200	0.6	0.520597	0	0	0	
11	2	1	193	45	1	400	0.5	0.539089	0	0	0	
11	2	1	11	46	2	0	0.01	0	100	50	55	
11	2	1	297	47	1	300	0.4	0.346072	0	0	0	
11	2	1	7	48	2	0	0.01	0	400	0	8	
11	2	1	257	49	1	300	0.75	0.597824	0	0	0	
11	2	1	5	50	2	0	0.01	0	150	0	9	
11	2	1	155	51	1	600	0.9	0.886919	0	0	0	
11	2	1	286	52	1	200	0.1	0.15834	0	0	0	
11	2	1	120	53	2	0	0.75	0	200	150	175	
11	2	1	2	54	2	0	0.01	0	50	0	3	
11	2	1	104	55	1	500	0.95	0.920231	0	0	0	
11	2	1	146	56	1	200	0.75	0.695458	0	0	0	
11	2	1	141	57	1	200	0.6	0.5	0	0	0	
11	2	1	95	58	2	0	0.6	0	150	0	33	
11	2	1	38	59	1	400	0.75	0.651602	0	0	0	
11	2	1	229	60	1	500	0.05	0.0767654	0	0	0	
11	2	1	6	61	2	0	0.01	0	200	0	12	
11	2	1	140	62	1	600	0.5	0.467886	0	0	0	
11	2	1	303	63	1	400	0.5	0.404688	0	0	0	
11	2	1	47	64	1	300	0.95	0.878051	0	0	0	
11	2	1	271	65	1	200	0.99	0.959957	0	0	0	
11	2	1	157	66	1	300	0.95	0.903509	0	0	0	
11	2	1	167	67	1	300	0.01	0.0359913	0	0	0	
11	2	1	153	68	1	400	0.9	0.870554	0	0	0	
11	2	1	182	69	1	300	0.25	0.105739	0	0	0	
11	2	1	183	70	1	400	0.25	0.198637	0	0	0	
11	2	1	154	71	2	0	0.99	0	100	0	94	
11	2	1	129	72	2	0	0.9	0	50	25	43.5	
11	2	1	144	73	1	500	0.6	0.704362	0	0	0	
11	2	1	34	74	1	500	0.6	0.558386	0	0	0	
11	2	1	77	75	1	300	0.4	0.394935	0	0	0	
11	2	1	68	76	2	0	0.4	0	800	0	176	
11	2	1	34	77	2	0	0.1	0	100	0	26	
11	2	1	96	78	2	0	0.6	0	200	0	52	
11	2	1	91	79	2	0	0.6	0	25	0	19.5	
11	2	1	11	80	1	200	0.1	0.121038	0	0	0	
11	2	1	245	81	1	600	0.4	0.444436	0	0	0	
11	2	1	19	82	2	0	0.05	0	100	0	10	
11	2	1	136	83	2	0	0.95	0	25	0	24.5	
11	2	1	28	84	1	400	0.5	0.454949	0	0	0	
11	2	1	33	85	1	400	0.6	0.595458	0	0	0	
11	2	1	60	86	2	0	0.25	0	200	150	165	
11	2	1	123	87	1	400	0.1	0.0826655	0	0	0	
11	2	1	14	88	1	500	0.1	0.0719445	0	0	0	
11	2	1	107	89	1	300	0.99	0.940377	0	0	0	
11	2	1	133	90	2	0	0.9	0	150	100	137	
11	2	1	84	91	1	500	0.5	0.748913	0	0	0	
11	2	1	143	92	1	400	0.6	0.547621	0	0	0	
11	2	1	100	93	2	0	0.6	0	75	50	62.5	
11	2	1	130	94	2	0	0.9	0	75	50	74.5	
11	2	1	139	95	2	0	0.95	0	100	0	78	
11	2	1	161	96	1	200	0.99	0.96844	0	0	0	
11	2	1	99	97	1	500	0.9	0.923677	0	0	0	
11	2	1	71	98	1	200	0.25	0.353073	0	0	0	
11	2	1	32	99	2	0	0.1	0	50	0	11	
11	2	2	51	100	2	0	0.25	0	200	0	20	
11	2	2	87	101	1	300	0.6	0.608461	0	0	0	
11	2	2	96	102	1	200	0.9	0.800678	0	0	0	
11	2	2	279	103	1	500	0.01	0.0256816	0	0	0	
11	2	2	281	104	1	200	0.05	0.0925328	0	0	0	
11	2	2	148	105	1	400	0.75	0.800726	0	0	0	
11	2	2	170	106	1	600	0.01	0.0364601	0	0	0	
11	2	2	148	107	2	0	0.95	0	150	100	139	
11	2	2	45	108	1	600	0.9	0.928489	0	0	0	
11	2	2	40	109	1	600	0.75	0.919201	0	0	0	
11	2	2	7	110	1	300	0.05	0.0582735	0	0	0	
11	2	2	126	111	1	200	0.25	0.0620595	0	0	0	
11	2	2	97	112	1	300	0.9	0.901956	0	0	0	
11	2	2	321	113	1	200	0.95	0.89166	0	0	0	
11	2	2	19	114	1	500	0.25	0.200689	0	0	0	
11	2	2	135	115	2	0	0.9	0	200	150	189	
11	2	2	285	116	1	600	0.05	0.0396932	0	0	0	
11	2	2	238	117	1	400	0.25	0.130238	0	0	0	
11	2	2	128	118	1	400	0.25	0.180459	0	0	0	
11	2	2	179	119	1	500	0.1	0.0914492	0	0	0	
11	2	2	117	120	2	0	0.75	0	150	50	104	
11	2	2	72	121	2	0	0.4	0	150	50	80	
11	2	2	16	122	2	0	0.05	0	25	0	7.5	
11	2	2	84	123	2	0	0.5	0	50	25	37.5	
11	2	2	177	124	1	300	0.1	0.103192	0	0	0	
11	2	2	143	125	2	0	0.95	0	800	0	752	
11	2	2	30	126	2	0	0.05	0	200	150	163	
11	2	2	235	127	1	600	0.1	0.0811086	0	0	0	
11	2	2	124	128	1	500	0.1	0.0681365	0	0	0	
11	2	2	226	129	1	200	0.05	0.0406751	0	0	0	
11	2	2	284	130	1	500	0.05	0.0942799	0	0	0	
11	2	2	267	131	1	300	0.95	0.902965	0	0	0	
11	2	2	173	132	1	400	0.05	0.044377	0	0	0	
11	2	2	15	133	2	0	0.01	0	200	150	151	
11	2	2	90	134	1	600	0.6	0.905225	0	0	0	
11	2	2	95	135	1	600	0.75	0.847507	0	0	0	
11	2	2	325	136	1	600	0.95	0.926662	0	0	0	
11	2	2	80	137	2	0	0.5	0	150	0	33	
11	2	2	74	138	2	0	0.4	0	200	100	126	
11	2	2	230	139	1	600	0.05	0.0358674	0	0	0	
11	2	2	78	140	2	0	0.5	0	75	0	19.5	
11	2	2	48	141	1	400	0.95	0.929418	0	0	0	
11	2	2	312	142	1	300	0.75	0.690925	0	0	0	
11	2	2	39	143	2	0	0.1	0	50	25	30.5	
11	2	2	282	144	1	300	0.05	0.0685876	0	0	0	
11	2	2	116	145	2	0	0.75	0	100	50	75	
11	2	2	113	146	2	0	0.75	0	800	0	624	
11	2	2	83	147	2	0	0.5	0	800	0	208	
11	2	2	70	148	1	600	0.1	0.0666062	0	0	0	
11	2	2	81	149	2	0	0.5	0	200	0	60	
11	2	2	203	150	1	400	0.75	0.691602	0	0	0	
11	2	2	111	151	1	200	0.01	0.0333155	0	0	0	
11	2	2	12	152	1	300	0.1	0.0839216	0	0	0	
11	2	2	17	153	2	0	0.05	0	50	0	5	
11	2	2	316	154	1	200	0.9	0.76238	0	0	0	
11	2	2	260	155	1	600	0.75	0.704432	0	0	0	
11	2	2	268	156	1	400	0.95	0.883924	0	0	0	
11	2	2	293	157	1	400	0.25	0.404524	0	0	0	
11	2	2	112	158	1	300	0.01	0.05217	0	0	0	
11	2	2	253	159	1	400	0.6	0.623211	0	0	0	
11	2	2	156	160	1	200	0.95	0.8866	0	0	0	
11	2	2	56	161	2	0	0.25	0	100	50	65	
11	2	2	110	162	2	0	0.75	0	150	0	75	
11	2	2	236	163	1	200	0.25	0.406254	0	0	0	
11	2	2	131	164	1	200	0.4	0.456723	0	0	0	
11	2	2	16	165	1	200	0.25	0.392295	0	0	0	
11	2	2	86	166	2	0	0.5	0	100	50	75	
11	2	2	65	167	2	0	0.4	0	150	0	45	
11	2	2	101	168	2	0	0.6	0	100	50	73	
11	2	2	191	169	1	200	0.5	0.452649	0	0	0	
11	2	2	262	170	1	300	0.9	0.789426	0	0	0	
11	2	2	298	171	1	400	0.4	0.451296	0	0	0	
11	2	2	90	172	2	0	0.5	0	200	150	165	
11	2	2	93	173	1	400	0.75	0.625042	0	0	0	
11	2	2	14	174	2	0	0.01	0	200	100	106	
11	2	2	100	175	1	600	0.9	0.885216	0	0	0	
11	2	2	74	176	1	500	0.25	0.121874	0	0	0	
11	2	2	37	177	1	300	0.75	0.649337	0	0	0	
11	2	2	29	178	2	0	0.05	0	200	100	110	
11	2	2	73	179	1	400	0.25	0.16823	0	0	0	
11	2	2	305	180	1	600	0.5	0.442848	0	0	0	
11	2	2	66	181	2	0	0.4	0	200	0	52	
11	2	2	25	182	2	0	0.05	0	75	50	57.5	
11	2	2	43	183	2	0	0.1	0	150	100	113	
11	2	2	317	184	1	300	0.9	0.902872	0	0	0	
11	2	2	56	185	1	200	0.01	0.0278975	0	0	0	
11	2	2	301	186	1	200	0.5	0.397987	0	0	0	
11	2	2	110	187	1	600	0.99	0.968777	0	0	0	
11	2	2	202	188	1	300	0.75	0.36452	0	0	0	
11	2	2	307	189	1	300	0.6	0.604498	0	0	0	
11	2	2	310	190	1	600	0.6	0.515705	0	0	0	
11	2	2	94	191	1	500	0.75	0.620575	0	0	0	
11	2	2	44	192	2	0	0.1	0	200	100	110	
11	2	2	27	193	2	0	0.05	0	150	50	60	
11	2	2	17	194	1	300	0.25	0.337209	0	0	0	
11	2	2	89	195	1	500	0.6	0.567851	0	0	0	
11	2	2	119	196	2	0	0.75	0	200	100	130	
11	2	2	133	197	1	400	0.4	0.554825	0	0	0	
11	2	2	113	198	1	400	0.01	0.0267299	0	0	0	
11	2	3	55	199	1	600	0.99	0.961669	0	0	0	
11	2	3	199	200	1	500	0.6	0.545135	0	0	0	
11	2	3	269	201	1	500	0.95	0.916883	0	0	0	
11	2	3	75	202	1	600	0.25	0.105549	0	0	0	
11	2	3	45	203	2	0	0.1	0	200	150	161	
11	2	3	131	204	2	0	0.9	0	100	50	89	
11	2	3	204	205	1	500	0.75	0.801673	0	0	0	
11	2	3	54	206	1	500	0.99	0.945893	0	0	0	
11	2	3	24	207	2	0	0.05	0	50	25	26.5	
11	2	3	197	208	1	300	0.6	0.4769	0	0	0	
11	2	3	29	209	1	500	0.5	0.567957	0	0	0	
11	2	3	219	210	1	500	0.99	0.964743	0	0	0	
11	2	3	23	211	1	400	0.4	0.404962	0	0	0	
11	2	3	283	212	1	400	0.05	0.10106	0	0	0	
11	2	3	207	213	1	300	0.9	0.898511	0	0	0	
11	2	3	149	214	2	0	0.95	0	200	100	194	
11	2	3	243	215	1	400	0.4	0.377647	0	0	0	
11	2	3	164	216	1	500	0.99	0.957512	0	0	0	
11	2	3	218	217	1	400	0.99	0.956242	0	0	0	
11	2	3	326	218	1	200	0.99	0.941868	0	0	0	
11	2	3	186	219	1	200	0.4	0.53766	0	0	0	
11	2	3	126	220	2	0	0.9	0	200	0	188	
11	2	3	159	221	2	0	0.99	0	50	25	48.5	
11	2	3	112	222	2	0	0.75	0	400	0	200	
11	2	3	58	223	2	0	0.25	0	150	100	115	
11	2	3	51	224	1	200	0.99	0.953611	0	0	0	
11	2	3	212	225	1	300	0.95	0.907299	0	0	0	
11	2	3	313	226	1	400	0.75	0.602548	0	0	0	
11	2	3	241	227	1	200	0.4	0.405878	0	0	0	
11	2	3	296	228	1	200	0.4	0.368115	0	0	0	
11	2	3	258	229	1	400	0.75	0.608395	0	0	0	
11	2	3	92	230	2	0	0.6	0	50	0	15	
11	2	3	152	231	1	300	0.9	0.810532	0	0	0	
11	2	3	122	232	1	300	0.1	0.084439	0	0	0	
11	2	3	255	233	1	600	0.6	0.547546	0	0	0	
11	2	3	151	234	2	0	0.99	0	25	0	24.5	
11	2	3	69	235	2	0	0.4	0	50	25	32.5	
11	2	3	195	236	1	600	0.5	0.461083	0	0	0	
11	2	3	52	237	2	0	0.25	0	400	0	24	
11	2	3	163	238	1	400	0.99	0.953009	0	0	0	
11	2	3	102	239	2	0	0.6	0	150	50	76	
11	2	3	318	240	1	400	0.9	0.854371	0	0	0	
11	2	3	41	241	1	200	0.9	0.749797	0	0	0	
11	2	3	165	242	2	0	0.99	0	200	150	197	
11	2	3	103	243	1	400	0.95	0.869064	0	0	0	
11	2	3	140	244	2	0	0.95	0	150	0	141	
11	2	3	121	245	2	0	0.9	0	25	0	19.5	
11	2	3	83	246	1	400	0.5	0.565131	0	0	0	
11	2	3	223	247	1	400	0.01	0.02761	0	0	0	
11	2	3	240	248	1	600	0.25	0.319071	0	0	0	
11	2	3	158	249	1	400	0.95	0.883849	0	0	0	
11	2	3	165	250	1	600	0.99	0.936565	0	0	0	
11	2	3	53	251	1	400	0.99	0.933243	0	0	0	
11	2	3	4	252	2	0	0.01	0	100	0	10	
11	2	3	61	253	1	200	0.05	0.106558	0	0	0	
11	2	3	247	254	1	300	0.5	0.499177	0	0	0	
11	2	3	2	255	1	300	0.01	0.0597331	0	0	0	
11	2	3	276	256	1	200	0.01	0.0670617	0	0	0	
11	2	3	328	257	1	400	0.99	0.0828512	0	0	0	
11	2	3	132	258	2	0	0.9	0	150	50	140	
11	2	3	147	259	1	300	0.75	0.54766	0	0	0	
11	2	3	48	260	2	0	0.25	0	75	0	16.5	
11	2	3	208	261	1	400	0.9	0.850687	0	0	0	
11	2	3	107	262	2	0	0.75	0	50	0	19	
11	2	3	158	263	2	0	0.99	0	800	0	784	
11	2	3	3	264	1	400	0.01	0.0249386	0	0	0	
11	2	3	291	265	1	200	0.25	0.409986	0	0	0	
11	2	3	327	266	1	300	0.99	0.945039	0	0	0	
11	2	3	12	267	2	0	0.01	0	150	50	52	
11	2	3	54	268	2	0	0.25	0	50	25	30.5	
11	2	3	26	269	2	0	0.05	0	100	50	53	
11	2	3	57	270	2	0	0.25	0	150	50	72	
11	2	3	159	271	1	500	0.95	0.92875	0	0	0	
11	2	3	189	272	1	500	0.4	0.385356	0	0	0	
11	2	3	130	273	1	600	0.25	0.298022	0	0	0	
11	2	3	187	274	1	300	0.4	0.47732	0	0	0	
11	2	3	233	275	1	400	0.1	0.0960976	0	0	0	
11	2	3	137	276	1	300	0.5	0.526537	0	0	0	
11	2	3	188	277	1	400	0.4	0.467926	0	0	0	
11	2	3	4	278	1	500	0.01	0.0341293	0	0	0	
11	2	3	144	279	2	0	0.95	0	50	25	48.5	
11	2	3	59	280	1	500	0.01	0.0313119	0	0	0	
11	2	3	123	281	2	0	0.9	0	75	0	70.5	
11	2	3	109	282	2	0	0.75	0	100	0	22	
11	2	3	33	283	2	0	0.1	0	75	0	4.5	
11	2	3	77	284	2	0	0.5	0	50	0	11	
11	2	3	273	285	1	400	0.99	0.942001	0	0	0	
11	2	3	211	286	1	200	0.95	0.89212	0	0	0	
11	2	3	58	287	1	400	0.01	0.0289678	0	0	0	
11	2	3	155	288	2	0	0.99	0	150	0	147	
11	2	3	59	289	2	0	0.25	0	200	100	122	
11	2	3	274	290	1	500	0.99	0.922412	0	0	0	
11	2	3	134	291	1	500	0.4	0.447819	0	0	0	
11	2	3	162	292	2	0	0.99	0	150	50	148	
11	2	3	175	293	1	600	0.05	0.0576234	0	0	0	
11	2	3	88	294	1	400	0.6	0.454449	0	0	0	
11	2	3	292	295	1	300	0.25	0.356864	0	0	0	
11	2	3	261	296	1	200	0.9	0.74127	0	0	0	
11	2	3	322	297	1	300	0.95	0.779497	0	0	0	
11	2	4	98	298	2	0	0.6	0	800	0	176	
11	2	4	22	299	1	300	0.4	0.411167	0	0	0	
11	2	4	111	300	2	0	0.75	0	200	0	100	
11	2	4	259	301	1	500	0.75	0.799059	0	0	0	
11	2	4	275	302	1	600	0.99	0.9399	0	0	0	
11	2	4	67	303	2	0	0.4	0	400	0	24	
11	2	4	314	304	1	500	0.75	0.680288	0	0	0	
11	2	4	288	305	1	400	0.1	0.0747796	0	0	0	
11	2	4	224	306	1	500	0.01	0.0490475	0	0	0	
11	2	4	42	307	2	0	0.1	0	150	50	60	
11	2	4	289	308	1	500	0.1	0.0749255	0	0	0	
11	2	4	222	309	1	300	0.01	0.0317763	0	0	0	
11	2	4	287	310	1	300	0.1	0.134607	0	0	0	
11	2	4	50	311	2	0	0.25	0	150	0	15	
11	2	4	163	312	2	0	0.99	0	150	100	147	
11	2	4	156	313	2	0	0.99	0	200	0	196	
11	2	4	63	314	2	0	0.4	0	75	0	22.5	
11	2	4	194	315	1	500	0.5	0.544967	0	0	0	
11	2	4	213	316	1	400	0.95	0.881173	0	0	0	
11	2	4	44	317	1	500	0.9	0.897958	0	0	0	
11	2	4	66	318	1	200	0.1	0.173732	0	0	0	
11	2	4	72	319	1	300	0.25	0.294342	0	0	0	
11	2	4	185	320	1	600	0.25	0.369995	0	0	0	
11	2	4	153	321	2	0	0.99	0	75	0	73.5	
11	2	4	103	322	2	0	0.6	0	150	100	125	
11	2	4	91	323	1	200	0.75	0.586816	0	0	0	
11	2	4	115	324	2	0	0.75	0	75	50	62.5	
11	2	4	139	325	1	500	0.5	0.595255	0	0	0	
11	2	4	127	326	2	0	0.9	0	400	0	312	
11	2	4	251	327	1	200	0.6	0.567307	0	0	0	
11	2	4	205	328	1	600	0.75	0.604635	0	0	0	
11	2	4	146	329	2	0	0.95	0	100	50	97	
11	2	4	192	330	1	300	0.5	0.485015	0	0	0	
11	2	4	25	331	1	600	0.4	0.463016	0	0	0	
11	2	4	78	332	1	400	0.4	0.525303	0	0	0	
11	2	4	106	333	1	200	0.99	0.93392	0	0	0	
11	2	4	171	334	1	200	0.05	0.0685787	0	0	0	
11	2	4	234	335	1	500	0.1	0.0993484	0	0	0	
11	2	4	198	336	1	400	0.6	0.252127	0	0	0	
11	2	4	154	337	1	500	0.9	0.830762	0	0	0	
11	2	4	85	338	2	0	0.5	0	75	50	62.5	
11	2	4	43	339	1	400	0.9	0.901638	0	0	0	
11	2	4	160	340	1	600	0.95	0.931665	0	0	0	
11	2	4	181	341	1	200	0.25	0.40429	0	0	0	
11	2	4	248	342	1	400	0.5	0.467174	0	0	0	
11	2	4	306	343	1	200	0.6	0.554043	0	0	0	
11	2	4	239	344	1	500	0.25	0.453702	0	0	0	
11	2	4	265	345	1	600	0.9	0.924592	0	0	0	
11	2	4	1	346	2	0	0.01	0	25	0	2.5	
11	2	4	319	347	1	500	0.9	0.915331	0	0	0	
11	2	4	9	348	1	500	0.05	0.0856553	0	0	0	
11	2	4	106	349	2	0	0.75	0	25	0	7.5	
11	2	4	142	350	1	300	0.6	0.388328	0	0	0	
11	2	4	80	351	1	600	0.4	0.385621	0	0	0	
11	2	4	41	352	2	0	0.1	0	100	50	55	
11	2	4	184	353	1	500	0.25	0.215727	0	0	0	
11	2	4	116	354	1	200	0.05	0.147341	0	0	0	
11	2	4	164	355	2	0	0.99	0	200	100	198	
11	2	4	246	356	1	200	0.5	0.560858	0	0	0	
11	2	4	138	357	2	0	0.95	0	75	0	73.5	
11	2	4	64	358	2	0	0.4	0	100	0	30	
11	2	4	68	359	1	400	0.1	0.097796	0	0	0	
11	2	4	32	360	1	300	0.6	0.604989	0	0	0	
11	2	4	302	361	1	300	0.5	0.442415	0	0	0	
11	2	4	79	362	1	500	0.4	0.466435	0	0	0	
11	2	4	109	363	1	500	0.99	0.95001	0	0	0	
11	2	4	10	364	2	0	0.01	0	75	50	51.5	
11	2	4	215	365	1	600	0.95	0.929511	0	0	0	
11	2	4	124	366	2	0	0.9	0	100	0	78	
11	2	4	108	367	2	0	0.75	0	75	0	37.5	
11	2	4	62	368	1	300	0.05	0.072347	0	0	0	
11	2	4	105	369	1	600	0.95	0.911625	0	0	0	
11	2	4	141	370	2	0	0.95	0	200	0	188	
11	2	4	18	371	1	400	0.25	0.120211	0	0	0	
11	2	4	37	372	2	0	0.1	0	400	0	24	
11	2	4	145	373	2	0	0.95	0	75	50	73.5	
11	2	4	67	374	1	300	0.1	0.0826699	0	0	0	
11	2	4	150	375	1	600	0.75	0.562366	0	0	0	
11	2	4	40	376	2	0	0.1	0	75	50	57.5	
11	2	4	81	377	1	200	0.5	0.530703	0	0	0	
11	2	4	252	378	1	300	0.6	0.545086	0	0	0	
11	2	4	31	379	2	0	0.1	0	25	0	2.5	
11	2	4	31	380	1	200	0.6	0.559589	0	0	0	
11	2	4	178	381	1	400	0.1	0.110127	0	0	0	
11	2	4	13	382	2	0	0.01	0	150	100	105	
11	2	4	86	383	1	200	0.6	0.576431	0	0	0	
11	2	4	242	384	1	300	0.4	0.432003	0	0	0	
11	2	4	294	385	1	500	0.25	0.154063	0	0	0	
11	2	4	232	386	1	300	0.1	0.0915156	0	0	0	
11	2	4	53	387	2	0	0.25	0	800	0	48	
11	2	4	118	388	2	0	0.75	0	150	100	125	
11	2	4	8	389	2	0	0.01	0	800	0	16	
11	2	4	161	390	2	0	0.99	0	100	50	99	
11	2	4	92	391	1	300	0.75	0.645326	0	0	0	
11	2	4	272	392	1	300	0.99	0.931364	0	0	0	
11	2	4	220	393	1	600	0.99	0.938874	0	0	0	
11	2	4	280	394	1	600	0.01	0.065611	0	0	0	
11	2	4	35	395	1	600	0.6	0.597139	0	0	0	
11	2	4	8	396	1	400	0.05	0.090432	0	0	0	
11	2	5	39	397	1	500	0.75	0.591765	0	0	0	
11	2	5	299	398	1	500	0.4	0.449434	0	0	0	
11	2	5	60	399	1	600	0.01	0.0283884	0	0	0	
11	2	5	228	400	1	400	0.05	0.049074	0	0	0	
11	2	5	97	401	2	0	0.6	0	400	0	88	
11	2	5	172	402	1	300	0.05	0.0780304	0	0	0	
11	2	5	73	403	2	0	0.4	0	150	100	115	
11	2	5	324	404	1	500	0.95	0.94155	0	0	0	
11	2	5	227	405	1	300	0.05	0.0575349	0	0	0	
11	2	5	89	406	2	0	0.5	0	200	100	142	
11	2	5	295	407	1	600	0.25	0.203599	0	0	0	
11	2	5	13	408	1	400	0.1	0.131405	0	0	0	
11	2	5	290	409	1	600	0.1	0.0700648	0	0	0	
11	2	5	169	410	1	500	0.01	0.0309758	0	0	0	
11	2	5	231	411	1	200	0.1	0.140291	0	0	0	
11	2	5	21	412	2	0	0.05	0	200	0	4	
11	2	5	108	413	1	400	0.99	0.930152	0	0	0	
11	2	5	57	414	1	300	0.01	0.0248767	0	0	0	
11	2	5	315	415	1	600	0.75	0.650177	0	0	0	
11	2	5	82	416	1	300	0.5	0.53973	0	0	0	
11	2	5	55	417	2	0	0.25	0	75	50	56.5	
11	2	5	254	418	1	500	0.6	0.596037	0	0	0	
11	2	5	10	419	1	600	0.05	0.0780392	0	0	0	
11	2	5	125	420	1	600	0.1	0.0787159	0	0	0	
11	2	5	190	421	1	600	0.4	0.469531	0	0	0	
11	2	5	134	422	2	0	0.9	0	200	100	194	
11	2	5	206	423	1	200	0.9	0.877449	0	0	0	
11	2	5	217	424	1	300	0.99	0.961098	0	0	0	
11	2	5	151	425	1	200	0.9	0.805176	0	0	0	
11	2	5	180	426	1	600	0.1	0.0852396	0	0	0	
11	2	5	70	427	2	0	0.4	0	75	50	57.5	
11	2	5	6	428	1	200	0.05	0.0570882	0	0	0	
11	2	5	157	429	2	0	0.99	0	400	0	392	
11	2	5	94	430	2	0	0.6	0	100	0	30	
11	2	5	132	431	1	300	0.4	0.482632	0	0	0	
11	2	5	98	432	1	400	0.9	0.772991	0	0	0	
11	2	5	50	433	1	600	0.95	0.89331	0	0	0	
11	2	5	76	434	1	200	0.4	0.38582	0	0	0	
11	2	5	69	435	1	500	0.1	0.0903701	0	0	0	
11	2	5	118	436	1	400	0.05	0.0619445	0	0	0	
11	2	5	147	437	2	0	0.95	0	150	50	144	
11	2	5	136	438	1	200	0.5	0.660783	0	0	0	
11	2	5	117	439	1	300	0.05	0.290035	0	0	0	
11	2	5	214	440	1	500	0.95	0.89331	0	0	0	
11	2	5	304	441	1	500	0.5	0.643999	0	0	0	
11	2	5	119	442	1	500	0.05	0.0642753	0	0	0	
11	2	5	3	443	2	0	0.01	0	75	0	7.5	
11	2	5	26	444	1	200	0.5	0.597723	0	0	0	
11	2	5	176	445	1	200	0.1	0.180441	0	0	0	
11	2	5	330	446	1	600	0.99	0.957344	0	0	0	
11	2	5	22	447	2	0	0.05	0	400	0	8	
11	2	5	128	448	2	0	0.9	0	800	0	720	
11	2	5	85	449	1	600	0.5	0.557466	0	0	0	
11	2	5	249	450	1	500	0.5	0.456895	0	0	0	
11	2	5	120	451	1	600	0.05	0.0683001	0	0	0	
11	2	5	35	452	2	0	0.1	0	150	0	15	
11	2	5	87	453	2	0	0.5	0	150	50	80	
11	2	5	46	454	2	0	0.25	0	25	0	7.5	
11	2	5	125	455	2	0	0.9	0	150	0	141	
11	2	5	75	456	2	0	0.4	0	200	150	165	
11	2	5	329	457	1	500	0.99	0.954871	0	0	0	
11	2	5	114	458	2	0	0.75	0	50	25	37.5	
11	2	5	201	459	1	200	0.75	0.573804	0	0	0	
11	2	5	64	460	1	500	0.05	0.0567919	0	0	0	
11	2	5	160	461	2	0	0.99	0	75	50	74.5	
11	2	5	135	462	1	600	0.4	0.473525	0	0	0	
11	2	5	18	463	2	0	0.05	0	75	0	4.5	
11	2	5	23	464	2	0	0.05	0	800	0	16	
11	2	5	79	465	2	0	0.5	0	100	0	26	
11	2	5	270	466	1	600	0.95	0.931656	0	0	0	
11	2	5	264	467	1	500	0.9	0.891019	0	0	0	
11	2	5	42	468	1	300	0.9	0.876003	0	0	0	
11	2	5	277	469	1	300	0.01	0.0380656	0	0	0	
11	2	5	88	470	2	0	0.5	0	150	100	113	
11	2	5	138	471	1	400	0.5	0.454144	0	0	0	
11	2	5	21	472	1	200	0.4	0.374798	0	0	0	
11	2	5	137	473	2	0	0.95	0	50	0	47	
11	2	5	38	474	2	0	0.1	0	800	0	16	
11	2	5	311	475	1	200	0.75	0.632756	0	0	0	
11	2	5	278	476	1	400	0.01	0.0401487	0	0	0	
11	2	5	47	477	2	0	0.25	0	50	0	15	
11	2	5	15	478	1	600	0.1	0.101348	0	0	0	
11	2	5	309	479	1	500	0.6	0.549952	0	0	0	
11	2	5	61	480	2	0	0.4	0	25	0	7.5	
11	2	5	36	481	2	0	0.1	0	200	0	12	
11	2	5	82	482	2	0	0.5	0	400	0	88	
11	2	5	210	483	1	600	0.9	0.869798	0	0	0	
11	2	5	209	484	1	500	0.9	0.867918	0	0	0	
11	2	5	63	485	1	400	0.05	0.0799587	0	0	0	
11	2	5	99	486	2	0	0.6	0	50	25	34.5	
11	2	5	1	487	1	200	0.01	0.0243858	0	0	0	
11	2	5	225	488	1	600	0.01	0.0404318	0	0	0	
11	2	5	263	489	1	400	0.9	0.948631	0	0	0	
11	2	5	76	490	2	0	0.5	0	25	0	7.5	
11	2	5	114	491	1	500	0.01	0.0312765	0	0	0	
11	2	5	320	492	1	600	0.9	0.90055	0	0	0	
11	2	5	150	493	2	0	0.95	0	200	150	197	
11	2	5	52	494	1	300	0.99	0.935893	0	0	0	
11	2	5	237	495	1	300	0.25	0.283922	0	0	0	
