Subject#	Session#	Block#	Stim#	Trial#	Task	Numerosity	P_true	P_reported	x1	x2	CE	
16	1	1	149	1	1	500	0.75	0.899117	0	0	0	
16	1	1	130	2	2	0	0.9	0	75	50	64.5	
16	1	1	223	3	1	400	0.01	0.0149032	0	0	0	
16	1	1	330	4	1	600	0.99	0.982974	0	0	0	
16	1	1	185	5	1	600	0.25	0.165633	0	0	0	
16	1	1	74	6	2	0	0.4	0	200	100	138	
16	1	1	120	7	2	0	0.75	0	200	150	171	
16	1	1	114	8	2	0	0.75	0	50	25	32.5	
16	1	1	32	9	1	300	0.6	0.808891	0	0	0	
16	1	1	306	10	1	200	0.6	0.839674	0	0	0	
16	1	1	93	11	1	400	0.75	0.87258	0	0	0	
16	1	1	21	12	2	0	0.05	0	200	0	28	
16	1	1	90	13	2	0	0.5	0	200	150	165	
16	1	1	106	14	2	0	0.75	0	25	0	14.5	
16	1	1	150	15	1	600	0.75	0.88001	0	0	0	
16	1	1	156	16	2	0	0.99	0	200	0	108	
16	1	1	288	17	1	400	0.1	0.0594854	0	0	0	
16	1	1	236	18	1	200	0.25	0.30681	0	0	0	
16	1	1	5	19	2	0	0.01	0	150	0	21	
16	1	1	71	20	1	200	0.25	0.458602	0	0	0	
16	1	1	166	21	1	200	0.01	0.0202106	0	0	0	
16	1	1	315	22	1	600	0.75	0.925654	0	0	0	
16	1	1	219	23	1	500	0.99	0.984035	0	0	0	
16	1	1	22	24	1	300	0.4	0.560504	0	0	0	
16	1	1	29	25	1	500	0.5	0.555197	0	0	0	
16	1	1	170	26	1	600	0.01	0.0202106	0	0	0	
16	1	1	264	27	1	500	0.9	0.927777	0	0	0	
16	1	1	178	28	1	400	0.1	0.105129	0	0	0	
16	1	1	13	29	1	400	0.1	0.111498	0	0	0	
16	1	1	55	30	1	600	0.99	0.970236	0	0	0	
16	1	1	295	31	1	600	0.25	0.27072	0	0	0	
16	1	1	192	32	1	300	0.5	0.563689	0	0	0	
16	1	1	111	33	2	0	0.75	0	200	0	44	
16	1	1	9	34	1	500	0.05	0.0754076	0	0	0	
16	1	1	119	35	1	500	0.05	0.0966372	0	0	0	
16	1	1	188	36	1	400	0.4	0.559443	0	0	0	
16	1	1	129	37	1	500	0.25	0.503184	0	0	0	
16	1	1	271	38	1	200	0.99	0.991466	0	0	0	
16	1	1	165	39	2	0	0.99	0	200	150	177	
16	1	1	261	40	1	200	0.9	0.889564	0	0	0	
16	1	1	131	41	1	200	0.4	0.818444	0	0	0	
16	1	1	126	42	2	0	0.9	0	200	0	52	
16	1	1	104	43	1	500	0.95	0.941576	0	0	0	
16	1	1	60	44	2	0	0.25	0	200	150	151	
16	1	1	298	45	1	400	0.4	0.61464	0	0	0	
16	1	1	107	46	2	0	0.75	0	50	0	15	
16	1	1	310	47	1	600	0.6	0.820567	0	0	0	
16	1	1	69	48	2	0	0.4	0	50	25	31.5	
16	1	1	21	49	1	200	0.4	0.911855	0	0	0	
16	1	1	328	50	1	400	0.99	0.992527	0	0	0	
16	1	1	184	51	1	500	0.25	0.311056	0	0	0	
16	1	1	23	52	1	400	0.4	0.472401	0	0	0	
16	1	1	25	53	2	0	0.05	0	75	50	69.5	
16	1	1	7	54	2	0	0.01	0	400	0	24	
16	1	1	140	55	1	600	0.5	0.85135	0	0	0	
16	1	1	143	56	2	0	0.95	0	800	0	48	
16	1	1	204	57	1	500	0.75	0.918224	0	0	0	
16	1	1	263	58	1	400	0.9	0.950068	0	0	0	
16	1	1	199	59	1	500	0.6	0.791907	0	0	0	
16	1	1	45	60	1	600	0.9	0.906547	0	0	0	
16	1	1	57	61	1	300	0.01	0.993589	0	0	0	
16	1	1	182	62	1	300	0.25	0.710173	0	0	0	
16	1	1	96	63	2	0	0.6	0	200	0	60	
16	1	1	73	64	1	400	0.25	0.398098	0	0	0	
16	1	1	47	65	1	300	0.95	0.945822	0	0	0	
16	1	1	44	66	2	0	0.1	0	200	100	150	
16	1	1	48	67	2	0	0.25	0	75	0	22.5	
16	1	1	61	68	2	0	0.4	0	25	0	7.5	
16	1	1	13	69	2	0	0.01	0	150	100	101	
16	1	1	114	70	1	500	0.01	0.023395	0	0	0	
16	1	1	77	71	2	0	0.5	0	50	0	15	
16	1	1	36	72	1	200	0.75	0.821629	0	0	0	
16	1	1	17	73	2	0	0.05	0	50	0	15	
16	1	1	313	74	1	400	0.75	0.856658	0	0	0	
16	1	1	143	75	1	400	0.6	0.796153	0	0	0	
16	1	1	110	76	2	0	0.75	0	150	0	51	
16	1	1	162	77	1	300	0.99	0.982974	0	0	0	
16	1	1	58	78	1	400	0.01	0.0170262	0	0	0	
16	1	1	301	79	1	200	0.5	0.57855	0	0	0	
16	1	1	159	80	1	500	0.95	0.892748	0	0	0	
16	1	1	231	81	1	200	0.1	0.0669158	0	0	0	
16	1	1	8	82	1	400	0.05	0.134851	0	0	0	
16	1	1	121	83	2	0	0.9	0	25	0	12.5	
16	1	1	109	84	2	0	0.75	0	100	0	30	
16	1	1	23	85	2	0	0.05	0	800	0	48	
16	1	1	51	86	1	200	0.99	0.991466	0	0	0	
16	1	1	69	87	1	500	0.1	0.108314	0	0	0	
16	1	1	75	88	1	600	0.25	0.407651	0	0	0	
16	1	1	129	89	2	0	0.9	0	50	25	36.5	
16	1	1	83	90	1	400	0.5	0.832244	0	0	0	
16	1	1	255	91	1	600	0.6	0.944761	0	0	0	
16	1	1	257	92	1	300	0.75	0.900178	0	0	0	
16	1	1	83	93	2	0	0.5	0	800	0	240	
16	1	1	147	94	2	0	0.95	0	150	50	112	
16	1	1	53	95	1	400	0.99	0.986158	0	0	0	
16	1	1	249	96	1	500	0.5	0.718665	0	0	0	
16	1	1	270	97	1	600	0.95	0.949006	0	0	0	
16	1	1	8	98	2	0	0.01	0	800	0	48	
16	1	1	304	99	1	500	0.5	0.796153	0	0	0	
16	1	2	2	100	2	0	0.01	0	50	0	11	
16	1	2	14	101	2	0	0.01	0	200	100	110	
16	1	2	278	102	1	400	0.01	0.0308254	0	0	0	
16	1	2	81	103	2	0	0.5	0	200	0	52	
16	1	2	26	104	2	0	0.05	0	100	50	65	
16	1	2	148	105	1	400	0.75	0.90867	0	0	0	
16	1	2	287	106	1	300	0.1	0.131666	0	0	0	
16	1	2	293	107	1	400	0.25	0.23463	0	0	0	
16	1	2	28	108	1	400	0.5	0.350331	0	0	0	
16	1	2	95	109	2	0	0.6	0	150	0	69	
16	1	2	316	110	1	200	0.9	0.857719	0	0	0	
16	1	2	99	111	2	0	0.6	0	50	25	37.5	
16	1	2	115	112	1	600	0.01	0.0499321	0	0	0	
16	1	2	227	113	1	300	0.05	0.12742	0	0	0	
16	1	2	327	114	1	300	0.99	0.974482	0	0	0	
16	1	2	224	115	1	500	0.01	0.0297639	0	0	0	
16	1	2	179	116	1	500	0.1	0.114682	0	0	0	
16	1	2	321	117	1	200	0.95	0.90867	0	0	0	
16	1	2	75	118	2	0	0.4	0	200	150	171	
16	1	2	88	119	1	400	0.6	0.20597	0	0	0	
16	1	2	125	120	1	600	0.1	0.128482	0	0	0	
16	1	2	155	121	1	600	0.9	0.912916	0	0	0	
16	1	2	71	122	2	0	0.4	0	100	50	65	
16	1	2	2	123	1	300	0.01	0.0159647	0	0	0	
16	1	2	49	124	1	500	0.95	0.964929	0	0	0	
16	1	2	32	125	2	0	0.1	0	50	0	15	
16	1	2	250	126	1	600	0.5	0.502123	0	0	0	
16	1	2	110	127	1	600	0.99	0.933084	0	0	0	
16	1	2	153	128	1	400	0.9	0.900178	0	0	0	
16	1	2	94	129	1	500	0.75	0.797215	0	0	0	
16	1	2	256	130	1	200	0.75	0.739895	0	0	0	
16	1	2	232	131	1	300	0.1	0.131666	0	0	0	
16	1	2	131	132	2	0	0.9	0	100	50	69	
16	1	2	142	133	2	0	0.95	0	400	0	120	
16	1	2	27	134	2	0	0.05	0	150	50	80	
16	1	2	244	135	1	500	0.4	0.508492	0	0	0	
16	1	2	307	136	1	300	0.6	0.530783	0	0	0	
16	1	2	15	137	1	600	0.1	0.212339	0	0	0	
16	1	2	90	138	1	600	0.6	0.799338	0	0	0	
16	1	2	1	139	1	200	0.01	0.0202106	0	0	0	
16	1	2	50	140	1	600	0.95	0.858781	0	0	0	
16	1	2	272	141	1	300	0.99	0.977666	0	0	0	
16	1	2	217	142	1	300	0.99	0.989343	0	0	0	
16	1	2	254	143	1	500	0.6	0.728218	0	0	0	
16	1	2	4	144	2	0	0.01	0	100	0	10	
16	1	2	3	145	1	400	0.01	0.0127802	0	0	0	
16	1	2	141	146	1	200	0.6	0.520168	0	0	0	
16	1	2	119	147	2	0	0.75	0	200	100	150	
16	1	2	268	148	1	400	0.95	0.699558	0	0	0	
16	1	2	322	149	1	300	0.95	0.85135	0	0	0	
16	1	2	49	150	2	0	0.25	0	100	0	22	
16	1	2	130	151	1	600	0.25	0.309995	0	0	0	
16	1	2	26	152	1	200	0.5	0.604025	0	0	0	
16	1	2	275	153	1	600	0.99	0.972359	0	0	0	
16	1	2	215	154	1	600	0.95	0.894871	0	0	0	
16	1	2	208	155	1	400	0.9	0.891686	0	0	0	
16	1	2	118	156	1	400	0.05	0.0775306	0	0	0	
16	1	2	145	157	1	600	0.6	0.662407	0	0	0	
16	1	2	37	158	1	300	0.75	0.697435	0	0	0	
16	1	2	135	159	1	600	0.4	0.703804	0	0	0	
16	1	2	137	160	1	300	0.5	0.734587	0	0	0	
16	1	2	116	161	2	0	0.75	0	100	50	75	
16	1	2	222	162	1	300	0.01	0.0318869	0	0	0	
16	1	2	122	163	2	0	0.9	0	50	0	29	
16	1	2	118	164	2	0	0.75	0	150	100	137	
16	1	2	123	165	2	0	0.9	0	75	0	40.5	
16	1	2	41	166	2	0	0.1	0	100	50	63	
16	1	2	258	167	1	400	0.75	0.795092	0	0	0	
16	1	2	305	168	1	600	0.5	0.599779	0	0	0	
16	1	2	238	169	1	400	0.25	0.515922	0	0	0	
16	1	2	128	170	1	400	0.25	0.342901	0	0	0	
16	1	2	183	171	1	400	0.25	0.366253	0	0	0	
16	1	2	53	172	2	0	0.25	0	800	0	112	
16	1	2	158	173	1	400	0.95	0.865149	0	0	0	
16	1	2	161	174	2	0	0.99	0	100	50	85	
16	1	2	157	175	2	0	0.99	0	400	0	200	
16	1	2	91	176	1	200	0.75	0.606148	0	0	0	
16	1	2	19	177	2	0	0.05	0	100	0	26	
16	1	2	99	178	1	500	0.9	0.836489	0	0	0	
16	1	2	226	179	1	200	0.05	0.056301	0	0	0	
16	1	2	42	180	2	0	0.1	0	150	50	80	
16	1	2	40	181	2	0	0.1	0	75	50	61.5	
16	1	2	273	182	1	400	0.99	0.968113	0	0	0	
16	1	2	56	183	1	200	0.01	0.993589	0	0	0	
16	1	2	132	184	2	0	0.9	0	150	50	100	
16	1	2	51	185	2	0	0.25	0	200	0	60	
16	1	2	43	186	2	0	0.1	0	150	100	117	
16	1	2	201	187	1	200	0.75	0.792969	0	0	0	
16	1	2	81	188	1	200	0.5	0.653915	0	0	0	
16	1	2	68	189	2	0	0.4	0	800	0	176	
16	1	2	108	190	2	0	0.75	0	75	0	37.5	
16	1	2	31	191	2	0	0.1	0	25	0	6.5	
16	1	2	280	192	1	600	0.01	0.0212721	0	0	0	
16	1	2	5	193	1	600	0.01	0.0212721	0	0	0	
16	1	2	292	194	1	300	0.25	0.529721	0	0	0	
16	1	2	115	195	2	0	0.75	0	75	50	68.5	
16	1	2	329	196	1	500	0.99	0.952191	0	0	0	
16	1	2	74	197	1	500	0.25	0.704866	0	0	0	
16	1	2	243	198	1	400	0.4	0.646484	0	0	0	
16	1	3	152	199	1	300	0.9	0.894871	0	0	0	
16	1	3	11	200	1	200	0.1	0.121051	0	0	0	
16	1	3	95	201	1	600	0.75	0.907609	0	0	0	
16	1	3	38	202	1	400	0.75	0.797215	0	0	0	
16	1	3	124	203	2	0	0.9	0	100	0	50	
16	1	3	259	204	1	500	0.75	0.804645	0	0	0	
16	1	3	42	205	1	300	0.9	0.861965	0	0	0	
16	1	3	87	206	1	300	0.6	0.725034	0	0	0	
16	1	3	125	207	2	0	0.9	0	150	0	75	
16	1	3	64	208	1	500	0.05	0.114682	0	0	0	
16	1	3	108	209	1	400	0.99	0.982974	0	0	0	
16	1	3	98	210	2	0	0.6	0	800	0	304	
16	1	3	44	211	1	500	0.9	0.831182	0	0	0	
16	1	3	148	212	2	0	0.95	0	150	100	129	
16	1	3	111	213	1	200	0.01	0.0127802	0	0	0	
16	1	3	96	214	1	200	0.9	0.848166	0	0	0	
16	1	3	41	215	1	200	0.9	0.891686	0	0	0	
16	1	3	43	216	1	400	0.9	0.847104	0	0	0	
16	1	3	61	217	1	200	0.05	0.108314	0	0	0	
16	1	3	15	218	2	0	0.01	0	200	150	153	
16	1	3	144	219	1	500	0.6	0.699558	0	0	0	
16	1	3	4	220	1	500	0.01	0.0212721	0	0	0	
16	1	3	220	221	1	600	0.99	0.973421	0	0	0	
16	1	3	142	222	1	300	0.6	0.723972	0	0	0	
16	1	3	37	223	2	0	0.1	0	400	0	88	
16	1	3	76	224	1	200	0.4	0.76537	0	0	0	
16	1	3	290	225	1	600	0.1	0.257982	0	0	0	
16	1	3	267	226	1	300	0.95	0.771739	0	0	0	
16	1	3	150	227	2	0	0.95	0	200	150	169	
16	1	3	123	228	1	400	0.1	0.142281	0	0	0	
16	1	3	107	229	1	300	0.99	0.971298	0	0	0	
16	1	3	252	230	1	300	0.6	0.52866	0	0	0	
16	1	3	68	231	1	400	0.1	0.314241	0	0	0	
16	1	3	294	232	1	500	0.25	0.398098	0	0	0	
16	1	3	138	233	1	400	0.5	0.522291	0	0	0	
16	1	3	78	234	2	0	0.5	0	75	0	19.5	
16	1	3	269	235	1	500	0.95	0.912916	0	0	0	
16	1	3	94	236	2	0	0.6	0	100	0	22	
16	1	3	241	237	1	200	0.4	0.602964	0	0	0	
16	1	3	52	238	1	300	0.99	0.986158	0	0	0	
16	1	3	62	239	2	0	0.4	0	50	0	9	
16	1	3	147	240	1	300	0.75	0.842858	0	0	0	
16	1	3	260	241	1	600	0.75	0.745202	0	0	0	
16	1	3	98	242	1	400	0.9	0.869395	0	0	0	
16	1	3	149	243	2	0	0.95	0	200	100	154	
16	1	3	87	244	2	0	0.5	0	150	50	100	
16	1	3	9	245	2	0	0.01	0	50	25	30.5	
16	1	3	190	246	1	600	0.4	0.698497	0	0	0	
16	1	3	180	247	1	600	0.1	0.136974	0	0	0	
16	1	3	84	248	2	0	0.5	0	50	25	35.5	
16	1	3	66	249	2	0	0.4	0	200	0	52	
16	1	3	117	250	1	300	0.05	0.0722232	0	0	0	
16	1	3	169	251	1	500	0.01	0.0180876	0	0	0	
16	1	3	70	252	2	0	0.4	0	75	50	63.5	
16	1	3	72	253	1	300	0.25	0.395975	0	0	0	
16	1	3	70	254	1	600	0.1	0.216585	0	0	0	
16	1	3	57	255	2	0	0.25	0	150	50	100	
16	1	3	128	256	2	0	0.9	0	800	0	112	
16	1	3	158	257	2	0	0.99	0	800	0	400	
16	1	3	308	258	1	400	0.6	0.764309	0	0	0	
16	1	3	79	259	2	0	0.5	0	100	0	30	
16	1	3	82	260	2	0	0.5	0	400	0	120	
16	1	3	163	261	1	400	0.99	0.962806	0	0	0	
16	1	3	146	262	2	0	0.95	0	100	50	89	
16	1	3	121	263	1	200	0.1	0.400221	0	0	0	
16	1	3	16	264	2	0	0.05	0	25	0	5.5	
16	1	3	205	265	1	600	0.75	0.876826	0	0	0	
16	1	3	138	266	2	0	0.95	0	75	0	16.5	
16	1	3	24	267	1	500	0.4	0.743079	0	0	0	
16	1	3	46	268	1	200	0.95	0.946883	0	0	0	
16	1	3	67	269	2	0	0.4	0	400	0	104	
16	1	3	160	270	1	600	0.95	0.888502	0	0	0	
16	1	3	64	271	2	0	0.4	0	100	0	22	
16	1	3	196	272	1	200	0.6	0.518045	0	0	0	
16	1	3	82	273	1	300	0.5	0.56475	0	0	0	
16	1	3	39	274	2	0	0.1	0	50	25	30.5	
16	1	3	36	275	2	0	0.1	0	200	0	44	
16	1	3	101	276	1	200	0.95	0.916101	0	0	0	
16	1	3	66	277	1	200	0.1	0.0435632	0	0	0	
16	1	3	1	278	2	0	0.01	0	25	0	5.5	
16	1	3	279	279	1	500	0.01	0.0106573	0	0	0	
16	1	3	240	280	1	600	0.25	0.128482	0	0	0	
16	1	3	266	281	1	200	0.95	0.926715	0	0	0	
16	1	3	10	282	1	600	0.05	0.0987602	0	0	0	
16	1	3	320	283	1	600	0.9	0.864088	0	0	0	
16	1	3	17	284	1	300	0.25	0.692128	0	0	0	
16	1	3	245	285	1	600	0.4	0.686821	0	0	0	
16	1	3	324	286	1	500	0.95	0.806768	0	0	0	
16	1	3	203	287	1	400	0.75	0.837551	0	0	0	
16	1	3	79	288	1	500	0.4	0.646484	0	0	0	
16	1	3	303	289	1	400	0.5	0.532906	0	0	0	
16	1	3	162	290	2	0	0.99	0	150	50	120	
16	1	3	200	291	1	600	0.6	0.599779	0	0	0	
16	1	3	59	292	2	0	0.25	0	200	100	122	
16	1	3	101	293	2	0	0.6	0	100	50	65	
16	1	3	164	294	2	0	0.99	0	200	100	150	
16	1	3	146	295	1	200	0.75	0.860904	0	0	0	
16	1	3	286	296	1	200	0.1	0.0361328	0	0	0	
16	1	3	172	297	1	300	0.05	0.0626698	0	0	0	
16	1	4	281	298	1	200	0.05	0.0297639	0	0	0	
16	1	4	133	299	2	0	0.9	0	150	100	125	
16	1	4	62	300	1	300	0.05	0.110436	0	0	0	
16	1	4	113	301	2	0	0.75	0	800	0	208	
16	1	4	127	302	1	300	0.25	0.511676	0	0	0	
16	1	4	31	303	1	200	0.6	0.814198	0	0	0	
16	1	4	80	304	2	0	0.5	0	150	0	75	
16	1	4	65	305	2	0	0.4	0	150	0	39	
16	1	4	265	306	1	600	0.9	0.910793	0	0	0	
16	1	4	212	307	1	300	0.95	0.910793	0	0	0	
16	1	4	7	308	1	300	0.05	0.0647928	0	0	0	
16	1	4	198	309	1	400	0.6	0.357762	0	0	0	
16	1	4	63	310	1	400	0.05	0.0764691	0	0	0	
16	1	4	105	311	1	600	0.95	0.90124	0	0	0	
16	1	4	144	312	2	0	0.95	0	50	25	35.5	
16	1	4	312	313	1	300	0.75	0.804645	0	0	0	
16	1	4	30	314	2	0	0.05	0	200	150	161	
16	1	4	97	315	2	0	0.6	0	400	0	104	
16	1	4	237	316	1	300	0.25	0.326979	0	0	0	
16	1	4	132	317	1	300	0.4	0.606148	0	0	0	
16	1	4	54	318	2	0	0.25	0	50	25	31.5	
16	1	4	29	319	2	0	0.05	0	200	100	122	
16	1	4	34	320	1	500	0.6	0.811014	0	0	0	
16	1	4	175	321	1	600	0.05	0.0732846	0	0	0	
16	1	4	228	322	1	400	0.05	0.054178	0	0	0	
16	1	4	127	323	2	0	0.9	0	400	0	184	
16	1	4	319	324	1	500	0.9	0.883195	0	0	0	
16	1	4	6	325	2	0	0.01	0	200	0	20	
16	1	4	195	326	1	600	0.5	0.713358	0	0	0	
16	1	4	46	327	2	0	0.25	0	25	0	14.5	
16	1	4	251	328	1	200	0.6	0.801461	0	0	0	
16	1	4	145	329	2	0	0.95	0	75	50	69.5	
16	1	4	12	330	1	300	0.1	0.113621	0	0	0	
16	1	4	302	331	1	300	0.5	0.424635	0	0	0	
16	1	4	285	332	1	600	0.05	0.0796535	0	0	0	
16	1	4	157	333	1	300	0.95	0.918224	0	0	0	
16	1	4	78	334	1	400	0.4	0.504246	0	0	0	
16	1	4	113	335	1	400	0.01	0.0212721	0	0	0	
16	1	4	311	336	1	200	0.75	0.393852	0	0	0	
16	1	4	274	337	1	500	0.99	0.988281	0	0	0	
16	1	4	181	338	1	200	0.25	0.409774	0	0	0	
16	1	4	126	339	1	200	0.25	0.506369	0	0	0	
16	1	4	326	340	1	200	0.99	0.977666	0	0	0	
16	1	4	67	341	1	300	0.1	0.0785921	0	0	0	
16	1	4	325	342	1	600	0.95	0.887441	0	0	0	
16	1	4	171	343	1	200	0.05	0.0658543	0	0	0	
16	1	4	100	344	2	0	0.6	0	75	50	65.5	
16	1	4	45	345	2	0	0.1	0	200	150	163	
16	1	4	214	346	1	500	0.95	0.889564	0	0	0	
16	1	4	140	347	2	0	0.95	0	150	0	99	
16	1	4	137	348	2	0	0.95	0	50	0	11	
16	1	4	89	349	2	0	0.5	0	200	100	150	
16	1	4	112	350	1	300	0.01	0.00853431	0	0	0	
16	1	4	156	351	1	200	0.95	0.959621	0	0	0	
16	1	4	282	352	1	300	0.05	0.0732846	0	0	0	
16	1	4	16	353	1	200	0.25	0.397036	0	0	0	
16	1	4	50	354	2	0	0.25	0	150	0	51	
16	1	4	122	355	1	300	0.1	0.225076	0	0	0	
16	1	4	25	356	1	600	0.4	0.506369	0	0	0	
16	1	4	177	357	1	300	0.1	0.314241	0	0	0	
16	1	4	209	358	1	500	0.9	0.62207	0	0	0	
16	1	4	134	359	1	500	0.4	0.683636	0	0	0	
16	1	4	22	360	2	0	0.05	0	400	0	88	
16	1	4	86	361	2	0	0.5	0	100	50	75	
16	1	4	48	362	1	400	0.95	0.800399	0	0	0	
16	1	4	11	363	2	0	0.01	0	100	50	55	
16	1	4	33	364	1	400	0.6	0.841797	0	0	0	
16	1	4	133	365	1	400	0.4	0.805707	0	0	0	
16	1	4	284	366	1	500	0.05	0.0414402	0	0	0	
16	1	4	136	367	2	0	0.95	0	25	0	15.5	
16	1	4	124	368	1	500	0.1	0.20597	0	0	0	
16	1	4	106	369	1	200	0.99	0.971298	0	0	0	
16	1	4	168	370	1	400	0.01	0.023395	0	0	0	
16	1	4	103	371	1	400	0.95	0.939453	0	0	0	
16	1	4	167	372	1	300	0.01	0.0138417	0	0	0	
16	1	4	120	373	1	600	0.05	0.0976987	0	0	0	
16	1	4	73	374	2	0	0.4	0	150	100	123	
16	1	4	135	375	2	0	0.9	0	200	150	175	
16	1	4	30	376	1	600	0.5	0.544582	0	0	0	
16	1	4	117	377	2	0	0.75	0	150	50	80	
16	1	4	300	378	1	600	0.4	0.648607	0	0	0	
16	1	4	58	379	2	0	0.25	0	150	100	121	
16	1	4	38	380	2	0	0.1	0	800	0	112	
16	1	4	297	381	1	300	0.4	0.633747	0	0	0	
16	1	4	152	382	2	0	0.99	0	50	0	15	
16	1	4	234	383	1	500	0.1	0.15608	0	0	0	
16	1	4	174	384	1	500	0.05	0.0913298	0	0	0	
16	1	4	187	385	1	300	0.4	0.419327	0	0	0	
16	1	4	6	386	1	200	0.05	0.0701002	0	0	0	
16	1	4	277	387	1	300	0.01	0.0138417	0	0	0	
16	1	4	105	388	2	0	0.6	0	200	150	175	
16	1	4	85	389	2	0	0.5	0	75	50	64.5	
16	1	4	314	390	1	500	0.75	0.88001	0	0	0	
16	1	4	248	391	1	400	0.5	0.762186	0	0	0	
16	1	4	247	392	1	300	0.5	0.66453	0	0	0	
16	1	4	159	393	2	0	0.99	0	50	25	31.5	
16	1	4	154	394	2	0	0.99	0	100	0	50	
16	1	4	136	395	1	200	0.5	0.550951	0	0	0	
16	1	4	229	396	1	500	0.05	0.110436	0	0	0	
16	1	5	253	397	1	400	0.6	0.498939	0	0	0	
16	1	5	161	398	1	200	0.99	0.992527	0	0	0	
16	1	5	230	399	1	600	0.05	0.0573624	0	0	0	
16	1	5	3	400	2	0	0.01	0	75	0	4.5	
16	1	5	35	401	2	0	0.1	0	150	0	9	
16	1	5	153	402	2	0	0.99	0	75	0	7.5	
16	1	5	65	403	1	600	0.05	0.0913298	0	0	0	
16	1	5	194	404	1	500	0.5	0.369438	0	0	0	
16	1	5	207	405	1	300	0.9	0.874703	0	0	0	
16	1	5	116	406	1	200	0.05	0.0531165	0	0	0	
16	1	5	202	407	1	300	0.75	0.79403	0	0	0	
16	1	5	186	408	1	200	0.4	0.824813	0	0	0	
16	1	5	309	409	1	500	0.6	0.805707	0	0	0	
16	1	5	225	410	1	600	0.01	0.0350713	0	0	0	
16	1	5	28	411	2	0	0.05	0	150	100	121	
16	1	5	33	412	2	0	0.1	0	75	0	7.5	
16	1	5	56	413	2	0	0.25	0	100	50	63	
16	1	5	296	414	1	200	0.4	0.558381	0	0	0	
16	1	5	76	415	2	0	0.5	0	25	0	12.5	
16	1	5	262	416	1	300	0.9	0.756878	0	0	0	
16	1	5	291	417	1	200	0.25	0.207031	0	0	0	
16	1	5	197	418	1	300	0.6	0.533967	0	0	0	
16	1	5	283	419	1	400	0.05	0.0976987	0	0	0	
16	1	5	139	420	2	0	0.95	0	100	0	46	
16	1	5	55	421	2	0	0.25	0	75	50	61.5	
16	1	5	239	422	1	500	0.25	0.597656	0	0	0	
16	1	5	63	423	2	0	0.4	0	75	0	7.5	
16	1	5	139	424	1	500	0.5	0.809952	0	0	0	
16	1	5	323	425	1	400	0.95	0.943699	0	0	0	
16	1	5	242	426	1	300	0.4	0.70062	0	0	0	
16	1	5	109	427	1	500	0.99	0.982974	0	0	0	
16	1	5	134	428	2	0	0.9	0	200	100	150	
16	1	5	24	429	2	0	0.05	0	50	25	31.5	
16	1	5	84	430	1	500	0.5	0.70805	0	0	0	
16	1	5	233	431	1	400	0.1	0.105129	0	0	0	
16	1	5	80	432	1	600	0.4	0.711235	0	0	0	
16	1	5	12	433	2	0	0.01	0	150	50	56	
16	1	5	92	434	1	300	0.75	0.633747	0	0	0	
16	1	5	40	435	1	600	0.75	0.824813	0	0	0	
16	1	5	54	436	1	500	0.99	0.963867	0	0	0	
16	1	5	154	437	1	500	0.9	0.860904	0	0	0	
16	1	5	85	438	1	600	0.5	0.713358	0	0	0	
16	1	5	18	439	2	0	0.05	0	75	0	7.5	
16	1	5	20	440	1	600	0.25	0.582796	0	0	0	
16	1	5	165	441	1	600	0.99	0.972359	0	0	0	
16	1	5	218	442	1	400	0.99	0.991466	0	0	0	
16	1	5	47	443	2	0	0.25	0	50	0	7	
16	1	5	221	444	1	200	0.01	0.0117187	0	0	0	
16	1	5	77	445	1	300	0.4	0.50743	0	0	0	
16	1	5	317	446	1	300	0.9	0.79403	0	0	0	
16	1	5	211	447	1	200	0.95	0.913978	0	0	0	
16	1	5	112	448	2	0	0.75	0	400	0	184	
16	1	5	160	449	2	0	0.99	0	75	50	64.5	
16	1	5	246	450	1	200	0.5	0.835428	0	0	0	
16	1	5	173	451	1	400	0.05	0.118928	0	0	0	
16	1	5	93	452	2	0	0.6	0	75	0	22.5	
16	1	5	103	453	2	0	0.6	0	150	100	129	
16	1	5	20	454	2	0	0.05	0	150	0	33	
16	1	5	191	455	1	200	0.5	0.661345	0	0	0	
16	1	5	141	456	2	0	0.95	0	200	0	76	
16	1	5	72	457	2	0	0.4	0	150	50	80	
16	1	5	213	458	1	400	0.95	0.868334	0	0	0	
16	1	5	102	459	2	0	0.6	0	150	50	80	
16	1	5	10	460	2	0	0.01	0	75	50	55.5	
16	1	5	276	461	1	200	0.01	0.0127802	0	0	0	
16	1	5	100	462	1	600	0.9	0.85135	0	0	0	
16	1	5	86	463	1	200	0.6	0.832244	0	0	0	
16	1	5	151	464	1	200	0.9	0.889564	0	0	0	
16	1	5	35	465	1	600	0.6	0.743079	0	0	0	
16	1	5	155	466	2	0	0.99	0	150	0	105	
16	1	5	91	467	2	0	0.6	0	25	0	10.5	
16	1	5	164	468	1	500	0.99	0.967052	0	0	0	
16	1	5	210	469	1	600	0.9	0.88001	0	0	0	
16	1	5	27	470	1	300	0.5	0.703804	0	0	0	
16	1	5	189	471	1	500	0.4	0.588103	0	0	0	
16	1	5	102	472	1	300	0.95	0.889564	0	0	0	
16	1	5	18	473	1	400	0.25	0.238876	0	0	0	
16	1	5	163	474	2	0	0.99	0	150	100	125	
16	1	5	60	475	1	600	0.01	0.0340099	0	0	0	
16	1	5	34	476	2	0	0.1	0	100	0	10	
16	1	5	235	477	1	600	0.1	0.147588	0	0	0	
16	1	5	318	478	1	400	0.9	0.832244	0	0	0	
16	1	5	89	479	1	500	0.6	0.550951	0	0	0	
16	1	5	299	480	1	500	0.4	0.575365	0	0	0	
16	1	5	88	481	2	0	0.5	0	150	100	125	
16	1	5	289	482	1	500	0.1	0.129543	0	0	0	
16	1	5	39	483	1	500	0.75	0.407651	0	0	0	
16	1	5	151	484	2	0	0.99	0	25	0	5.5	
16	1	5	59	485	1	500	0.01	0.0170262	0	0	0	
16	1	5	52	486	2	0	0.25	0	400	0	40	
16	1	5	216	487	1	200	0.99	0.985097	0	0	0	
16	1	5	176	488	1	200	0.1	0.130605	0	0	0	
16	1	5	19	489	1	500	0.25	0.434188	0	0	0	
16	1	5	104	490	2	0	0.6	0	200	100	130	
16	1	5	193	491	1	400	0.5	0.61464	0	0	0	
16	1	5	97	492	1	300	0.9	0.820567	0	0	0	
16	1	5	206	493	1	200	0.9	0.817383	0	0	0	
16	1	5	92	494	2	0	0.6	0	50	0	15	
16	1	5	14	495	1	500	0.1	0.201724	0	0	0	
16	2	1	263	1	1	400	0.9	0.802522	0	0	0	
16	2	1	289	2	1	500	0.1	0.0976987	0	0	0	
16	2	1	278	3	1	400	0.01	0.0149032	0	0	0	
16	2	1	58	4	1	400	0.01	0.0149032	0	0	0	
16	2	1	161	5	2	0	0.99	0	100	50	85	
16	2	1	282	6	1	300	0.05	0.114682	0	0	0	
16	2	1	253	7	1	400	0.6	0.346085	0	0	0	
16	2	1	40	8	2	0	0.1	0	75	50	57.5	
16	2	1	124	9	1	500	0.1	0.147588	0	0	0	
16	2	1	178	10	1	400	0.1	0.113621	0	0	0	
16	2	1	311	11	1	200	0.75	0.895932	0	0	0	
16	2	1	65	12	2	0	0.4	0	150	0	33	
16	2	1	223	13	1	400	0.01	0.0244565	0	0	0	
16	2	1	24	14	2	0	0.05	0	50	25	27.5	
16	2	1	285	15	1	600	0.05	0.115744	0	0	0	
16	2	1	232	16	1	300	0.1	0.0775306	0	0	0	
16	2	1	15	17	1	600	0.1	0.164572	0	0	0	
16	2	1	35	18	2	0	0.1	0	150	0	33	
16	2	1	142	19	2	0	0.95	0	400	0	72	
16	2	1	197	20	1	300	0.6	0.542459	0	0	0	
16	2	1	9	21	1	500	0.05	0.101945	0	0	0	
16	2	1	37	22	1	300	0.75	0.805707	0	0	0	
16	2	1	56	23	2	0	0.25	0	100	50	65	
16	2	1	92	24	2	0	0.6	0	50	0	25	
16	2	1	30	25	1	600	0.5	0.859842	0	0	0	
16	2	1	129	26	2	0	0.9	0	50	25	44.5	
16	2	1	49	27	1	500	0.95	0.9299	0	0	0	
16	2	1	101	28	1	200	0.95	0.973421	0	0	0	
16	2	1	287	29	1	300	0.1	0.0647928	0	0	0	
16	2	1	33	30	1	400	0.6	0.691067	0	0	0	
16	2	1	31	31	2	0	0.1	0	25	0	10.5	
16	2	1	7	32	2	0	0.01	0	400	0	40	
16	2	1	153	33	2	0	0.99	0	75	0	16.5	
16	2	1	160	34	1	600	0.95	0.906547	0	0	0	
16	2	1	160	35	2	0	0.99	0	75	50	65.5	
16	2	1	316	36	1	200	0.9	0.936269	0	0	0	
16	2	1	214	37	1	500	0.95	0.947945	0	0	0	
16	2	1	306	38	1	200	0.6	0.710173	0	0	0	
16	2	1	41	39	2	0	0.1	0	100	50	65	
16	2	1	245	40	1	600	0.4	0.72185	0	0	0	
16	2	1	177	41	1	300	0.1	0.0446247	0	0	0	
16	2	1	134	42	2	0	0.9	0	200	100	150	
16	2	1	131	43	2	0	0.9	0	100	50	71	
16	2	1	13	44	2	0	0.01	0	150	100	111	
16	2	1	288	45	1	400	0.1	0.101945	0	0	0	
16	2	1	51	46	1	200	0.99	0.979789	0	0	0	
16	2	1	275	47	1	600	0.99	0.973421	0	0	0	
16	2	1	113	48	1	400	0.01	0.00747283	0	0	0	
16	2	1	26	49	2	0	0.05	0	100	50	61	
16	2	1	94	50	1	500	0.75	0.7866	0	0	0	
16	2	1	171	51	1	200	0.05	0.0414402	0	0	0	
16	2	1	48	52	2	0	0.25	0	75	0	16.5	
16	2	1	273	53	1	400	0.99	0.984035	0	0	0	
16	2	1	300	54	1	600	0.4	0.479832	0	0	0	
16	2	1	12	55	2	0	0.01	0	150	50	72	
16	2	1	92	56	1	300	0.75	0.611456	0	0	0	
16	2	1	128	57	1	400	0.25	0.457541	0	0	0	
16	2	1	106	58	2	0	0.75	0	25	0	14.5	
16	2	1	125	59	1	600	0.1	0.11999	0	0	0	
16	2	1	85	60	2	0	0.5	0	75	50	65.5	
16	2	1	77	61	1	300	0.4	0.581734	0	0	0	
16	2	1	129	62	1	500	0.25	0.453295	0	0	0	
16	2	1	116	63	1	200	0.05	0.0775306	0	0	0	
16	2	1	90	64	1	600	0.6	0.824813	0	0	0	
16	2	1	122	65	2	0	0.9	0	50	0	11	
16	2	1	21	66	2	0	0.05	0	200	0	44	
16	2	1	71	67	2	0	0.4	0	100	50	71	
16	2	1	297	68	1	300	0.4	0.656038	0	0	0	
16	2	1	149	69	1	500	0.75	0.825875	0	0	0	
16	2	1	258	70	1	400	0.75	0.866211	0	0	0	
16	2	1	44	71	1	500	0.9	0.918224	0	0	0	
16	2	1	119	72	2	0	0.75	0	200	100	130	
16	2	1	51	73	2	0	0.25	0	200	0	44	
16	2	1	179	74	1	500	0.1	0.105129	0	0	0	
16	2	1	215	75	1	600	0.95	0.893809	0	0	0	
16	2	1	305	76	1	600	0.5	0.658161	0	0	0	
16	2	1	162	77	1	300	0.99	0.989343	0	0	0	
16	2	1	146	78	2	0	0.95	0	100	50	71	
16	2	1	42	79	1	300	0.9	0.82269	0	0	0	
16	2	1	118	80	1	400	0.05	0.0902683	0	0	0	
16	2	1	310	81	1	600	0.6	0.522291	0	0	0	
16	2	1	72	82	1	300	0.25	0.254798	0	0	0	
16	2	1	190	83	1	600	0.4	0.409774	0	0	0	
16	2	1	61	84	2	0	0.4	0	25	0	12.5	
16	2	1	145	85	1	600	0.6	0.703804	0	0	0	
16	2	1	78	86	2	0	0.5	0	75	0	22.5	
16	2	1	21	87	1	200	0.4	0.545644	0	0	0	
16	2	1	233	88	1	400	0.1	0.0934528	0	0	0	
16	2	1	59	89	2	0	0.25	0	200	100	130	
16	2	1	97	90	1	300	0.9	0.796153	0	0	0	
16	2	1	234	91	1	500	0.1	0.118928	0	0	0	
16	2	1	12	92	1	300	0.1	0.0945143	0	0	0	
16	2	1	103	93	1	400	0.95	0.898055	0	0	0	
16	2	1	38	94	1	400	0.75	0.804645	0	0	0	
16	2	1	117	95	1	300	0.05	0.12742	0	0	0	
16	2	1	57	96	2	0	0.25	0	150	50	72	
16	2	1	45	97	2	0	0.1	0	200	150	171	
16	2	1	230	98	1	600	0.05	0.110436	0	0	0	
16	2	1	184	99	1	500	0.25	0.244183	0	0	0	
16	2	2	6	100	1	200	0.05	0.0488706	0	0	0	
16	2	2	102	101	2	0	0.6	0	150	50	92	
16	2	2	101	102	2	0	0.6	0	100	50	67	
16	2	2	14	103	1	500	0.1	0.123174	0	0	0	
16	2	2	164	104	1	500	0.99	0.953252	0	0	0	
16	2	2	199	105	1	500	0.6	0.687882	0	0	0	
16	2	2	122	106	1	300	0.1	0.216585	0	0	0	
16	2	2	62	107	1	300	0.05	0.103006	0	0	0	
16	2	2	26	108	1	200	0.5	0.546705	0	0	0	
16	2	2	165	109	2	0	0.99	0	200	150	175	
16	2	2	124	110	2	0	0.9	0	100	0	42	
16	2	2	208	111	1	400	0.9	0.696374	0	0	0	
16	2	2	67	112	1	300	0.1	0.0892069	0	0	0	
16	2	2	151	113	2	0	0.99	0	25	0	15.5	
16	2	2	125	114	2	0	0.9	0	150	0	51	
16	2	2	54	115	1	500	0.99	0.942638	0	0	0	
16	2	2	270	116	1	600	0.95	0.88001	0	0	0	
16	2	2	250	117	1	600	0.5	0.759001	0	0	0	
16	2	2	22	118	2	0	0.05	0	400	0	72	
16	2	2	119	119	1	500	0.05	0.0923913	0	0	0	
16	2	2	312	120	1	300	0.75	0.608271	0	0	0	
16	2	2	294	121	1	500	0.25	0.403405	0	0	0	
16	2	2	107	122	1	300	0.99	0.968113	0	0	0	
16	2	2	22	123	1	300	0.4	0.562627	0	0	0	
16	2	2	138	124	1	400	0.5	0.504246	0	0	0	
16	2	2	292	125	1	300	0.25	0.316364	0	0	0	
16	2	2	104	126	1	500	0.95	0.814198	0	0	0	
16	2	2	315	127	1	600	0.75	0.695312	0	0	0	
16	2	2	65	128	1	600	0.05	0.0775306	0	0	0	
16	2	2	237	129	1	300	0.25	0.105129	0	0	0	
16	2	2	112	130	1	300	0.01	0.0127802	0	0	0	
16	2	2	1	131	1	200	0.01	0.00641135	0	0	0	
16	2	2	10	132	1	600	0.05	0.109375	0	0	0	
16	2	2	170	133	1	600	0.01	0.0265795	0	0	0	
16	2	2	291	134	1	200	0.25	0.304688	0	0	0	
16	2	2	166	135	1	200	0.01	0.00747283	0	0	0	
16	2	2	185	136	1	600	0.25	0.365192	0	0	0	
16	2	2	37	137	2	0	0.1	0	400	0	104	
16	2	2	54	138	2	0	0.25	0	50	25	35.5	
16	2	2	111	139	2	0	0.75	0	200	0	44	
16	2	2	147	140	1	300	0.75	0.785538	0	0	0	
16	2	2	133	141	2	0	0.9	0	150	100	121	
16	2	2	141	142	1	200	0.6	0.41402	0	0	0	
16	2	2	34	143	1	500	0.6	0.5	0	0	0	
16	2	2	43	144	1	400	0.9	0.694251	0	0	0	
16	2	2	82	145	2	0	0.5	0	400	0	168	
16	2	2	115	146	2	0	0.75	0	75	50	65.5	
16	2	2	44	147	2	0	0.1	0	200	100	126	
16	2	2	194	148	1	500	0.5	0.623132	0	0	0	
16	2	2	77	149	2	0	0.5	0	50	0	11	
16	2	2	81	150	1	200	0.5	0.518045	0	0	0	
16	2	2	191	151	1	200	0.5	0.502123	0	0	0	
16	2	2	262	152	1	300	0.9	0.802522	0	0	0	
16	2	2	140	153	1	600	0.5	0.663468	0	0	0	
16	2	2	150	154	1	600	0.75	0.754755	0	0	0	
16	2	2	189	155	1	500	0.4	0.556258	0	0	0	
16	2	2	76	156	1	200	0.4	0.537152	0	0	0	
16	2	2	76	157	2	0	0.5	0	25	0	10.5	
16	2	2	79	158	1	500	0.4	0.360946	0	0	0	
16	2	2	27	159	2	0	0.05	0	150	50	72	
16	2	2	28	160	2	0	0.05	0	150	100	121	
16	2	2	75	161	2	0	0.4	0	200	150	171	
16	2	2	59	162	1	500	0.01	0.027641	0	0	0	
16	2	2	227	163	1	300	0.05	0.0764691	0	0	0	
16	2	2	128	164	2	0	0.9	0	800	0	400	
16	2	2	109	165	2	0	0.75	0	100	0	46	
16	2	2	63	166	2	0	0.4	0	75	0	31.5	
16	2	2	89	167	2	0	0.5	0	200	100	150	
16	2	2	53	168	1	400	0.99	0.935207	0	0	0	
16	2	2	204	169	1	500	0.75	0.816321	0	0	0	
16	2	2	60	170	1	600	0.01	0.0191491	0	0	0	
16	2	2	3	171	1	400	0.01	0.0159647	0	0	0	
16	2	2	53	172	2	0	0.25	0	800	0	176	
16	2	2	163	173	2	0	0.99	0	150	100	131	
16	2	2	98	174	2	0	0.6	0	800	0	208	
16	2	2	110	175	1	600	0.99	0.935207	0	0	0	
16	2	2	32	176	2	0	0.1	0	50	0	15	
16	2	2	82	177	1	300	0.5	0.546705	0	0	0	
16	2	2	200	178	1	600	0.6	0.59341	0	0	0	
16	2	2	85	179	1	600	0.5	0.659222	0	0	0	
16	2	2	274	180	1	500	0.99	0.942638	0	0	0	
16	2	2	235	181	1	600	0.1	0.0838995	0	0	0	
16	2	2	62	182	2	0	0.4	0	50	0	25	
16	2	2	244	183	1	500	0.4	0.509553	0	0	0	
16	2	2	314	184	1	500	0.75	0.694251	0	0	0	
16	2	2	29	185	1	500	0.5	0.505307	0	0	0	
16	2	2	19	186	2	0	0.05	0	100	0	26	
16	2	2	224	187	1	500	0.01	0.0212721	0	0	0	
16	2	2	145	188	2	0	0.95	0	75	50	64.5	
16	2	2	164	189	2	0	0.99	0	200	100	170	
16	2	2	74	190	2	0	0.4	0	200	100	150	
16	2	2	198	191	1	400	0.6	0.814198	0	0	0	
16	2	2	19	192	1	500	0.25	0.411897	0	0	0	
16	2	2	156	193	2	0	0.99	0	200	0	156	
16	2	2	271	194	1	200	0.99	0.976605	0	0	0	
16	2	2	102	195	1	300	0.95	0.923531	0	0	0	
16	2	2	23	196	1	400	0.4	0.617824	0	0	0	
16	2	2	158	197	1	400	0.95	0.885318	0	0	0	
16	2	2	298	198	1	400	0.4	0.704866	0	0	0	
16	2	3	91	199	2	0	0.6	0	25	0	10.5	
16	2	3	99	200	1	500	0.9	0.830121	0	0	0	
16	2	3	64	201	2	0	0.4	0	100	0	30	
16	2	3	318	202	1	400	0.9	0.777047	0	0	0	
16	2	3	251	203	1	200	0.6	0.5	0	0	0	
16	2	3	47	204	1	300	0.95	0.875764	0	0	0	
16	2	3	69	205	1	500	0.1	0.218708	0	0	0	
16	2	3	299	206	1	500	0.4	0.439496	0	0	0	
16	2	3	210	207	1	600	0.9	0.596595	0	0	0	
16	2	3	131	208	1	200	0.4	0.495754	0	0	0	
16	2	3	257	209	1	300	0.75	0.5	0	0	0	
16	2	3	46	210	2	0	0.25	0	25	0	7.5	
16	2	3	319	211	1	500	0.9	0.825875	0	0	0	
16	2	3	254	212	1	500	0.6	0.830121	0	0	0	
16	2	3	218	213	1	400	0.99	0.968113	0	0	0	
16	2	3	252	214	1	300	0.6	0.768555	0	0	0	
16	2	3	202	215	1	300	0.75	0.856658	0	0	0	
16	2	3	95	216	1	600	0.75	0.771739	0	0	0	
16	2	3	10	217	2	0	0.01	0	75	50	55.5	
16	2	3	87	218	2	0	0.5	0	150	50	100	
16	2	3	152	219	2	0	0.99	0	50	0	15	
16	2	3	84	220	2	0	0.5	0	50	25	35.5	
16	2	3	1	221	2	0	0.01	0	25	0	1.5	
16	2	3	47	222	2	0	0.25	0	50	0	13	
16	2	3	324	223	1	500	0.95	0.858781	0	0	0	
16	2	3	192	224	1	300	0.5	0.529721	0	0	0	
16	2	3	109	225	1	500	0.99	0.972359	0	0	0	
16	2	3	186	226	1	200	0.4	0.598718	0	0	0	
16	2	3	255	227	1	600	0.6	0.814198	0	0	0	
16	2	3	5	228	1	600	0.01	0.0637313	0	0	0	
16	2	3	153	229	1	400	0.9	0.827998	0	0	0	
16	2	3	154	230	1	500	0.9	0.838612	0	0	0	
16	2	3	143	231	1	400	0.6	0.645423	0	0	0	
16	2	3	165	232	1	600	0.99	0.892748	0	0	0	
16	2	3	249	233	1	500	0.5	0.820567	0	0	0	
16	2	3	211	234	1	200	0.95	0.903363	0	0	0	
16	2	3	96	235	2	0	0.6	0	200	0	84	
16	2	3	50	236	1	600	0.95	0.887441	0	0	0	
16	2	3	66	237	2	0	0.4	0	200	0	68	
16	2	3	293	238	1	400	0.25	0.449049	0	0	0	
16	2	3	88	239	2	0	0.5	0	150	100	125	
16	2	3	272	240	1	300	0.99	0.96599	0	0	0	
16	2	3	98	241	1	400	0.9	0.838612	0	0	0	
16	2	3	301	242	1	200	0.5	0.495754	0	0	0	
16	2	3	116	243	2	0	0.75	0	100	50	65	
16	2	3	17	244	2	0	0.05	0	50	0	13	
16	2	3	144	245	1	500	0.6	0.760063	0	0	0	
16	2	3	24	246	1	500	0.4	0.602964	0	0	0	
16	2	3	168	247	1	400	0.01	0.0223336	0	0	0	
16	2	3	283	248	1	400	0.05	0.0616084	0	0	0	
16	2	3	43	249	2	0	0.1	0	150	100	135	
16	2	3	303	250	1	400	0.5	0.588103	0	0	0	
16	2	3	6	251	2	0	0.01	0	200	0	44	
16	2	3	80	252	2	0	0.5	0	150	0	63	
16	2	3	286	253	1	200	0.1	0.145465	0	0	0	
16	2	3	187	254	1	300	0.4	0.316364	0	0	0	
16	2	3	30	255	2	0	0.05	0	200	150	165	
16	2	3	28	256	1	400	0.5	0.717604	0	0	0	
16	2	3	29	257	2	0	0.05	0	200	100	130	
16	2	3	135	258	2	0	0.9	0	200	150	165	
16	2	3	35	259	1	600	0.6	0.651792	0	0	0	
16	2	3	256	260	1	200	0.75	0.701681	0	0	0	
16	2	3	158	261	2	0	0.99	0	800	0	400	
16	2	3	112	262	2	0	0.75	0	400	0	168	
16	2	3	221	263	1	200	0.01	0.0191491	0	0	0	
16	2	3	42	264	2	0	0.1	0	150	50	80	
16	2	3	322	265	1	300	0.95	0.899117	0	0	0	
16	2	3	13	266	1	400	0.1	0.79403	0	0	0	
16	2	3	137	267	2	0	0.95	0	50	0	21	
16	2	3	246	268	1	200	0.5	0.797215	0	0	0	
16	2	3	78	269	1	400	0.4	0.709112	0	0	0	
16	2	3	25	270	2	0	0.05	0	75	50	60.5	
16	2	3	100	271	1	600	0.9	0.909732	0	0	0	
16	2	3	151	272	1	200	0.9	0.806768	0	0	0	
16	2	3	320	273	1	600	0.9	0.795092	0	0	0	
16	2	3	239	274	1	500	0.25	0.42145	0	0	0	
16	2	3	8	275	2	0	0.01	0	800	0	48	
16	2	3	159	276	1	500	0.95	0.84392	0	0	0	
16	2	3	67	277	2	0	0.4	0	400	0	104	
16	2	3	115	278	1	600	0.01	0.0287024	0	0	0	
16	2	3	107	279	2	0	0.75	0	50	0	19	
16	2	3	73	280	1	400	0.25	0.72928	0	0	0	
16	2	3	238	281	1	400	0.25	0.443742	0	0	0	
16	2	3	241	282	1	200	0.4	0.511676	0	0	0	
16	2	3	159	283	2	0	0.99	0	50	25	39.5	
16	2	3	141	284	2	0	0.95	0	200	0	92	
16	2	3	176	285	1	200	0.1	0.117867	0	0	0	
16	2	3	4	286	1	500	0.01	0.0159647	0	0	0	
16	2	3	18	287	1	400	0.25	0.180494	0	0	0	
16	2	3	155	288	1	600	0.9	0.847104	0	0	0	
16	2	3	175	289	1	600	0.05	0.412959	0	0	0	
16	2	3	3	290	2	0	0.01	0	75	0	16.5	
16	2	3	203	291	1	400	0.75	0.628439	0	0	0	
16	2	3	18	292	2	0	0.05	0	75	0	16.5	
16	2	3	96	293	1	200	0.9	0.818444	0	0	0	
16	2	3	117	294	2	0	0.75	0	150	50	92	
16	2	3	302	295	1	300	0.5	0.519107	0	0	0	
16	2	3	264	296	1	500	0.9	0.695312	0	0	0	
16	2	3	209	297	1	500	0.9	0.791907	0	0	0	
16	2	4	39	298	1	500	0.75	0.704866	0	0	0	
16	2	4	2	299	2	0	0.01	0	50	0	9	
16	2	4	174	300	1	500	0.05	0.116805	0	0	0	
16	2	4	313	301	1	400	0.75	0.790846	0	0	0	
16	2	4	133	302	1	400	0.4	0.801461	0	0	0	
16	2	4	33	303	2	0	0.1	0	75	0	16.5	
16	2	4	40	304	1	600	0.75	0.829059	0	0	0	
16	2	4	326	305	1	200	0.99	0.993589	0	0	0	
16	2	4	157	306	2	0	0.99	0	400	0	184	
16	2	4	66	307	1	200	0.1	0.195355	0	0	0	
16	2	4	61	308	1	200	0.05	0.104068	0	0	0	
16	2	4	52	309	1	300	0.99	0.951129	0	0	0	
16	2	4	120	310	1	600	0.05	0.0976987	0	0	0	
16	2	4	7	311	1	300	0.05	0.100883	0	0	0	
16	2	4	97	312	2	0	0.6	0	400	0	104	
16	2	4	38	313	2	0	0.1	0	800	0	176	
16	2	4	154	314	2	0	0.99	0	100	0	66	
16	2	4	4	315	2	0	0.01	0	100	0	10	
16	2	4	144	316	2	0	0.95	0	50	25	31.5	
16	2	4	27	317	1	300	0.5	0.717604	0	0	0	
16	2	4	296	318	1	200	0.4	0.331225	0	0	0	
16	2	4	242	319	1	300	0.4	0.505307	0	0	0	
16	2	4	136	320	1	200	0.5	0.5	0	0	0	
16	2	4	103	321	2	0	0.6	0	150	100	125	
16	2	4	49	322	2	0	0.25	0	100	0	30	
16	2	4	2	323	1	300	0.01	0.0414402	0	0	0	
16	2	4	155	324	2	0	0.99	0	150	0	87	
16	2	4	69	325	2	0	0.4	0	50	25	36.5	
16	2	4	247	326	1	300	0.5	0.508492	0	0	0	
16	2	4	31	327	1	200	0.6	0.5	0	0	0	
16	2	4	15	328	2	0	0.01	0	200	150	161	
16	2	4	169	329	1	500	0.01	0.025518	0	0	0	
16	2	4	75	330	1	600	0.25	0.194293	0	0	0	
16	2	4	36	331	2	0	0.1	0	200	0	44	
16	2	4	56	332	1	200	0.01	0.00641135	0	0	0	
16	2	4	84	333	1	500	0.5	0.530783	0	0	0	
16	2	4	220	334	1	600	0.99	0.969175	0	0	0	
16	2	4	295	335	1	600	0.25	0.235691	0	0	0	
16	2	4	216	336	1	200	0.99	0.972359	0	0	0	
16	2	4	11	337	2	0	0.01	0	100	50	55	
16	2	4	114	338	1	500	0.01	0.0329484	0	0	0	
16	2	4	225	339	1	600	0.01	0.0297639	0	0	0	
16	2	4	130	340	1	600	0.25	0.153957	0	0	0	
16	2	4	23	341	2	0	0.05	0	800	0	48	
16	2	4	167	342	1	300	0.01	0.0297639	0	0	0	
16	2	4	104	343	2	0	0.6	0	200	100	142	
16	2	4	52	344	2	0	0.25	0	400	0	72	
16	2	4	229	345	1	500	0.05	0.111498	0	0	0	
16	2	4	87	346	1	300	0.6	0.505307	0	0	0	
16	2	4	86	347	1	200	0.6	0.520168	0	0	0	
16	2	4	130	348	2	0	0.9	0	75	50	64.5	
16	2	4	276	349	1	200	0.01	0.0287024	0	0	0	
16	2	4	228	350	1	400	0.05	0.052055	0	0	0	
16	2	4	94	351	2	0	0.6	0	100	0	42	
16	2	4	110	352	2	0	0.75	0	150	0	33	
16	2	4	106	353	1	200	0.99	0.984035	0	0	0	
16	2	4	32	354	1	300	0.6	0.511676	0	0	0	
16	2	4	201	355	1	200	0.75	0.595533	0	0	0	
16	2	4	181	356	1	200	0.25	0.447987	0	0	0	
16	2	4	261	357	1	200	0.9	0.751571	0	0	0	
16	2	4	14	358	2	0	0.01	0	200	100	126	
16	2	4	105	359	2	0	0.6	0	200	150	179	
16	2	4	222	360	1	300	0.01	0.0265795	0	0	0	
16	2	4	248	361	1	400	0.5	0.558381	0	0	0	
16	2	4	150	362	2	0	0.95	0	200	150	181	
16	2	4	72	363	2	0	0.4	0	150	50	100	
16	2	4	148	364	2	0	0.95	0	150	100	131	
16	2	4	132	365	2	0	0.9	0	150	50	88	
16	2	4	277	366	1	300	0.01	0.0265795	0	0	0	
16	2	4	137	367	1	300	0.5	0.524414	0	0	0	
16	2	4	213	368	1	400	0.95	0.900178	0	0	0	
16	2	4	68	369	2	0	0.4	0	800	0	176	
16	2	4	123	370	1	400	0.1	0.228261	0	0	0	
16	2	4	139	371	1	500	0.5	0.542459	0	0	0	
16	2	4	134	372	1	500	0.4	0.5	0	0	0	
16	2	4	108	373	1	400	0.99	0.939453	0	0	0	
16	2	4	105	374	1	600	0.95	0.884256	0	0	0	
16	2	4	132	375	1	300	0.4	0.502123	0	0	0	
16	2	4	120	376	2	0	0.75	0	200	150	171	
16	2	4	73	377	2	0	0.4	0	150	100	123	
16	2	4	121	378	2	0	0.9	0	25	0	15.5	
16	2	4	268	379	1	400	0.95	0.899117	0	0	0	
16	2	4	57	380	1	300	0.01	0.0244565	0	0	0	
16	2	4	135	381	1	600	0.4	0.627378	0	0	0	
16	2	4	266	382	1	200	0.95	0.825875	0	0	0	
16	2	4	147	383	2	0	0.95	0	150	50	100	
16	2	4	172	384	1	300	0.05	0.0690387	0	0	0	
16	2	4	11	385	1	200	0.1	0.229322	0	0	0	
16	2	4	243	386	1	400	0.4	0.498939	0	0	0	
16	2	4	41	387	1	200	0.9	0.725034	0	0	0	
16	2	4	68	388	1	400	0.1	0.152896	0	0	0	
16	2	4	152	389	1	300	0.9	0.808891	0	0	0	
16	2	4	93	390	1	400	0.75	0.761124	0	0	0	
16	2	4	20	391	1	600	0.25	0.383237	0	0	0	
16	2	4	93	392	2	0	0.6	0	75	0	31.5	
16	2	4	163	393	1	400	0.99	0.59341	0	0	0	
16	2	4	161	394	1	200	0.99	0.976605	0	0	0	
16	2	4	127	395	1	300	0.25	0.694251	0	0	0	
16	2	4	88	396	1	400	0.6	0.577488	0	0	0	
16	2	5	60	397	2	0	0.25	0	200	150	171	
16	2	5	140	398	2	0	0.95	0	150	0	99	
16	2	5	89	399	1	500	0.6	0.798276	0	0	0	
16	2	5	207	400	1	300	0.9	0.874703	0	0	0	
16	2	5	8	401	1	400	0.05	0.104068	0	0	0	
16	2	5	325	402	1	600	0.95	0.85135	0	0	0	
16	2	5	231	403	1	200	0.1	0.211277	0	0	0	
16	2	5	162	404	2	0	0.99	0	150	50	100	
16	2	5	146	405	1	200	0.75	0.495754	0	0	0	
16	2	5	63	406	1	400	0.05	0.295134	0	0	0	
16	2	5	307	407	1	300	0.6	0.718665	0	0	0	
16	2	5	81	408	2	0	0.5	0	200	0	84	
16	2	5	279	409	1	500	0.01	0.0616084	0	0	0	
16	2	5	321	410	1	200	0.95	0.895932	0	0	0	
16	2	5	126	411	2	0	0.9	0	200	0	84	
16	2	5	143	412	2	0	0.95	0	800	0	176	
16	2	5	236	413	1	200	0.25	0.289827	0	0	0	
16	2	5	281	414	1	200	0.05	0.301503	0	0	0	
16	2	5	309	415	1	500	0.6	0.535029	0	0	0	
16	2	5	317	416	1	300	0.9	0.799338	0	0	0	
16	2	5	71	417	1	200	0.25	0.60721	0	0	0	
16	2	5	260	418	1	600	0.75	0.723972	0	0	0	
16	2	5	188	419	1	400	0.4	0.538213	0	0	0	
16	2	5	86	420	2	0	0.5	0	100	50	75	
16	2	5	226	421	1	200	0.05	0.0711617	0	0	0	
16	2	5	17	422	1	300	0.25	0.211277	0	0	0	
16	2	5	139	423	2	0	0.95	0	100	0	50	
16	2	5	108	424	2	0	0.75	0	75	0	19.5	
16	2	5	267	425	1	300	0.95	0.899117	0	0	0	
16	2	5	196	426	1	200	0.6	0.504246	0	0	0	
16	2	5	91	427	1	200	0.75	0.694251	0	0	0	
16	2	5	113	428	2	0	0.75	0	800	0	80	
16	2	5	136	429	2	0	0.95	0	25	0	6.5	
16	2	5	25	430	1	600	0.4	0.510615	0	0	0	
16	2	5	111	431	1	200	0.01	0.0223336	0	0	0	
16	2	5	100	432	2	0	0.6	0	75	50	64.5	
16	2	5	193	433	1	400	0.5	0.5	0	0	0	
16	2	5	90	434	2	0	0.5	0	200	150	177	
16	2	5	280	435	1	600	0.01	0.0244565	0	0	0	
16	2	5	5	436	2	0	0.01	0	150	0	33	
16	2	5	219	437	1	500	0.99	0.972359	0	0	0	
16	2	5	34	438	2	0	0.1	0	100	0	22	
16	2	5	16	439	1	200	0.25	0.452233	0	0	0	
16	2	5	157	440	1	300	0.95	0.66453	0	0	0	
16	2	5	64	441	1	500	0.05	0.175187	0	0	0	
16	2	5	74	442	1	500	0.25	0.293011	0	0	0	
16	2	5	9	443	2	0	0.01	0	50	25	31.5	
16	2	5	149	444	2	0	0.95	0	200	100	142	
16	2	5	39	445	2	0	0.1	0	50	25	35.5	
16	2	5	48	446	1	400	0.95	0.59341	0	0	0	
16	2	5	127	447	2	0	0.9	0	400	0	152	
16	2	5	304	448	1	500	0.5	0.59341	0	0	0	
16	2	5	55	449	1	600	0.99	0.911855	0	0	0	
16	2	5	79	450	2	0	0.5	0	100	0	58	
16	2	5	99	451	2	0	0.6	0	50	25	44.5	
16	2	5	95	452	2	0	0.6	0	150	0	51	
16	2	5	259	453	1	500	0.75	0.715481	0	0	0	
16	2	5	50	454	2	0	0.25	0	150	0	51	
16	2	5	205	455	1	600	0.75	0.608271	0	0	0	
16	2	5	212	456	1	300	0.95	0.799338	0	0	0	
16	2	5	290	457	1	600	0.1	0.143342	0	0	0	
16	2	5	328	458	1	400	0.99	0.947945	0	0	0	
16	2	5	83	459	2	0	0.5	0	800	0	368	
16	2	5	36	460	1	200	0.75	0.773862	0	0	0	
16	2	5	58	461	2	0	0.25	0	150	100	121	
16	2	5	114	462	2	0	0.75	0	50	25	37.5	
16	2	5	195	463	1	600	0.5	0.504246	0	0	0	
16	2	5	70	464	2	0	0.4	0	75	50	64.5	
16	2	5	55	465	2	0	0.25	0	75	50	57.5	
16	2	5	45	466	1	600	0.9	0.869395	0	0	0	
16	2	5	118	467	2	0	0.75	0	150	100	129	
16	2	5	323	468	1	400	0.95	0.896994	0	0	0	
16	2	5	329	469	1	500	0.99	0.956437	0	0	0	
16	2	5	173	470	1	400	0.05	0.0955757	0	0	0	
16	2	5	16	471	2	0	0.05	0	25	0	8.5	
16	2	5	265	472	1	600	0.9	0.802522	0	0	0	
16	2	5	327	473	1	300	0.99	0.991466	0	0	0	
16	2	5	123	474	2	0	0.9	0	75	0	31.5	
16	2	5	70	475	1	600	0.1	0.187925	0	0	0	
16	2	5	284	476	1	500	0.05	0.109375	0	0	0	
16	2	5	182	477	1	300	0.25	0.256921	0	0	0	
16	2	5	83	478	1	400	0.5	0.449049	0	0	0	
16	2	5	217	479	1	300	0.99	0.975543	0	0	0	
16	2	5	308	480	1	400	0.6	0.59341	0	0	0	
16	2	5	183	481	1	400	0.25	0.397036	0	0	0	
16	2	5	206	482	1	200	0.9	0.309995	0	0	0	
16	2	5	148	483	1	400	0.75	0.735649	0	0	0	
16	2	5	156	484	1	200	0.95	0.840735	0	0	0	
16	2	5	142	485	1	300	0.6	0.599779	0	0	0	
16	2	5	46	486	1	200	0.95	0.88001	0	0	0	
16	2	5	240	487	1	600	0.25	0.467094	0	0	0	
16	2	5	126	488	1	200	0.25	0.368376	0	0	0	
16	2	5	269	489	1	500	0.95	0.801461	0	0	0	
16	2	5	138	490	2	0	0.95	0	75	0	40.5	
16	2	5	80	491	1	600	0.4	0.687882	0	0	0	
16	2	5	180	492	1	600	0.1	0.207031	0	0	0	
16	2	5	20	493	2	0	0.05	0	150	0	39	
16	2	5	330	494	1	600	0.99	0.977666	0	0	0	
16	2	5	121	495	1	200	0.1	0.101945	0	0	0	
