Subject#	Session#	Block#	Stim#	Trial#	Task	Numerosity	P_true	P_reported	x1	x2	CE	
14	1	1	137	1	2	0	0.95	0	50	0	45	
14	1	1	151	2	2	0	0.99	0	25	0	24.5	
14	1	1	33	3	1	400	0.6	0.744508	0	0	0	
14	1	1	101	4	2	0	0.6	0	100	50	59	
14	1	1	187	5	1	300	0.4	0.504582	0	0	0	
14	1	1	77	6	2	0	0.5	0	50	0	29	
14	1	1	148	7	2	0	0.95	0	150	100	109	
14	1	1	22	8	1	300	0.4	0.719191	0	0	0	
14	1	1	139	9	1	500	0.5	0.496793	0	0	0	
14	1	1	297	10	1	300	0.4	0.610761	0	0	0	
14	1	1	40	11	1	600	0.75	0.893876	0	0	0	
14	1	1	149	12	2	0	0.95	0	200	100	118	
14	1	1	302	13	1	300	0.5	0.695945	0	0	0	
14	1	1	306	14	1	200	0.6	0.695569	0	0	0	
14	1	1	99	15	1	500	0.9	0.895455	0	0	0	
14	1	1	101	16	1	200	0.95	0.94568	0	0	0	
14	1	1	35	17	2	0	0.1	0	150	0	15	
14	1	1	61	18	2	0	0.4	0	25	0	12.5	
14	1	1	326	19	1	200	0.99	0.982386	0	0	0	
14	1	1	232	20	1	300	0.1	0.0277781	0	0	0	
14	1	1	104	21	2	0	0.6	0	200	100	122	
14	1	1	120	22	1	600	0.05	0.0600736	0	0	0	
14	1	1	146	23	2	0	0.95	0	100	50	91	
14	1	1	84	24	1	500	0.5	0.505157	0	0	0	
14	1	1	29	25	1	500	0.5	0.49789	0	0	0	
14	1	1	58	26	2	0	0.25	0	150	100	101	
14	1	1	126	27	2	0	0.9	0	200	0	100	
14	1	1	91	28	1	200	0.75	0.705662	0	0	0	
14	1	1	163	29	1	400	0.99	0.955132	0	0	0	
14	1	1	111	30	1	200	0.01	0.0229306	0	0	0	
14	1	1	140	31	1	600	0.5	0.75805	0	0	0	
14	1	1	318	32	1	400	0.9	0.796626	0	0	0	
14	1	1	158	33	1	400	0.95	0.896618	0	0	0	
14	1	1	52	34	1	300	0.99	0.956118	0	0	0	
14	1	1	175	35	1	600	0.05	0.0501886	0	0	0	
14	1	1	59	36	1	500	0.01	0.0197816	0	0	0	
14	1	1	100	37	1	600	0.9	0.963566	0	0	0	
14	1	1	292	38	1	300	0.25	0.187381	0	0	0	
14	1	1	229	39	1	500	0.05	0.0876721	0	0	0	
14	1	1	170	40	1	600	0.01	0.0218736	0	0	0	
14	1	1	144	41	1	500	0.6	0.928484	0	0	0	
14	1	1	13	42	2	0	0.01	0	150	100	109	
14	1	1	291	43	1	200	0.25	0.524733	0	0	0	
14	1	1	104	44	1	500	0.95	0.887732	0	0	0	
14	1	1	145	45	1	600	0.6	0.507674	0	0	0	
14	1	1	295	46	1	600	0.25	0.296647	0	0	0	
14	1	1	181	47	1	200	0.25	0.413228	0	0	0	
14	1	1	38	48	1	400	0.75	0.805109	0	0	0	
14	1	1	120	49	2	0	0.75	0	200	150	177	
14	1	1	126	50	1	200	0.25	0.313224	0	0	0	
14	1	1	315	51	1	600	0.75	0.7912	0	0	0	
14	1	1	3	52	1	400	0.01	0.0343018	0	0	0	
14	1	1	8	53	1	400	0.05	0.10539	0	0	0	
14	1	1	203	54	1	400	0.75	0.908445	0	0	0	
14	1	1	256	55	1	200	0.75	0.800594	0	0	0	
14	1	1	20	56	2	0	0.05	0	150	0	21	
14	1	1	133	57	1	400	0.4	0.54383	0	0	0	
14	1	1	42	58	2	0	0.1	0	150	50	60	
14	1	1	12	59	2	0	0.01	0	150	50	72	
14	1	1	202	60	1	300	0.75	0.799183	0	0	0	
14	1	1	50	61	2	0	0.25	0	150	0	33	
14	1	1	8	62	2	0	0.01	0	800	0	112	
14	1	1	328	63	1	400	0.99	0.940063	0	0	0	
14	1	1	165	64	1	600	0.99	0.929373	0	0	0	
14	1	1	172	65	1	300	0.05	0.0372872	0	0	0	
14	1	1	323	66	1	400	0.95	0.932868	0	0	0	
14	1	1	2	67	2	0	0.01	0	50	0	11	
14	1	1	161	68	2	0	0.99	0	100	50	89	
14	1	1	266	69	1	200	0.95	0.896804	0	0	0	
14	1	1	158	70	2	0	0.99	0	800	0	176	
14	1	1	41	71	1	200	0.9	0.806321	0	0	0	
14	1	1	185	72	1	600	0.25	0.329659	0	0	0	
14	1	1	207	73	1	300	0.9	0.696679	0	0	0	
14	1	1	93	74	2	0	0.6	0	75	0	37.5	
14	1	1	42	75	1	300	0.9	0.806534	0	0	0	
14	1	1	112	76	2	0	0.75	0	400	0	280	
14	1	1	11	77	1	200	0.1	0.111732	0	0	0	
14	1	1	192	78	1	300	0.5	0.405625	0	0	0	
14	1	1	55	79	1	600	0.99	0.935278	0	0	0	
14	1	1	94	80	1	500	0.75	0.810284	0	0	0	
14	1	1	32	81	1	300	0.6	0.502278	0	0	0	
14	1	1	123	82	1	400	0.1	0.105204	0	0	0	
14	1	1	45	83	2	0	0.1	0	200	150	151	
14	1	1	65	84	1	600	0.05	0.0898924	0	0	0	
14	1	1	235	85	1	600	0.1	0.0940853	0	0	0	
14	1	1	136	86	2	0	0.95	0	25	0	14.5	
14	1	1	140	87	2	0	0.95	0	150	0	81	
14	1	1	35	88	1	600	0.6	0.799183	0	0	0	
14	1	1	269	89	1	500	0.95	0.895375	0	0	0	
14	1	1	15	90	2	0	0.01	0	200	150	159	
14	1	1	90	91	2	0	0.5	0	200	150	159	
14	1	1	88	92	2	0	0.5	0	150	100	119	
14	1	1	262	93	1	300	0.9	0.801054	0	0	0	
14	1	1	243	94	1	400	0.4	0.507886	0	0	0	
14	1	1	81	95	1	200	0.5	0.502012	0	0	0	
14	1	1	1	96	2	0	0.01	0	25	0	4.5	
14	1	1	38	97	2	0	0.1	0	800	0	144	
14	1	1	6	98	2	0	0.01	0	200	0	12	
14	1	1	299	99	1	500	0.4	0.437514	0	0	0	
14	1	2	320	100	1	600	0.9	0.807135	0	0	0	
14	1	2	54	101	1	500	0.99	0.957945	0	0	0	
14	1	2	276	102	1	200	0.01	0.0344123	0	0	0	
14	1	2	321	103	1	200	0.95	0.896295	0	0	0	
14	1	2	270	104	1	600	0.95	0.860337	0	0	0	
14	1	2	164	105	2	0	0.99	0	200	100	182	
14	1	2	327	106	1	300	0.99	0.979303	0	0	0	
14	1	2	96	107	1	200	0.9	0.88365	0	0	0	
14	1	2	115	108	1	600	0.01	0.0468847	0	0	0	
14	1	2	76	109	1	200	0.4	0.400177	0	0	0	
14	1	2	314	110	1	500	0.75	0.799661	0	0	0	
14	1	2	125	111	2	0	0.9	0	150	0	63	
14	1	2	258	112	1	400	0.75	0.784941	0	0	0	
14	1	2	64	113	2	0	0.4	0	100	0	38	
14	1	2	10	114	1	600	0.05	0.0750936	0	0	0	
14	1	2	268	115	1	400	0.95	0.902642	0	0	0	
14	1	2	255	116	1	600	0.6	0.716263	0	0	0	
14	1	2	226	117	1	200	0.05	0.075872	0	0	0	
14	1	2	69	118	1	500	0.1	0.197858	0	0	0	
14	1	2	162	119	2	0	0.99	0	150	50	128	
14	1	2	48	120	1	400	0.95	0.839134	0	0	0	
14	1	2	95	121	2	0	0.6	0	150	0	57	
14	1	2	102	122	1	300	0.95	0.821492	0	0	0	
14	1	2	272	123	1	300	0.99	0.898383	0	0	0	
14	1	2	301	124	1	200	0.5	0.609651	0	0	0	
14	1	2	27	125	2	0	0.05	0	150	50	60	
14	1	2	47	126	1	300	0.95	0.895344	0	0	0	
14	1	2	153	127	2	0	0.99	0	75	0	58.5	
14	1	2	253	128	1	400	0.6	0.699872	0	0	0	
14	1	2	123	129	2	0	0.9	0	75	0	46.5	
14	1	2	124	130	2	0	0.9	0	100	0	22	
14	1	2	53	131	1	400	0.99	0.95729	0	0	0	
14	1	2	114	132	1	500	0.01	0.0336737	0	0	0	
14	1	2	73	133	1	400	0.25	0.109415	0	0	0	
14	1	2	284	134	1	500	0.05	0.075244	0	0	0	
14	1	2	178	135	1	400	0.1	0.102436	0	0	0	
14	1	2	116	136	1	200	0.05	0.0414004	0	0	0	
14	1	2	136	137	1	200	0.5	0.477581	0	0	0	
14	1	2	106	138	2	0	0.75	0	25	0	10.5	
14	1	2	265	139	1	600	0.9	0.782173	0	0	0	
14	1	2	159	140	2	0	0.99	0	50	25	49.5	
14	1	2	72	141	2	0	0.4	0	150	50	68	
14	1	2	21	142	2	0	0.05	0	200	0	20	
14	1	2	108	143	2	0	0.75	0	75	0	28.5	
14	1	2	39	144	1	500	0.75	0.592725	0	0	0	
14	1	2	105	145	1	600	0.95	0.881717	0	0	0	
14	1	2	9	146	1	500	0.05	0.105717	0	0	0	
14	1	2	304	147	1	500	0.5	0.603419	0	0	0	
14	1	2	6	148	1	200	0.05	0.104311	0	0	0	
14	1	2	201	149	1	200	0.75	0.705932	0	0	0	
14	1	2	261	150	1	200	0.9	0.803486	0	0	0	
14	1	2	63	151	2	0	0.4	0	75	0	19.5	
14	1	2	105	152	2	0	0.6	0	200	150	171	
14	1	2	205	153	1	600	0.75	0.695445	0	0	0	
14	1	2	135	154	1	600	0.4	0.501203	0	0	0	
14	1	2	79	155	1	500	0.4	0.4282	0	0	0	
14	1	2	14	156	2	0	0.01	0	200	100	118	
14	1	2	131	157	2	0	0.9	0	100	50	85	
14	1	2	121	158	2	0	0.9	0	25	0	19.5	
14	1	2	233	159	1	400	0.1	0.0950229	0	0	0	
14	1	2	134	160	1	500	0.4	0.294042	0	0	0	
14	1	2	75	161	1	600	0.25	0.248889	0	0	0	
14	1	2	227	162	1	300	0.05	0.0250536	0	0	0	
14	1	2	294	163	1	500	0.25	0.199738	0	0	0	
14	1	2	259	164	1	500	0.75	0.896291	0	0	0	
14	1	2	155	165	2	0	0.99	0	150	0	99	
14	1	2	70	166	2	0	0.4	0	75	50	59.5	
14	1	2	141	167	2	0	0.95	0	200	0	100	
14	1	2	51	168	1	200	0.99	0.961629	0	0	0	
14	1	2	113	169	1	400	0.01	0.0546468	0	0	0	
14	1	2	100	170	2	0	0.6	0	75	50	55.5	
14	1	2	248	171	1	400	0.5	0.500341	0	0	0	
14	1	2	156	172	2	0	0.99	0	200	0	84	
14	1	2	125	173	1	600	0.1	0.0278179	0	0	0	
14	1	2	97	174	2	0	0.6	0	400	0	72	
14	1	2	128	175	2	0	0.9	0	800	0	304	
14	1	2	58	176	1	400	0.01	0.0233552	0	0	0	
14	1	2	37	177	2	0	0.1	0	400	0	56	
14	1	2	80	178	2	0	0.5	0	150	0	33	
14	1	2	151	179	1	200	0.9	0.691173	0	0	0	
14	1	2	305	180	1	600	0.5	0.705171	0	0	0	
14	1	2	322	181	1	300	0.95	0.867507	0	0	0	
14	1	2	190	182	1	600	0.4	0.506081	0	0	0	
14	1	2	4	183	1	500	0.01	0.0418869	0	0	0	
14	1	2	150	184	2	0	0.95	0	200	150	189	
14	1	2	25	185	1	600	0.4	0.406837	0	0	0	
14	1	2	195	186	1	600	0.5	0.50119	0	0	0	
14	1	2	67	187	2	0	0.4	0	400	0	104	
14	1	2	97	188	1	300	0.9	0.794596	0	0	0	
14	1	2	91	189	2	0	0.6	0	25	0	15.5	
14	1	2	157	190	2	0	0.99	0	400	0	200	
14	1	2	4	191	2	0	0.01	0	100	0	18	
14	1	2	200	192	1	600	0.6	0.630363	0	0	0	
14	1	2	85	193	1	600	0.5	0.496851	0	0	0	
14	1	2	109	194	1	500	0.99	0.980386	0	0	0	
14	1	2	312	195	1	300	0.75	0.600522	0	0	0	
14	1	2	264	196	1	500	0.9	0.908524	0	0	0	
14	1	2	15	197	1	600	0.1	0.104926	0	0	0	
14	1	2	119	198	1	500	0.05	0.0279683	0	0	0	
14	1	3	31	199	1	200	0.6	0.714994	0	0	0	
14	1	3	14	200	1	500	0.1	0.104899	0	0	0	
14	1	3	209	201	1	500	0.9	0.902239	0	0	0	
14	1	3	10	202	2	0	0.01	0	75	50	54.5	
14	1	3	228	203	1	400	0.05	0.116522	0	0	0	
14	1	3	174	204	1	500	0.05	0.0995253	0	0	0	
14	1	3	199	205	1	500	0.6	0.818051	0	0	0	
14	1	3	89	206	1	500	0.6	0.801956	0	0	0	
14	1	3	117	207	2	0	0.75	0	150	50	100	
14	1	3	239	208	1	500	0.25	0.29896	0	0	0	
14	1	3	281	209	1	200	0.05	0.0986762	0	0	0	
14	1	3	81	210	2	0	0.5	0	200	0	36	
14	1	3	230	211	1	600	0.05	0.0398038	0	0	0	
14	1	3	161	212	1	200	0.99	0.964035	0	0	0	
14	1	3	168	213	1	400	0.01	0.0359338	0	0	0	
14	1	3	198	214	1	400	0.6	0.699523	0	0	0	
14	1	3	118	215	2	0	0.75	0	150	100	129	
14	1	3	165	216	2	0	0.99	0	200	150	191	
14	1	3	53	217	2	0	0.25	0	800	0	176	
14	1	3	77	218	1	300	0.4	0.488271	0	0	0	
14	1	3	114	219	2	0	0.75	0	50	25	44.5	
14	1	3	122	220	1	300	0.1	0.0915952	0	0	0	
14	1	3	316	221	1	200	0.9	0.903836	0	0	0	
14	1	3	5	222	1	600	0.01	0.0167564	0	0	0	
14	1	3	149	223	1	500	0.75	0.866224	0	0	0	
14	1	3	310	224	1	600	0.6	0.510814	0	0	0	
14	1	3	34	225	2	0	0.1	0	100	0	10	
14	1	3	57	226	2	0	0.25	0	150	50	100	
14	1	3	142	227	1	300	0.6	0.707918	0	0	0	
14	1	3	129	228	1	500	0.25	0.206403	0	0	0	
14	1	3	215	229	1	600	0.95	0.956415	0	0	0	
14	1	3	251	230	1	200	0.6	0.720461	0	0	0	
14	1	3	166	231	1	200	0.01	0.0178621	0	0	0	
14	1	3	257	232	1	300	0.75	0.882133	0	0	0	
14	1	3	108	233	1	400	0.99	0.937967	0	0	0	
14	1	3	274	234	1	500	0.99	0.968967	0	0	0	
14	1	3	186	235	1	200	0.4	0.912394	0	0	0	
14	1	3	95	236	1	600	0.75	0.743362	0	0	0	
14	1	3	131	237	1	200	0.4	0.470632	0	0	0	
14	1	3	33	238	2	0	0.1	0	75	0	19.5	
14	1	3	24	239	1	500	0.4	0.491309	0	0	0	
14	1	3	44	240	1	500	0.9	0.845238	0	0	0	
14	1	3	98	241	1	400	0.9	0.875729	0	0	0	
14	1	3	47	242	2	0	0.25	0	50	0	19	
14	1	3	74	243	2	0	0.4	0	200	100	142	
14	1	3	78	244	2	0	0.5	0	75	0	10.5	
14	1	3	55	245	2	0	0.25	0	75	50	59.5	
14	1	3	17	246	1	300	0.25	0.199313	0	0	0	
14	1	3	219	247	1	500	0.99	0.974535	0	0	0	
14	1	3	11	248	2	0	0.01	0	100	50	61	
14	1	3	223	249	1	400	0.01	0.0216215	0	0	0	
14	1	3	154	250	1	500	0.9	0.901541	0	0	0	
14	1	3	25	251	2	0	0.05	0	75	50	55.5	
14	1	3	208	252	1	400	0.9	0.894327	0	0	0	
14	1	3	103	253	1	400	0.95	0.794035	0	0	0	
14	1	3	244	254	1	500	0.4	0.599934	0	0	0	
14	1	3	129	255	2	0	0.9	0	50	25	30.5	
14	1	3	113	256	2	0	0.75	0	800	0	176	
14	1	3	24	257	2	0	0.05	0	50	25	34.5	
14	1	3	72	258	1	300	0.25	0.407333	0	0	0	
14	1	3	1	259	1	200	0.01	0.0226564	0	0	0	
14	1	3	89	260	2	0	0.5	0	200	100	150	
14	1	3	148	261	1	400	0.75	0.80848	0	0	0	
14	1	3	278	262	1	400	0.01	0.0332005	0	0	0	
14	1	3	32	263	2	0	0.1	0	50	0	11	
14	1	3	51	264	2	0	0.25	0	200	0	36	
14	1	3	303	265	1	400	0.5	0.507656	0	0	0	
14	1	3	52	266	2	0	0.25	0	400	0	56	
14	1	3	83	267	2	0	0.5	0	800	0	112	
14	1	3	267	268	1	300	0.95	0.895366	0	0	0	
14	1	3	271	269	1	200	0.99	0.970515	0	0	0	
14	1	3	2	270	1	300	0.01	0.0411881	0	0	0	
14	1	3	154	271	2	0	0.99	0	100	0	50	
14	1	3	260	272	1	600	0.75	0.699253	0	0	0	
14	1	3	31	273	2	0	0.1	0	25	0	5.5	
14	1	3	141	274	1	200	0.6	0.813177	0	0	0	
14	1	3	218	275	1	400	0.99	0.899165	0	0	0	
14	1	3	135	276	2	0	0.9	0	200	150	169	
14	1	3	13	277	1	400	0.1	0.124413	0	0	0	
14	1	3	246	278	1	200	0.5	0.50084	0	0	0	
14	1	3	134	279	2	0	0.9	0	200	100	150	
14	1	3	156	280	1	200	0.95	0.919869	0	0	0	
14	1	3	279	281	1	500	0.01	0.0197285	0	0	0	
14	1	3	298	282	1	400	0.4	0.517563	0	0	0	
14	1	3	60	283	2	0	0.25	0	200	150	175	
14	1	3	330	284	1	600	0.99	0.991771	0	0	0	
14	1	3	160	285	2	0	0.99	0	75	50	64.5	
14	1	3	67	286	1	300	0.1	0.0825063	0	0	0	
14	1	3	34	287	1	500	0.6	0.893916	0	0	0	
14	1	3	240	288	1	600	0.25	0.492884	0	0	0	
14	1	3	127	289	1	300	0.25	0.5	0	0	0	
14	1	3	143	290	2	0	0.95	0	800	0	208	
14	1	3	313	291	1	400	0.75	0.798537	0	0	0	
14	1	3	182	292	1	300	0.25	0.384201	0	0	0	
14	1	3	90	293	1	600	0.6	0.891921	0	0	0	
14	1	3	29	294	2	0	0.05	0	200	100	122	
14	1	3	98	295	2	0	0.6	0	800	0	112	
14	1	3	293	296	1	400	0.25	0.361592	0	0	0	
14	1	3	317	297	1	300	0.9	0.860444	0	0	0	
14	1	4	152	298	2	0	0.99	0	50	0	25	
14	1	4	78	299	1	400	0.4	0.509301	0	0	0	
14	1	4	87	300	1	300	0.6	0.703265	0	0	0	
14	1	4	30	301	1	600	0.5	0.544308	0	0	0	
14	1	4	176	302	1	200	0.1	0.0581807	0	0	0	
14	1	4	66	303	1	200	0.1	0.0520771	0	0	0	
14	1	4	71	304	1	200	0.25	0.217098	0	0	0	
14	1	4	132	305	2	0	0.9	0	150	50	100	
14	1	4	121	306	1	200	0.1	0.0951644	0	0	0	
14	1	4	221	307	1	200	0.01	0.0516083	0	0	0	
14	1	4	93	308	1	400	0.75	0.781611	0	0	0	
14	1	4	167	309	1	300	0.01	0.106182	0	0	0	
14	1	4	319	310	1	500	0.9	0.906162	0	0	0	
14	1	4	139	311	2	0	0.95	0	100	0	50	
14	1	4	249	312	1	500	0.5	0.509054	0	0	0	
14	1	4	57	313	1	300	0.01	0.0274198	0	0	0	
14	1	4	106	314	1	200	0.99	0.984327	0	0	0	
14	1	4	73	315	2	0	0.4	0	150	100	111	
14	1	4	189	316	1	500	0.4	0.290181	0	0	0	
14	1	4	65	317	2	0	0.4	0	150	0	33	
14	1	4	245	318	1	600	0.4	0.48954	0	0	0	
14	1	4	43	319	2	0	0.1	0	150	100	119	
14	1	4	88	320	1	400	0.6	0.60498	0	0	0	
14	1	4	66	321	2	0	0.4	0	200	0	60	
14	1	4	216	322	1	200	0.99	0.0630281	0	0	0	
14	1	4	282	323	1	300	0.05	0.514029	0	0	0	
14	1	4	280	324	1	600	0.01	0.0491935	0	0	0	
14	1	4	191	325	1	200	0.5	0.645896	0	0	0	
14	1	4	254	326	1	500	0.6	0.679448	0	0	0	
14	1	4	171	327	1	200	0.05	0.0539038	0	0	0	
14	1	4	204	328	1	500	0.75	0.860691	0	0	0	
14	1	4	119	329	2	0	0.75	0	200	100	150	
14	1	4	84	330	2	0	0.5	0	50	25	39.5	
14	1	4	83	331	1	400	0.5	0.496462	0	0	0	
14	1	4	110	332	2	0	0.75	0	150	0	57	
14	1	4	92	333	2	0	0.6	0	50	0	29	
14	1	4	82	334	2	0	0.5	0	400	0	88	
14	1	4	128	335	1	400	0.25	0.114581	0	0	0	
14	1	4	76	336	2	0	0.5	0	25	0	19.5	
14	1	4	197	337	1	300	0.6	0.693486	0	0	0	
14	1	4	19	338	2	0	0.05	0	100	0	26	
14	1	4	162	339	1	300	0.99	0.983597	0	0	0	
14	1	4	7	340	1	300	0.05	0.0345406	0	0	0	
14	1	4	157	341	1	300	0.95	0.935057	0	0	0	
14	1	4	41	342	2	0	0.1	0	100	50	71	
14	1	4	193	343	1	400	0.5	0.491309	0	0	0	
14	1	4	75	344	2	0	0.4	0	200	150	179	
14	1	4	250	345	1	600	0.5	0.61039	0	0	0	
14	1	4	46	346	1	200	0.95	0.884283	0	0	0	
14	1	4	46	347	2	0	0.25	0	25	0	14.5	
14	1	4	115	348	2	0	0.75	0	75	50	70.5	
14	1	4	124	349	1	500	0.1	0.076761	0	0	0	
14	1	4	308	350	1	400	0.6	0.607979	0	0	0	
14	1	4	147	351	2	0	0.95	0	150	50	100	
14	1	4	64	352	1	500	0.05	0.104408	0	0	0	
14	1	4	68	353	1	400	0.1	0.0462434	0	0	0	
14	1	4	159	354	1	500	0.95	0.91411	0	0	0	
14	1	4	236	355	1	200	0.25	0.430995	0	0	0	
14	1	4	82	356	1	300	0.5	0.496484	0	0	0	
14	1	4	225	357	1	600	0.01	0.0357436	0	0	0	
14	1	4	49	358	2	0	0.25	0	100	0	34	
14	1	4	288	359	1	400	0.1	0.178738	0	0	0	
14	1	4	155	360	1	600	0.9	0.882244	0	0	0	
14	1	4	7	361	2	0	0.01	0	400	0	40	
14	1	4	39	362	2	0	0.1	0	50	25	35.5	
14	1	4	145	363	2	0	0.95	0	75	50	70.5	
14	1	4	211	364	1	200	0.95	0.943336	0	0	0	
14	1	4	94	365	2	0	0.6	0	100	0	50	
14	1	4	56	366	1	200	0.01	0.0364291	0	0	0	
14	1	4	23	367	1	400	0.4	0.513317	0	0	0	
14	1	4	241	368	1	200	0.4	0.496143	0	0	0	
14	1	4	122	369	2	0	0.9	0	50	0	25	
14	1	4	138	370	1	400	0.5	0.5	0	0	0	
14	1	4	62	371	1	300	0.05	0.0649874	0	0	0	
14	1	4	107	372	1	300	0.99	0.968348	0	0	0	
14	1	4	210	373	1	600	0.9	0.939285	0	0	0	
14	1	4	273	374	1	400	0.99	0.986167	0	0	0	
14	1	4	307	375	1	300	0.6	0.625839	0	0	0	
14	1	4	237	376	1	300	0.25	0.72671	0	0	0	
14	1	4	152	377	1	300	0.9	0.701385	0	0	0	
14	1	4	238	378	1	400	0.25	0.362131	0	0	0	
14	1	4	70	379	1	600	0.1	0.0443549	0	0	0	
14	1	4	153	380	1	400	0.9	0.922399	0	0	0	
14	1	4	213	381	1	400	0.95	0.960979	0	0	0	
14	1	4	26	382	2	0	0.05	0	100	50	79	
14	1	4	5	383	2	0	0.01	0	150	0	33	
14	1	4	127	384	2	0	0.9	0	400	0	152	
14	1	4	130	385	2	0	0.9	0	75	50	69.5	
14	1	4	252	386	1	300	0.6	0.669859	0	0	0	
14	1	4	79	387	2	0	0.5	0	100	0	30	
14	1	4	16	388	2	0	0.05	0	25	0	5.5	
14	1	4	116	389	2	0	0.75	0	100	50	81	
14	1	4	311	390	1	200	0.75	0.813999	0	0	0	
14	1	4	17	391	2	0	0.05	0	50	0	11	
14	1	4	74	392	1	500	0.25	0.198119	0	0	0	
14	1	4	231	393	1	200	0.1	0.107955	0	0	0	
14	1	4	212	394	1	300	0.95	0.874734	0	0	0	
14	1	4	20	395	1	600	0.25	0.0663496	0	0	0	
14	1	4	325	396	1	600	0.95	0.96672	0	0	0	
14	1	5	142	397	2	0	0.95	0	400	0	216	
14	1	5	180	398	1	600	0.1	0.0763231	0	0	0	
14	1	5	275	399	1	600	0.99	0.96722	0	0	0	
14	1	5	48	400	2	0	0.25	0	75	0	37.5	
14	1	5	214	401	1	500	0.95	0.939276	0	0	0	
14	1	5	60	402	1	600	0.01	0.0367476	0	0	0	
14	1	5	287	403	1	300	0.1	0.100091	0	0	0	
14	1	5	146	404	1	200	0.75	0.806348	0	0	0	
14	1	5	68	405	2	0	0.4	0	800	0	176	
14	1	5	289	406	1	500	0.1	0.0974112	0	0	0	
14	1	5	169	407	1	500	0.01	0.0287201	0	0	0	
14	1	5	194	408	1	500	0.5	0.897228	0	0	0	
14	1	5	49	409	1	500	0.95	0.910055	0	0	0	
14	1	5	283	410	1	400	0.05	0.0575084	0	0	0	
14	1	5	309	411	1	500	0.6	0.829992	0	0	0	
14	1	5	28	412	2	0	0.05	0	150	100	123	
14	1	5	112	413	1	300	0.01	0.0608653	0	0	0	
14	1	5	45	414	1	600	0.9	0.901063	0	0	0	
14	1	5	118	415	1	400	0.05	0.082608	0	0	0	
14	1	5	285	416	1	600	0.05	0.10696	0	0	0	
14	1	5	50	417	1	600	0.95	0.888577	0	0	0	
14	1	5	102	418	2	0	0.6	0	150	50	100	
14	1	5	163	419	2	0	0.99	0	150	100	119	
14	1	5	138	420	2	0	0.95	0	75	0	31.5	
14	1	5	9	421	2	0	0.01	0	50	25	29.5	
14	1	5	87	422	2	0	0.5	0	150	50	92	
14	1	5	54	423	2	0	0.25	0	50	25	35.5	
14	1	5	160	424	1	600	0.95	0.913571	0	0	0	
14	1	5	18	425	2	0	0.05	0	75	0	16.5	
14	1	5	40	426	2	0	0.1	0	75	50	60.5	
14	1	5	196	427	1	200	0.6	0.62246	0	0	0	
14	1	5	300	428	1	600	0.4	0.534454	0	0	0	
14	1	5	263	429	1	400	0.9	0.883199	0	0	0	
14	1	5	111	430	2	0	0.75	0	200	0	100	
14	1	5	36	431	2	0	0.1	0	200	0	20	
14	1	5	133	432	2	0	0.9	0	150	100	129	
14	1	5	96	433	2	0	0.6	0	200	0	100	
14	1	5	23	434	2	0	0.05	0	800	0	48	
14	1	5	62	435	2	0	0.4	0	50	0	21	
14	1	5	206	436	1	200	0.9	0.900652	0	0	0	
14	1	5	43	437	1	400	0.9	0.88829	0	0	0	
14	1	5	92	438	1	300	0.75	0.902027	0	0	0	
14	1	5	28	439	1	400	0.5	0.504352	0	0	0	
14	1	5	183	440	1	400	0.25	0.5	0	0	0	
14	1	5	188	441	1	400	0.4	0.427165	0	0	0	
14	1	5	86	442	1	200	0.6	0.635494	0	0	0	
14	1	5	107	443	2	0	0.75	0	50	0	21	
14	1	5	99	444	2	0	0.6	0	50	25	39.5	
14	1	5	30	445	2	0	0.05	0	200	150	169	
14	1	5	179	446	1	500	0.1	0.107827	0	0	0	
14	1	5	242	447	1	300	0.4	0.512786	0	0	0	
14	1	5	234	448	1	500	0.1	0.171379	0	0	0	
14	1	5	16	449	1	200	0.25	0.0556419	0	0	0	
14	1	5	37	450	1	300	0.75	0.723278	0	0	0	
14	1	5	86	451	2	0	0.5	0	100	50	71	
14	1	5	130	452	1	600	0.25	0.287602	0	0	0	
14	1	5	44	453	2	0	0.1	0	200	100	122	
14	1	5	103	454	2	0	0.6	0	150	100	121	
14	1	5	220	455	1	600	0.99	0.991713	0	0	0	
14	1	5	144	456	2	0	0.95	0	50	25	44.5	
14	1	5	61	457	1	200	0.05	0.0371058	0	0	0	
14	1	5	12	458	1	300	0.1	0.110764	0	0	0	
14	1	5	85	459	2	0	0.5	0	75	50	65.5	
14	1	5	63	460	1	400	0.05	0.071228	0	0	0	
14	1	5	247	461	1	300	0.5	0.626882	0	0	0	
14	1	5	110	462	1	600	0.99	0.992036	0	0	0	
14	1	5	173	463	1	400	0.05	0.0555093	0	0	0	
14	1	5	56	464	2	0	0.25	0	100	50	71	
14	1	5	71	465	2	0	0.4	0	100	50	71	
14	1	5	222	466	1	300	0.01	0.0663983	0	0	0	
14	1	5	164	467	1	500	0.99	0.961218	0	0	0	
14	1	5	36	468	1	200	0.75	0.827657	0	0	0	
14	1	5	224	469	1	500	0.01	0.0569865	0	0	0	
14	1	5	296	470	1	200	0.4	0.443627	0	0	0	
14	1	5	329	471	1	500	0.99	0.963947	0	0	0	
14	1	5	69	472	2	0	0.4	0	50	25	35.5	
14	1	5	22	473	2	0	0.05	0	400	0	88	
14	1	5	132	474	1	300	0.4	0.525896	0	0	0	
14	1	5	137	475	1	300	0.5	0.492795	0	0	0	
14	1	5	217	476	1	300	0.99	0.97733	0	0	0	
14	1	5	21	477	1	200	0.4	0.642278	0	0	0	
14	1	5	143	478	1	400	0.6	0.827458	0	0	0	
14	1	5	59	479	2	0	0.25	0	200	100	122	
14	1	5	3	480	2	0	0.01	0	75	0	7.5	
14	1	5	26	481	1	200	0.5	0.52257	0	0	0	
14	1	5	277	482	1	300	0.01	0.029702	0	0	0	
14	1	5	27	483	1	300	0.5	0.579217	0	0	0	
14	1	5	147	484	1	300	0.75	0.697427	0	0	0	
14	1	5	177	485	1	300	0.1	0.0920065	0	0	0	
14	1	5	109	486	2	0	0.75	0	100	0	50	
14	1	5	19	487	1	500	0.25	0.419986	0	0	0	
14	1	5	184	488	1	500	0.25	0.408421	0	0	0	
14	1	5	150	489	1	600	0.75	0.905645	0	0	0	
14	1	5	290	490	1	600	0.1	0.0858853	0	0	0	
14	1	5	18	491	1	400	0.25	0.153586	0	0	0	
14	1	5	80	492	1	600	0.4	0.122431	0	0	0	
14	1	5	286	493	1	200	0.1	0.0159603	0	0	0	
14	1	5	324	494	1	500	0.95	0.960041	0	0	0	
14	1	5	117	495	1	300	0.05	0.0895518	0	0	0	
14	2	1	222	1	1	300	0.01	0.00940118	0	0	0	
14	2	1	139	2	2	0	0.95	0	100	0	58	
14	2	1	35	3	1	600	0.6	0.506479	0	0	0	
14	2	1	4	4	1	500	0.01	0.0114047	0	0	0	
14	2	1	282	5	1	300	0.05	0.0674642	0	0	0	
14	2	1	323	6	1	400	0.95	0.955013	0	0	0	
14	2	1	137	7	1	300	0.5	0.547324	0	0	0	
14	2	1	33	8	2	0	0.1	0	75	0	19.5	
14	2	1	34	9	1	500	0.6	0.868365	0	0	0	
14	2	1	9	10	1	500	0.05	0.0512368	0	0	0	
14	2	1	48	11	1	400	0.95	0.934747	0	0	0	
14	2	1	127	12	2	0	0.9	0	400	0	200	
14	2	1	129	13	2	0	0.9	0	50	25	44.5	
14	2	1	144	14	1	500	0.6	0.78579	0	0	0	
14	2	1	70	15	1	600	0.1	0.0693129	0	0	0	
14	2	1	109	16	2	0	0.75	0	100	0	38	
14	2	1	277	17	1	300	0.01	0.0695473	0	0	0	
14	2	1	150	18	2	0	0.95	0	200	150	189	
14	2	1	218	19	1	400	0.99	0.952837	0	0	0	
14	2	1	25	20	2	0	0.05	0	75	50	55.5	
14	2	1	168	21	1	400	0.01	0.0368935	0	0	0	
14	2	1	116	22	1	200	0.05	0.0900649	0	0	0	
14	2	1	190	23	1	600	0.4	0.450871	0	0	0	
14	2	1	140	24	1	600	0.5	0.505245	0	0	0	
14	2	1	46	25	2	0	0.25	0	25	0	5.5	
14	2	1	216	26	1	200	0.99	0.960342	0	0	0	
14	2	1	112	27	1	300	0.01	0.0435676	0	0	0	
14	2	1	126	28	1	200	0.25	0.305904	0	0	0	
14	2	1	108	29	1	400	0.99	0.892934	0	0	0	
14	2	1	181	30	1	200	0.25	0.348858	0	0	0	
14	2	1	159	31	2	0	0.99	0	50	25	45.5	
14	2	1	107	32	1	300	0.99	0.930086	0	0	0	
14	2	1	290	33	1	600	0.1	0.0701444	0	0	0	
14	2	1	274	34	1	500	0.99	0.942823	0	0	0	
14	2	1	100	35	1	600	0.9	0.951811	0	0	0	
14	2	1	37	36	2	0	0.1	0	400	0	40	
14	2	1	245	37	1	600	0.4	0.506126	0	0	0	
14	2	1	273	38	1	400	0.99	0.938405	0	0	0	
14	2	1	2	39	2	0	0.01	0	50	0	9	
14	2	1	239	40	1	500	0.25	0.307147	0	0	0	
14	2	1	92	41	2	0	0.6	0	50	0	11	
14	2	1	21	42	1	200	0.4	0.491557	0	0	0	
14	2	1	78	43	2	0	0.5	0	75	0	19.5	
14	2	1	299	44	1	500	0.4	0.402087	0	0	0	
14	2	1	4	45	2	0	0.01	0	100	0	10	
14	2	1	84	46	2	0	0.5	0	50	25	44.5	
14	2	1	77	47	1	300	0.4	0.498417	0	0	0	
14	2	1	265	48	1	600	0.9	0.897728	0	0	0	
14	2	1	105	49	2	0	0.6	0	200	150	179	
14	2	1	134	50	1	500	0.4	0.482419	0	0	0	
14	2	1	52	51	1	300	0.99	0.949113	0	0	0	
14	2	1	151	52	2	0	0.99	0	25	0	14.5	
14	2	1	16	53	2	0	0.05	0	25	0	9.5	
14	2	1	67	54	2	0	0.4	0	400	0	56	
14	2	1	5	55	1	600	0.01	0.0314402	0	0	0	
14	2	1	233	56	1	400	0.1	0.186651	0	0	0	
14	2	1	286	57	1	200	0.1	0.151985	0	0	0	
14	2	1	118	58	2	0	0.75	0	150	100	139	
14	2	1	161	59	2	0	0.99	0	100	50	89	
14	2	1	3	60	2	0	0.01	0	75	0	7.5	
14	2	1	143	61	1	400	0.6	0.794733	0	0	0	
14	2	1	76	62	2	0	0.5	0	25	0	9.5	
14	2	1	223	63	1	400	0.01	0.0406928	0	0	0	
14	2	1	65	64	1	600	0.05	0.109357	0	0	0	
14	2	1	2	65	1	300	0.01	0.0723868	0	0	0	
14	2	1	320	66	1	600	0.9	0.940966	0	0	0	
14	2	1	1	67	1	200	0.01	0.0584062	0	0	0	
14	2	1	93	68	1	400	0.75	0.843977	0	0	0	
14	2	1	13	69	1	400	0.1	0.117018	0	0	0	
14	2	1	95	70	2	0	0.6	0	150	0	39	
14	2	1	13	71	2	0	0.01	0	150	100	111	
14	2	1	132	72	2	0	0.9	0	150	50	88	
14	2	1	162	73	2	0	0.99	0	150	50	100	
14	2	1	31	74	2	0	0.1	0	25	0	9.5	
14	2	1	301	75	1	200	0.5	0.859267	0	0	0	
14	2	1	270	76	1	600	0.95	0.956344	0	0	0	
14	2	1	37	77	1	300	0.75	0.875839	0	0	0	
14	2	1	156	78	1	200	0.95	0.788413	0	0	0	
14	2	1	182	79	1	300	0.25	0.187328	0	0	0	
14	2	1	228	80	1	400	0.05	0.0707017	0	0	0	
14	2	1	51	81	2	0	0.25	0	200	0	60	
14	2	1	120	82	1	600	0.05	0.0605425	0	0	0	
14	2	1	236	83	1	200	0.25	0.311198	0	0	0	
14	2	1	86	84	1	200	0.6	0.690744	0	0	0	
14	2	1	221	85	1	200	0.01	0.0267874	0	0	0	
14	2	1	145	86	2	0	0.95	0	75	50	64.5	
14	2	1	85	87	1	600	0.5	0.488854	0	0	0	
14	2	1	125	88	2	0	0.9	0	150	0	57	
14	2	1	230	89	1	600	0.05	0.0364645	0	0	0	
14	2	1	44	90	1	500	0.9	0.897865	0	0	0	
14	2	1	266	91	1	200	0.95	0.971939	0	0	0	
14	2	1	258	92	1	400	0.75	0.806905	0	0	0	
14	2	1	147	93	1	300	0.75	0.80775	0	0	0	
14	2	1	288	94	1	400	0.1	0.0768848	0	0	0	
14	2	1	312	95	1	300	0.75	0.863208	0	0	0	
14	2	1	9	96	2	0	0.01	0	50	25	30.5	
14	2	1	217	97	1	300	0.99	0.981386	0	0	0	
14	2	1	127	98	1	300	0.25	0.0872254	0	0	0	
14	2	1	53	99	2	0	0.25	0	800	0	144	
14	2	2	150	100	1	600	0.75	0.789196	0	0	0	
14	2	2	110	101	2	0	0.75	0	150	0	63	
14	2	2	140	102	2	0	0.95	0	150	0	69	
14	2	2	161	103	1	200	0.99	0.940285	0	0	0	
14	2	2	198	104	1	400	0.6	0.496068	0	0	0	
14	2	2	146	105	1	200	0.75	0.603273	0	0	0	
14	2	2	326	106	1	200	0.99	0.948259	0	0	0	
14	2	2	69	107	2	0	0.4	0	50	25	39.5	
14	2	2	149	108	1	500	0.75	0.885711	0	0	0	
14	2	2	248	109	1	400	0.5	0.496426	0	0	0	
14	2	2	314	110	1	500	0.75	0.79039	0	0	0	
14	2	2	114	111	2	0	0.75	0	50	25	39.5	
14	2	2	68	112	2	0	0.4	0	800	0	176	
14	2	2	171	113	1	200	0.05	0.0977651	0	0	0	
14	2	2	15	114	1	600	0.1	0.103404	0	0	0	
14	2	2	38	115	2	0	0.1	0	800	0	80	
14	2	2	276	116	1	200	0.01	0.0713253	0	0	0	
14	2	2	87	117	2	0	0.5	0	150	50	100	
14	2	2	135	118	2	0	0.9	0	200	150	159	
14	2	2	297	119	1	300	0.4	0.464361	0	0	0	
14	2	2	183	120	1	400	0.25	0.37134	0	0	0	
14	2	2	24	121	2	0	0.05	0	50	25	35.5	
14	2	2	30	122	2	0	0.05	0	200	150	169	
14	2	2	302	123	1	300	0.5	0.496364	0	0	0	
14	2	2	49	124	1	500	0.95	0.937901	0	0	0	
14	2	2	110	125	1	600	0.99	0.971713	0	0	0	
14	2	2	57	126	1	300	0.01	0.0440585	0	0	0	
14	2	2	58	127	2	0	0.25	0	150	100	129	
14	2	2	191	128	1	200	0.5	0.500084	0	0	0	
14	2	2	11	129	1	200	0.1	0.201162	0	0	0	
14	2	2	247	130	1	300	0.5	0.33406	0	0	0	
14	2	2	79	131	1	500	0.4	0.501274	0	0	0	
14	2	2	303	132	1	400	0.5	0.489164	0	0	0	
14	2	2	188	133	1	400	0.4	0.464378	0	0	0	
14	2	2	22	134	2	0	0.05	0	400	0	104	
14	2	2	55	135	2	0	0.25	0	75	50	65.5	
14	2	2	102	136	1	300	0.95	0.9148	0	0	0	
14	2	2	192	137	1	300	0.5	0.906857	0	0	0	
14	2	2	43	138	2	0	0.1	0	150	100	111	
14	2	2	87	139	1	300	0.6	0.582875	0	0	0	
14	2	2	122	140	1	300	0.1	0.0866637	0	0	0	
14	2	2	80	141	1	600	0.4	0.502822	0	0	0	
14	2	2	330	142	1	600	0.99	0.944354	0	0	0	
14	2	2	109	143	1	500	0.99	0.960979	0	0	0	
14	2	2	278	144	1	400	0.01	0.0482868	0	0	0	
14	2	2	158	145	1	400	0.95	0.906507	0	0	0	
14	2	2	42	146	1	300	0.9	0.894867	0	0	0	
14	2	2	153	147	2	0	0.99	0	75	0	31.5	
14	2	2	133	148	2	0	0.9	0	150	100	129	
14	2	2	74	149	2	0	0.4	0	200	100	142	
14	2	2	308	150	1	400	0.6	0.55893	0	0	0	
14	2	2	206	151	1	200	0.9	0.652221	0	0	0	
14	2	2	170	152	1	600	0.01	0.0414093	0	0	0	
14	2	2	163	153	1	400	0.99	0.973142	0	0	0	
14	2	2	94	154	2	0	0.6	0	100	0	30	
14	2	2	260	155	1	600	0.75	0.863049	0	0	0	
14	2	2	54	156	2	0	0.25	0	50	25	35.5	
14	2	2	36	157	1	200	0.75	0.848555	0	0	0	
14	2	2	244	158	1	500	0.4	0.506723	0	0	0	
14	2	2	148	159	2	0	0.95	0	150	100	111	
14	2	2	119	160	2	0	0.75	0	200	100	118	
14	2	2	253	161	1	400	0.6	0.67725	0	0	0	
14	2	2	88	162	1	400	0.6	0.522388	0	0	0	
14	2	2	164	163	2	0	0.99	0	200	100	178	
14	2	2	16	164	1	200	0.25	0.440323	0	0	0	
14	2	2	23	165	2	0	0.05	0	800	0	48	
14	2	2	95	166	1	600	0.75	0.850833	0	0	0	
14	2	2	92	167	1	300	0.75	0.710182	0	0	0	
14	2	2	29	168	2	0	0.05	0	200	100	142	
14	2	2	328	169	1	400	0.99	0.943036	0	0	0	
14	2	2	72	170	2	0	0.4	0	150	50	92	
14	2	2	199	171	1	500	0.6	0.5	0	0	0	
14	2	2	220	172	1	600	0.99	0.968799	0	0	0	
14	2	2	42	173	2	0	0.1	0	150	50	92	
14	2	2	32	174	1	300	0.6	0.49893	0	0	0	
14	2	2	86	175	2	0	0.5	0	100	50	71	
14	2	2	50	176	2	0	0.25	0	150	0	33	
14	2	2	264	177	1	500	0.9	0.794477	0	0	0	
14	2	2	119	178	1	500	0.05	0.0424044	0	0	0	
14	2	2	268	179	1	400	0.95	0.871226	0	0	0	
14	2	2	180	180	1	600	0.1	0.115032	0	0	0	
14	2	2	176	181	1	200	0.1	0.201803	0	0	0	
14	2	2	219	182	1	500	0.99	0.962766	0	0	0	
14	2	2	104	183	1	500	0.95	0.939418	0	0	0	
14	2	2	151	184	1	200	0.9	0.867675	0	0	0	
14	2	2	94	185	1	500	0.75	0.779758	0	0	0	
14	2	2	3	186	1	400	0.01	0.036637	0	0	0	
14	2	2	27	187	2	0	0.05	0	150	50	92	
14	2	2	123	188	2	0	0.9	0	75	0	58.5	
14	2	2	241	189	1	200	0.4	0.457682	0	0	0	
14	2	2	66	190	1	200	0.1	0.298668	0	0	0	
14	2	2	31	191	1	200	0.6	0.609647	0	0	0	
14	2	2	1	192	2	0	0.01	0	25	0	10.5	
14	2	2	324	193	1	500	0.95	0.904256	0	0	0	
14	2	2	64	194	2	0	0.4	0	100	0	22	
14	2	2	164	195	1	500	0.99	0.931634	0	0	0	
14	2	2	98	196	2	0	0.6	0	800	0	176	
14	2	2	12	197	1	300	0.1	0.202418	0	0	0	
14	2	2	309	198	1	500	0.6	0.702632	0	0	0	
14	2	3	169	199	1	500	0.01	0.0528025	0	0	0	
14	2	3	50	200	1	600	0.95	0.94281	0	0	0	
14	2	3	295	201	1	600	0.25	0.412751	0	0	0	
14	2	3	257	202	1	300	0.75	0.609549	0	0	0	
14	2	3	64	203	1	500	0.05	0.0792909	0	0	0	
14	2	3	319	204	1	500	0.9	0.840337	0	0	0	
14	2	3	103	205	2	0	0.6	0	150	100	129	
14	2	3	103	206	1	400	0.95	0.903084	0	0	0	
14	2	3	29	207	1	500	0.5	0.54797	0	0	0	
14	2	3	156	208	2	0	0.99	0	200	0	116	
14	2	3	30	209	1	600	0.5	0.495714	0	0	0	
14	2	3	106	210	1	200	0.99	0.0604584	0	0	0	
14	2	3	249	211	1	500	0.5	0.500663	0	0	0	
14	2	3	10	212	2	0	0.01	0	75	50	64.5	
14	2	3	53	213	1	400	0.99	0.957193	0	0	0	
14	2	3	263	214	1	400	0.9	0.957551	0	0	0	
14	2	3	117	215	1	300	0.05	0.0450935	0	0	0	
14	2	3	61	216	1	200	0.05	0.184125	0	0	0	
14	2	3	67	217	1	300	0.1	0.206231	0	0	0	
14	2	3	99	218	2	0	0.6	0	50	25	39.5	
14	2	3	98	219	1	400	0.9	0.875415	0	0	0	
14	2	3	304	220	1	500	0.5	0.589991	0	0	0	
14	2	3	243	221	1	400	0.4	0.501278	0	0	0	
14	2	3	47	222	2	0	0.25	0	50	0	25	
14	2	3	81	223	2	0	0.5	0	200	0	76	
14	2	3	153	224	1	400	0.9	0.887043	0	0	0	
14	2	3	83	225	2	0	0.5	0	800	0	176	
14	2	3	250	226	1	600	0.5	0.639647	0	0	0	
14	2	3	19	227	1	500	0.25	0.382843	0	0	0	
14	2	3	132	228	1	300	0.4	0.480358	0	0	0	
14	2	3	208	229	1	400	0.9	0.634866	0	0	0	
14	2	3	167	230	1	300	0.01	0.0431076	0	0	0	
14	2	3	21	231	2	0	0.05	0	200	0	84	
14	2	3	112	232	2	0	0.75	0	400	0	88	
14	2	3	246	233	1	200	0.5	0.5	0	0	0	
14	2	3	32	234	2	0	0.1	0	50	0	15	
14	2	3	111	235	2	0	0.75	0	200	0	68	
14	2	3	224	236	1	500	0.01	0.0687645	0	0	0	
14	2	3	121	237	1	200	0.1	0.15754	0	0	0	
14	2	3	227	238	1	300	0.05	0.0754695	0	0	0	
14	2	3	71	239	2	0	0.4	0	100	50	75	
14	2	3	213	240	1	400	0.95	0.913849	0	0	0	
14	2	3	27	241	1	300	0.5	0.598846	0	0	0	
14	2	3	242	242	1	300	0.4	0.65897	0	0	0	
14	2	3	15	243	2	0	0.01	0	200	150	161	
14	2	3	235	244	1	600	0.1	0.0829972	0	0	0	
14	2	3	96	245	1	200	0.9	0.806047	0	0	0	
14	2	3	18	246	2	0	0.05	0	75	0	19.5	
14	2	3	157	247	1	300	0.95	0.825326	0	0	0	
14	2	3	138	248	1	400	0.5	0.656184	0	0	0	
14	2	3	10	249	1	600	0.05	0.100162	0	0	0	
14	2	3	157	250	2	0	0.99	0	400	0	200	
14	2	3	160	251	1	600	0.95	0.937777	0	0	0	
14	2	3	61	252	2	0	0.4	0	25	0	10.5	
14	2	3	211	253	1	200	0.95	0.884004	0	0	0	
14	2	3	60	254	2	0	0.25	0	200	150	171	
14	2	3	54	255	1	500	0.99	0.896808	0	0	0	
14	2	3	325	256	1	600	0.95	0.952832	0	0	0	
14	2	3	62	257	1	300	0.05	0.144178	0	0	0	
14	2	3	44	258	2	0	0.1	0	200	100	122	
14	2	3	152	259	1	300	0.9	0.909878	0	0	0	
14	2	3	14	260	2	0	0.01	0	200	100	122	
14	2	3	141	261	1	200	0.6	0.480239	0	0	0	
14	2	3	101	262	1	200	0.95	0.950877	0	0	0	
14	2	3	275	263	1	600	0.99	0.978653	0	0	0	
14	2	3	317	264	1	300	0.9	0.89392	0	0	0	
14	2	3	134	265	2	0	0.9	0	200	100	158	
14	2	3	207	266	1	300	0.9	0.480345	0	0	0	
14	2	3	111	267	1	200	0.01	0.0667565	0	0	0	
14	2	3	196	268	1	200	0.6	0.49958	0	0	0	
14	2	3	48	269	2	0	0.25	0	75	0	19.5	
14	2	3	174	270	1	500	0.05	0.0600913	0	0	0	
14	2	3	99	271	1	500	0.9	0.909794	0	0	0	
14	2	3	240	272	1	600	0.25	0.452516	0	0	0	
14	2	3	105	273	1	600	0.95	0.900541	0	0	0	
14	2	3	184	274	1	500	0.25	0.477236	0	0	0	
14	2	3	91	275	2	0	0.6	0	25	0	10.5	
14	2	3	26	276	2	0	0.05	0	100	50	61	
14	2	3	126	277	2	0	0.9	0	200	0	60	
14	2	3	131	278	2	0	0.9	0	100	50	79	
14	2	3	5	279	2	0	0.01	0	150	0	21	
14	2	3	131	280	1	200	0.4	0.592804	0	0	0	
14	2	3	75	281	2	0	0.4	0	200	150	179	
14	2	3	90	282	2	0	0.5	0	200	150	179	
14	2	3	145	283	1	600	0.6	0.497545	0	0	0	
14	2	3	186	284	1	200	0.4	0.446395	0	0	0	
14	2	3	28	285	1	400	0.5	0.571951	0	0	0	
14	2	3	34	286	2	0	0.1	0	100	0	22	
14	2	3	115	287	2	0	0.75	0	75	50	70.5	
14	2	3	139	288	1	500	0.5	0.59491	0	0	0	
14	2	3	22	289	1	300	0.4	0.5	0	0	0	
14	2	3	130	290	1	600	0.25	0.353989	0	0	0	
14	2	3	136	291	2	0	0.95	0	25	0	14.5	
14	2	3	88	292	2	0	0.5	0	150	100	129	
14	2	3	17	293	1	300	0.25	0.296908	0	0	0	
14	2	3	148	294	1	400	0.75	0.832381	0	0	0	
14	2	3	267	295	1	300	0.95	0.962275	0	0	0	
14	2	3	189	296	1	500	0.4	0.506541	0	0	0	
14	2	3	138	297	2	0	0.95	0	75	0	34.5	
14	2	4	310	298	1	600	0.6	0.597802	0	0	0	
14	2	4	7	299	2	0	0.01	0	400	0	24	
14	2	4	287	300	1	300	0.1	0.100211	0	0	0	
14	2	4	33	301	1	400	0.6	0.899714	0	0	0	
14	2	4	154	302	2	0	0.99	0	100	0	30	
14	2	4	100	303	2	0	0.6	0	75	50	60.5	
14	2	4	160	304	2	0	0.99	0	75	50	64.5	
14	2	4	40	305	2	0	0.1	0	75	50	59.5	
14	2	4	172	306	1	300	0.05	0.0500117	0	0	0	
14	2	4	305	307	1	600	0.5	0.603233	0	0	0	
14	2	4	225	308	1	600	0.01	0.0669954	0	0	0	
14	2	4	45	309	2	0	0.1	0	200	150	171	
14	2	4	121	310	2	0	0.9	0	25	0	19.5	
14	2	4	215	311	1	600	0.95	0.93936	0	0	0	
14	2	4	311	312	1	200	0.75	0.597024	0	0	0	
14	2	4	292	313	1	300	0.25	0.430124	0	0	0	
14	2	4	114	314	1	500	0.01	0.0741383	0	0	0	
14	2	4	152	315	2	0	0.99	0	50	0	39	
14	2	4	49	316	2	0	0.25	0	100	0	34	
14	2	4	327	317	1	300	0.99	0.971567	0	0	0	
14	2	4	269	318	1	500	0.95	0.803455	0	0	0	
14	2	4	26	319	1	200	0.5	0.5	0	0	0	
14	2	4	76	320	1	200	0.4	0.406731	0	0	0	
14	2	4	60	321	1	600	0.01	0.0713032	0	0	0	
14	2	4	133	322	1	400	0.4	0.919245	0	0	0	
14	2	4	298	323	1	400	0.4	0.891846	0	0	0	
14	2	4	85	324	2	0	0.5	0	75	50	69.5	
14	2	4	74	325	1	500	0.25	0.338487	0	0	0	
14	2	4	214	326	1	500	0.95	0.886233	0	0	0	
14	2	4	45	327	1	600	0.9	0.93001	0	0	0	
14	2	4	283	328	1	400	0.05	0.029242	0	0	0	
14	2	4	12	329	2	0	0.01	0	150	50	72	
14	2	4	75	330	1	600	0.25	0.350557	0	0	0	
14	2	4	166	331	1	200	0.01	0.0261328	0	0	0	
14	2	4	175	332	1	600	0.05	0.0662479	0	0	0	
14	2	4	187	333	1	300	0.4	0.654534	0	0	0	
14	2	4	205	334	1	600	0.75	0.905291	0	0	0	
14	2	4	120	335	2	0	0.75	0	200	150	179	
14	2	4	300	336	1	600	0.4	0.902598	0	0	0	
14	2	4	65	337	2	0	0.4	0	150	0	33	
14	2	4	102	338	2	0	0.6	0	150	50	96	
14	2	4	178	339	1	400	0.1	0.141206	0	0	0	
14	2	4	201	340	1	200	0.75	0.908392	0	0	0	
14	2	4	155	341	1	600	0.9	0.959789	0	0	0	
14	2	4	255	342	1	600	0.6	0.924309	0	0	0	
14	2	4	173	343	1	400	0.05	0.0421434	0	0	0	
14	2	4	17	344	2	0	0.05	0	50	0	9	
14	2	4	89	345	2	0	0.5	0	200	100	130	
14	2	4	271	346	1	200	0.99	0.930183	0	0	0	
14	2	4	315	347	1	600	0.75	0.893451	0	0	0	
14	2	4	129	348	1	500	0.25	0.357054	0	0	0	
14	2	4	165	349	1	600	0.99	0.926074	0	0	0	
14	2	4	279	350	1	500	0.01	0.0782825	0	0	0	
14	2	4	90	351	1	600	0.6	0.897503	0	0	0	
14	2	4	70	352	2	0	0.4	0	75	50	59.5	
14	2	4	6	353	2	0	0.01	0	200	0	44	
14	2	4	162	354	1	300	0.99	0.937883	0	0	0	
14	2	4	291	355	1	200	0.25	0.357257	0	0	0	
14	2	4	56	356	2	0	0.25	0	100	50	69	
14	2	4	179	357	1	500	0.1	0.078508	0	0	0	
14	2	4	73	358	2	0	0.4	0	150	100	125	
14	2	4	296	359	1	200	0.4	0.505675	0	0	0	
14	2	4	77	360	2	0	0.5	0	50	0	29	
14	2	4	147	361	2	0	0.95	0	150	50	100	
14	2	4	137	362	2	0	0.95	0	50	0	25	
14	2	4	256	363	1	200	0.75	0.704853	0	0	0	
14	2	4	261	364	1	200	0.9	0.765003	0	0	0	
14	2	4	47	365	1	300	0.95	0.896737	0	0	0	
14	2	4	289	366	1	500	0.1	0.0955802	0	0	0	
14	2	4	39	367	2	0	0.1	0	50	25	35.5	
14	2	4	35	368	2	0	0.1	0	150	0	33	
14	2	4	8	369	1	400	0.05	0.187098	0	0	0	
14	2	4	107	370	2	0	0.75	0	50	0	29	
14	2	4	83	371	1	400	0.5	0.514525	0	0	0	
14	2	4	55	372	1	600	0.99	0.949785	0	0	0	
14	2	4	82	373	2	0	0.5	0	400	0	152	
14	2	4	79	374	2	0	0.5	0	100	0	42	
14	2	4	57	375	2	0	0.25	0	150	50	72	
14	2	4	46	376	1	200	0.95	0.780682	0	0	0	
14	2	4	43	377	1	400	0.9	0.897445	0	0	0	
14	2	4	71	378	1	200	0.25	0.289146	0	0	0	
14	2	4	202	379	1	300	0.75	0.664959	0	0	0	
14	2	4	20	380	2	0	0.05	0	150	0	33	
14	2	4	316	381	1	200	0.9	0.88377	0	0	0	
14	2	4	136	382	1	200	0.5	0.431937	0	0	0	
14	2	4	8	383	2	0	0.01	0	800	0	48	
14	2	4	125	384	1	600	0.1	0.158946	0	0	0	
14	2	4	226	385	1	200	0.05	0.0869954	0	0	0	
14	2	4	280	386	1	600	0.01	0.0319444	0	0	0	
14	2	4	212	387	1	300	0.95	0.949506	0	0	0	
14	2	4	142	388	2	0	0.95	0	400	0	200	
14	2	4	322	389	1	300	0.95	0.838462	0	0	0	
14	2	4	318	390	1	400	0.9	0.881094	0	0	0	
14	2	4	6	391	1	200	0.05	0.0531519	0	0	0	
14	2	4	25	392	1	600	0.4	0.418438	0	0	0	
14	2	4	18	393	1	400	0.25	0.467523	0	0	0	
14	2	4	51	394	1	200	0.99	0.944301	0	0	0	
14	2	4	155	395	2	0	0.99	0	150	0	87	
14	2	4	72	396	1	300	0.25	0.377054	0	0	0	
14	2	5	234	397	1	500	0.1	0.162352	0	0	0	
14	2	5	232	398	1	300	0.1	0.10635	0	0	0	
14	2	5	128	399	1	400	0.25	0.298756	0	0	0	
14	2	5	84	400	1	500	0.5	0.589832	0	0	0	
14	2	5	237	401	1	300	0.25	0.368788	0	0	0	
14	2	5	130	402	2	0	0.9	0	75	50	67.5	
14	2	5	177	403	1	300	0.1	0.102157	0	0	0	
14	2	5	144	404	2	0	0.95	0	50	25	39.5	
14	2	5	40	405	1	600	0.75	0.801726	0	0	0	
14	2	5	329	406	1	500	0.99	0.950709	0	0	0	
14	2	5	229	407	1	500	0.05	0.0513341	0	0	0	
14	2	5	307	408	1	300	0.6	0.494582	0	0	0	
14	2	5	158	409	2	0	0.99	0	800	0	304	
14	2	5	210	410	1	600	0.9	0.859466	0	0	0	
14	2	5	124	411	2	0	0.9	0	100	0	42	
14	2	5	58	412	1	400	0.01	0.0594191	0	0	0	
14	2	5	118	413	1	400	0.05	0.147018	0	0	0	
14	2	5	209	414	1	500	0.9	0.917879	0	0	0	
14	2	5	104	415	2	0	0.6	0	200	100	122	
14	2	5	293	416	1	400	0.25	0.316563	0	0	0	
14	2	5	69	417	1	500	0.1	0.14528	0	0	0	
14	2	5	197	418	1	300	0.6	0.857432	0	0	0	
14	2	5	194	419	1	500	0.5	0.409951	0	0	0	
14	2	5	14	420	1	500	0.1	0.0614757	0	0	0	
14	2	5	113	421	2	0	0.75	0	800	0	176	
14	2	5	259	422	1	500	0.75	0.851098	0	0	0	
14	2	5	101	423	2	0	0.6	0	100	50	71	
14	2	5	11	424	2	0	0.01	0	100	50	59	
14	2	5	294	425	1	500	0.25	0.117088	0	0	0	
14	2	5	91	426	1	200	0.75	0.883739	0	0	0	
14	2	5	204	427	1	500	0.75	0.876043	0	0	0	
14	2	5	165	428	2	0	0.99	0	200	150	185	
14	2	5	56	429	1	200	0.01	0.079428	0	0	0	
14	2	5	97	430	1	300	0.9	0.894902	0	0	0	
14	2	5	281	431	1	200	0.05	0.0813917	0	0	0	
14	2	5	128	432	2	0	0.9	0	800	0	176	
14	2	5	106	433	2	0	0.75	0	25	0	13.5	
14	2	5	193	434	1	400	0.5	0.58916	0	0	0	
14	2	5	97	435	2	0	0.6	0	400	0	104	
14	2	5	123	436	1	400	0.1	0.159167	0	0	0	
14	2	5	284	437	1	500	0.05	0.0782205	0	0	0	
14	2	5	116	438	2	0	0.75	0	100	50	79	
14	2	5	142	439	1	300	0.6	0.0907327	0	0	0	
14	2	5	200	440	1	600	0.6	0.870284	0	0	0	
14	2	5	7	441	1	300	0.05	0.441862	0	0	0	
14	2	5	93	442	2	0	0.6	0	75	0	31.5	
14	2	5	82	443	1	300	0.5	0.5	0	0	0	
14	2	5	285	444	1	600	0.05	0.0763143	0	0	0	
14	2	5	36	445	2	0	0.1	0	200	0	44	
14	2	5	262	446	1	300	0.9	0.903889	0	0	0	
14	2	5	203	447	1	400	0.75	0.656613	0	0	0	
14	2	5	252	448	1	300	0.6	0.863239	0	0	0	
14	2	5	78	449	1	400	0.4	0.43065	0	0	0	
14	2	5	89	450	1	500	0.6	0.800275	0	0	0	
14	2	5	195	451	1	600	0.5	0.702349	0	0	0	
14	2	5	306	452	1	200	0.6	0.48448	0	0	0	
14	2	5	146	453	2	0	0.95	0	100	50	85	
14	2	5	63	454	1	400	0.05	0.107323	0	0	0	
14	2	5	41	455	2	0	0.1	0	100	50	71	
14	2	5	143	456	2	0	0.95	0	800	0	208	
14	2	5	108	457	2	0	0.75	0	75	0	19.5	
14	2	5	313	458	1	400	0.75	0.652234	0	0	0	
14	2	5	254	459	1	500	0.6	0.5	0	0	0	
14	2	5	135	460	1	600	0.4	0.417948	0	0	0	
14	2	5	154	461	1	500	0.9	0.865242	0	0	0	
14	2	5	124	462	1	500	0.1	0.135027	0	0	0	
14	2	5	238	463	1	400	0.25	0.248031	0	0	0	
14	2	5	62	464	2	0	0.4	0	50	0	13	
14	2	5	80	465	2	0	0.5	0	150	0	63	
14	2	5	321	466	1	200	0.95	0.951107	0	0	0	
14	2	5	19	467	2	0	0.05	0	100	0	42	
14	2	5	23	468	1	400	0.4	0.506802	0	0	0	
14	2	5	52	469	2	0	0.25	0	400	0	104	
14	2	5	141	470	2	0	0.95	0	200	0	52	
14	2	5	20	471	1	600	0.25	0.132935	0	0	0	
14	2	5	39	472	1	500	0.75	0.890152	0	0	0	
14	2	5	159	473	1	500	0.95	0.925565	0	0	0	
14	2	5	66	474	2	0	0.4	0	200	0	20	
14	2	5	81	475	1	200	0.5	0.395807	0	0	0	
14	2	5	41	476	1	200	0.9	0.612336	0	0	0	
14	2	5	185	477	1	600	0.25	0.444852	0	0	0	
14	2	5	73	478	1	400	0.25	0.345271	0	0	0	
14	2	5	149	479	2	0	0.95	0	200	100	158	
14	2	5	163	480	2	0	0.99	0	150	100	149	
14	2	5	68	481	1	400	0.1	0.210415	0	0	0	
14	2	5	115	482	1	600	0.01	0.0387777	0	0	0	
14	2	5	231	483	1	200	0.1	0.160627	0	0	0	
14	2	5	272	484	1	300	0.99	0.886304	0	0	0	
14	2	5	113	485	1	400	0.01	0.0334305	0	0	0	
14	2	5	59	486	2	0	0.25	0	200	100	142	
14	2	5	28	487	2	0	0.05	0	150	100	111	
14	2	5	59	488	1	500	0.01	0.0636075	0	0	0	
14	2	5	96	489	2	0	0.6	0	200	0	44	
14	2	5	251	490	1	200	0.6	0.487081	0	0	0	
14	2	5	117	491	2	0	0.75	0	150	50	100	
14	2	5	24	492	1	500	0.4	0.426059	0	0	0	
14	2	5	122	493	2	0	0.9	0	50	0	25	
14	2	5	38	494	1	400	0.75	0.596754	0	0	0	
14	2	5	63	495	2	0	0.4	0	75	0	22.5	
