Subject#	Session#	Block#	Stim#	Trial#	Task	Numerosity	P_true	P_reported	x1	x2	CE	
4	1	1	20	1	1	600	0.25	0.403662	0	0	0	
4	1	1	268	2	1	400	0.95	0.98143	0	0	0	
4	1	1	176	3	1	200	0.1	0.0517897	0	0	0	
4	1	1	30	4	2	0	0.05	0	200	150	151	
4	1	1	163	5	1	400	0.99	0.983951	0	0	0	
4	1	1	62	6	1	300	0.05	0.0228555	0	0	0	
4	1	1	199	7	1	500	0.6	0.770815	0	0	0	
4	1	1	13	8	1	400	0.1	0.174559	0	0	0	
4	1	1	17	9	2	0	0.05	0	50	0	3	
4	1	1	211	10	1	200	0.95	0.958577	0	0	0	
4	1	1	132	11	2	0	0.9	0	150	50	140	
4	1	1	92	12	1	300	0.75	0.754464	0	0	0	
4	1	1	56	13	2	0	0.25	0	100	50	63	
4	1	1	5	14	2	0	0.01	0	150	0	3	
4	1	1	251	15	1	200	0.6	0.723482	0	0	0	
4	1	1	76	16	2	0	0.5	0	25	0	5.5	
4	1	1	120	17	1	600	0.05	0.0713961	0	0	0	
4	1	1	286	18	1	200	0.1	0.0519489	0	0	0	
4	1	1	23	19	1	400	0.4	0.435767	0	0	0	
4	1	1	256	20	1	200	0.75	0.858524	0	0	0	
4	1	1	21	21	2	0	0.05	0	200	0	4	
4	1	1	284	22	1	500	0.05	0.051511	0	0	0	
4	1	1	98	23	2	0	0.6	0	800	0	16	
4	1	1	293	24	1	400	0.25	0.346121	0	0	0	
4	1	1	22	25	1	300	0.4	0.63058	0	0	0	
4	1	1	150	26	2	0	0.95	0	200	150	171	
4	1	1	323	27	1	400	0.95	0.927609	0	0	0	
4	1	1	158	28	2	0	0.99	0	800	0	144	
4	1	1	124	29	2	0	0.9	0	100	0	22	
4	1	1	1	30	2	0	0.01	0	25	0	0.5	
4	1	1	265	31	1	600	0.9	0.976919	0	0	0	
4	1	1	118	32	1	400	0.05	0.0649211	0	0	0	
4	1	1	184	33	1	500	0.25	0.252772	0	0	0	
4	1	1	138	34	2	0	0.95	0	75	0	10.5	
4	1	1	89	35	1	500	0.6	0.87204	0	0	0	
4	1	1	29	36	1	500	0.5	0.921072	0	0	0	
4	1	1	8	37	1	400	0.05	0.0924709	0	0	0	
4	1	1	43	38	2	0	0.1	0	150	100	109	
4	1	1	210	39	1	600	0.9	0.932293	0	0	0	
4	1	1	2	40	2	0	0.01	0	50	0	7	
4	1	1	99	41	2	0	0.6	0	50	25	26.5	
4	1	1	220	42	1	600	0.99	0.979772	0	0	0	
4	1	1	175	43	1	600	0.05	0.0255092	0	0	0	
4	1	1	51	44	1	200	0.99	0.991643	0	0	0	
4	1	1	102	45	1	300	0.95	0.961019	0	0	0	
4	1	1	315	46	1	600	0.75	0.862235	0	0	0	
4	1	1	203	47	1	400	0.75	0.739926	0	0	0	
4	1	1	12	48	2	0	0.01	0	150	50	60	
4	1	1	295	49	1	600	0.25	0.440265	0	0	0	
4	1	1	312	50	1	300	0.75	0.677617	0	0	0	
4	1	1	131	51	2	0	0.9	0	100	50	53	
4	1	1	213	52	1	400	0.95	0.883248	0	0	0	
4	1	1	252	53	1	300	0.6	0.670284	0	0	0	
4	1	1	289	54	1	500	0.1	0.179052	0	0	0	
4	1	1	321	55	1	200	0.95	0.894433	0	0	0	
4	1	1	240	56	1	600	0.25	0.409637	0	0	0	
4	1	1	73	57	2	0	0.4	0	150	100	115	
4	1	1	128	58	1	400	0.25	0.279314	0	0	0	
4	1	1	160	59	1	600	0.95	0.920851	0	0	0	
4	1	1	144	60	1	500	0.6	0.733729	0	0	0	
4	1	1	171	61	1	200	0.05	0.0987513	0	0	0	
4	1	1	133	62	2	0	0.9	0	150	100	103	
4	1	1	154	63	2	0	0.99	0	100	0	2	
4	1	1	35	64	1	600	0.6	0.444268	0	0	0	
4	1	1	125	65	1	600	0.1	0.064753	0	0	0	
4	1	1	63	66	1	400	0.05	0.0241115	0	0	0	
4	1	1	159	67	2	0	0.99	0	50	25	38.5	
4	1	1	146	68	2	0	0.95	0	100	50	97	
4	1	1	167	69	1	300	0.01	0.00968867	0	0	0	
4	1	1	141	70	1	200	0.6	0.650766	0	0	0	
4	1	1	255	71	1	600	0.6	0.668077	0	0	0	
4	1	1	322	72	1	300	0.95	0.935061	0	0	0	
4	1	1	285	73	1	600	0.05	0.0828645	0	0	0	
4	1	1	11	74	2	0	0.01	0	100	50	59	
4	1	1	309	75	1	500	0.6	0.567263	0	0	0	
4	1	1	185	76	1	600	0.25	0.259977	0	0	0	
4	1	1	103	77	2	0	0.6	0	150	100	113	
4	1	1	77	78	2	0	0.5	0	50	0	5	
4	1	1	46	79	1	200	0.95	0.884513	0	0	0	
4	1	1	212	80	1	300	0.95	0.88373	0	0	0	
4	1	1	221	81	1	200	0.01	0.0129837	0	0	0	
4	1	1	165	82	2	0	0.99	0	200	150	163	
4	1	1	102	83	2	0	0.6	0	150	50	72	
4	1	1	101	84	2	0	0.6	0	100	50	63	
4	1	1	283	85	1	400	0.05	0.0219355	0	0	0	
4	1	1	135	86	2	0	0.9	0	200	150	163	
4	1	1	45	87	2	0	0.1	0	200	150	163	
4	1	1	126	88	1	200	0.25	0.23965	0	0	0	
4	1	1	198	89	1	400	0.6	0.687873	0	0	0	
4	1	1	79	90	1	500	0.4	0.681752	0	0	0	
4	1	1	116	91	1	200	0.05	0.0826964	0	0	0	
4	1	1	263	92	1	400	0.9	0.921709	0	0	0	
4	1	1	301	93	1	200	0.5	0.552424	0	0	0	
4	1	1	329	94	1	500	0.99	0.98212	0	0	0	
4	1	1	103	95	1	400	0.95	0.953367	0	0	0	
4	1	1	272	96	1	300	0.99	0.977649	0	0	0	
4	1	1	114	97	2	0	0.75	0	50	25	37.5	
4	1	1	123	98	1	400	0.1	0.349831	0	0	0	
4	1	1	142	99	2	0	0.95	0	400	0	8	
4	1	2	18	100	1	400	0.25	0.321923	0	0	0	
4	1	2	65	101	1	600	0.05	0.0615464	0	0	0	
4	1	2	308	102	1	400	0.6	0.858506	0	0	0	
4	1	2	7	103	2	0	0.01	0	400	0	8	
4	1	2	30	104	1	600	0.5	0.935198	0	0	0	
4	1	2	78	105	2	0	0.5	0	75	0	37.5	
4	1	2	58	106	2	0	0.25	0	150	100	105	
4	1	2	154	107	1	500	0.9	0.857754	0	0	0	
4	1	2	42	108	2	0	0.1	0	150	50	52	
4	1	2	41	109	2	0	0.1	0	100	50	51	
4	1	2	108	110	2	0	0.75	0	75	0	19.5	
4	1	2	9	111	2	0	0.01	0	50	25	25.5	
4	1	2	55	112	1	600	0.99	0.972505	0	0	0	
4	1	2	56	113	1	200	0.01	0.0226034	0	0	0	
4	1	2	192	114	1	300	0.5	0.46774	0	0	0	
4	1	2	46	115	2	0	0.25	0	25	0	7.5	
4	1	2	79	116	2	0	0.5	0	100	0	50	
4	1	2	65	117	2	0	0.4	0	150	0	111	
4	1	2	35	118	2	0	0.1	0	150	0	39	
4	1	2	14	119	1	500	0.1	0.0829839	0	0	0	
4	1	2	33	120	1	400	0.6	0.571	0	0	0	
4	1	2	105	121	1	600	0.95	0.871947	0	0	0	
4	1	2	94	122	2	0	0.6	0	100	0	26	
4	1	2	26	123	2	0	0.05	0	100	50	51	
4	1	2	81	124	2	0	0.5	0	200	0	148	
4	1	2	110	125	1	600	0.99	0.981656	0	0	0	
4	1	2	234	126	1	500	0.1	0.195541	0	0	0	
4	1	2	316	127	1	200	0.9	0.882593	0	0	0	
4	1	2	80	128	2	0	0.5	0	150	0	111	
4	1	2	109	129	1	500	0.99	0.978688	0	0	0	
4	1	2	249	130	1	500	0.5	0.778409	0	0	0	
4	1	2	16	131	2	0	0.05	0	25	0	0.5	
4	1	2	90	132	2	0	0.5	0	200	150	175	
4	1	2	95	133	2	0	0.6	0	150	0	147	
4	1	2	69	134	2	0	0.4	0	50	25	37.5	
4	1	2	93	135	1	400	0.75	0.680576	0	0	0	
4	1	2	227	136	1	300	0.05	0.0966461	0	0	0	
4	1	2	281	137	1	200	0.05	0.0601134	0	0	0	
4	1	2	123	138	2	0	0.9	0	75	0	73.5	
4	1	2	233	139	1	400	0.1	0.357306	0	0	0	
4	1	2	231	140	1	200	0.1	0.149225	0	0	0	
4	1	2	50	141	1	600	0.95	0.909528	0	0	0	
4	1	2	84	142	2	0	0.5	0	50	25	37.5	
4	1	2	122	143	2	0	0.9	0	50	0	49	
4	1	2	74	144	2	0	0.4	0	200	100	150	
4	1	2	156	145	1	200	0.95	0.863026	0	0	0	
4	1	2	4	146	1	500	0.01	0.0282823	0	0	0	
4	1	2	28	147	1	400	0.5	0.572234	0	0	0	
4	1	2	266	148	1	200	0.95	0.914455	0	0	0	
4	1	2	196	149	1	200	0.6	0.623773	0	0	0	
4	1	2	151	150	2	0	0.99	0	25	0	24.5	
4	1	2	119	151	1	500	0.05	0.135775	0	0	0	
4	1	2	207	152	1	300	0.9	0.867631	0	0	0	
4	1	2	189	153	1	500	0.4	0.691518	0	0	0	
4	1	2	62	154	2	0	0.4	0	50	0	25	
4	1	2	38	155	2	0	0.1	0	800	0	528	
4	1	2	55	156	2	0	0.25	0	75	50	56.5	
4	1	2	117	157	2	0	0.75	0	150	50	124	
4	1	2	139	158	1	500	0.5	0.683247	0	0	0	
4	1	2	5	159	1	600	0.01	0.0324044	0	0	0	
4	1	2	222	160	1	300	0.01	0.0534173	0	0	0	
4	1	2	297	161	1	300	0.4	0.667621	0	0	0	
4	1	2	69	162	1	500	0.1	0.37444	0	0	0	
4	1	2	228	163	1	400	0.05	0.162467	0	0	0	
4	1	2	246	164	1	200	0.5	0.447474	0	0	0	
4	1	2	179	165	1	500	0.1	0.145801	0	0	0	
4	1	2	78	166	1	400	0.4	0.51115	0	0	0	
4	1	2	17	167	1	300	0.25	0.4431	0	0	0	
4	1	2	115	168	2	0	0.75	0	75	50	68.5	
4	1	2	193	169	1	400	0.5	0.606949	0	0	0	
4	1	2	274	170	1	500	0.99	0.990953	0	0	0	
4	1	2	209	171	1	500	0.9	0.939493	0	0	0	
4	1	2	208	172	1	400	0.9	0.828723	0	0	0	
4	1	2	100	173	1	600	0.9	0.879546	0	0	0	
4	1	2	143	174	1	400	0.6	0.670164	0	0	0	
4	1	2	177	175	1	300	0.1	0.427381	0	0	0	
4	1	2	303	176	1	400	0.5	0.563746	0	0	0	
4	1	2	92	177	2	0	0.6	0	50	0	37	
4	1	2	307	178	1	300	0.6	0.640863	0	0	0	
4	1	2	59	179	2	0	0.25	0	200	100	126	
4	1	2	320	180	1	600	0.9	0.916074	0	0	0	
4	1	2	121	181	2	0	0.9	0	25	0	2.5	
4	1	2	94	182	1	500	0.75	0.865379	0	0	0	
4	1	2	187	183	1	300	0.4	0.651071	0	0	0	
4	1	2	111	184	1	200	0.01	0.0202991	0	0	0	
4	1	2	264	185	1	500	0.9	0.875189	0	0	0	
4	1	2	269	186	1	500	0.95	0.947569	0	0	0	
4	1	2	243	187	1	400	0.4	0.561062	0	0	0	
4	1	2	81	188	1	200	0.5	0.542251	0	0	0	
4	1	2	182	189	1	300	0.25	0.563972	0	0	0	
4	1	2	306	190	1	200	0.6	0.694189	0	0	0	
4	1	2	115	191	1	600	0.01	0.0274331	0	0	0	
4	1	2	132	192	1	300	0.4	0.46705	0	0	0	
4	1	2	270	193	1	600	0.95	0.814083	0	0	0	
4	1	2	25	194	2	0	0.05	0	75	50	50.5	
4	1	2	232	195	1	300	0.1	0.103055	0	0	0	
4	1	2	72	196	1	300	0.25	0.129884	0	0	0	
4	1	2	325	197	1	600	0.95	0.880271	0	0	0	
4	1	2	298	198	1	400	0.4	0.460318	0	0	0	
4	1	3	133	199	1	400	0.4	0.584644	0	0	0	
4	1	3	104	200	1	500	0.95	0.972288	0	0	0	
4	1	3	330	201	1	600	0.99	0.985203	0	0	0	
4	1	3	237	202	1	300	0.25	0.477214	0	0	0	
4	1	3	97	203	1	300	0.9	0.65131	0	0	0	
4	1	3	68	204	1	400	0.1	0.0726124	0	0	0	
4	1	3	169	205	1	500	0.01	0.0208563	0	0	0	
4	1	3	41	206	1	200	0.9	0.053258	0	0	0	
4	1	3	51	207	2	0	0.25	0	200	0	12	
4	1	3	148	208	2	0	0.95	0	150	100	113	
4	1	3	137	209	1	300	0.5	0.614976	0	0	0	
4	1	3	76	210	1	200	0.4	0.636498	0	0	0	
4	1	3	248	211	1	400	0.5	0.662411	0	0	0	
4	1	3	226	212	1	200	0.05	0.077274	0	0	0	
4	1	3	127	213	1	300	0.25	0.0618826	0	0	0	
4	1	3	144	214	2	0	0.95	0	50	25	49.5	
4	1	3	49	215	1	500	0.95	0.981992	0	0	0	
4	1	3	52	216	2	0	0.25	0	400	0	200	
4	1	3	4	217	2	0	0.01	0	100	0	2	
4	1	3	34	218	1	500	0.6	0.7392	0	0	0	
4	1	3	99	219	1	500	0.9	0.791894	0	0	0	
4	1	3	310	220	1	600	0.6	0.860532	0	0	0	
4	1	3	304	221	1	500	0.5	0.677891	0	0	0	
4	1	3	122	222	1	300	0.1	0.0881277	0	0	0	
4	1	3	128	223	2	0	0.9	0	800	0	624	
4	1	3	80	224	1	600	0.4	0.671389	0	0	0	
4	1	3	98	225	1	400	0.9	0.87423	0	0	0	
4	1	3	83	226	1	400	0.5	0.691297	0	0	0	
4	1	3	74	227	1	500	0.25	0.476532	0	0	0	
4	1	3	106	228	2	0	0.75	0	25	0	0.5	
4	1	3	68	229	2	0	0.4	0	800	0	464	
4	1	3	215	230	1	600	0.95	0.921452	0	0	0	
4	1	3	44	231	2	0	0.1	0	200	100	154	
4	1	3	61	232	2	0	0.4	0	25	0	11.5	
4	1	3	25	233	1	600	0.4	0.362543	0	0	0	
4	1	3	39	234	2	0	0.1	0	50	25	37.5	
4	1	3	238	235	1	400	0.25	0.159517	0	0	0	
4	1	3	120	236	2	0	0.75	0	200	150	185	
4	1	3	53	237	2	0	0.25	0	800	0	496	
4	1	3	86	238	2	0	0.5	0	100	50	75	
4	1	3	6	239	1	200	0.05	0.064784	0	0	0	
4	1	3	117	240	1	300	0.05	0.036438	0	0	0	
4	1	3	160	241	2	0	0.99	0	75	50	56.5	
4	1	3	318	242	1	400	0.9	0.863026	0	0	0	
4	1	3	70	243	1	600	0.1	0.073037	0	0	0	
4	1	3	149	244	2	0	0.95	0	200	100	126	
4	1	3	113	245	1	400	0.01	0.0212898	0	0	0	
4	1	3	10	246	1	600	0.05	0.164037	0	0	0	
4	1	3	26	247	1	200	0.5	0.223524	0	0	0	
4	1	3	110	248	2	0	0.75	0	150	0	75	
4	1	3	82	249	2	0	0.5	0	400	0	184	
4	1	3	70	250	2	0	0.4	0	75	50	63.5	
4	1	3	129	251	1	500	0.25	0.36264	0	0	0	
4	1	3	258	252	1	400	0.75	0.816007	0	0	0	
4	1	3	111	253	2	0	0.75	0	200	0	188	
4	1	3	91	254	2	0	0.6	0	25	0	18.5	
4	1	3	6	255	2	0	0.01	0	200	0	36	
4	1	3	85	256	1	600	0.5	0.74836	0	0	0	
4	1	3	88	257	1	400	0.6	0.667135	0	0	0	
4	1	3	31	258	2	0	0.1	0	25	0	1.5	
4	1	3	202	259	1	300	0.75	0.647219	0	0	0	
4	1	3	148	260	1	400	0.75	0.670005	0	0	0	
4	1	3	159	261	1	500	0.95	0.926963	0	0	0	
4	1	3	2	262	1	300	0.01	0.0463805	0	0	0	
4	1	3	33	263	2	0	0.1	0	75	0	37.5	
4	1	3	147	264	1	300	0.75	0.663649	0	0	0	
4	1	3	155	265	2	0	0.99	0	150	0	135	
4	1	3	194	266	1	500	0.5	0.681549	0	0	0	
4	1	3	190	267	1	600	0.4	0.668886	0	0	0	
4	1	3	204	268	1	500	0.75	0.781912	0	0	0	
4	1	3	125	269	2	0	0.9	0	150	0	147	
4	1	3	326	270	1	200	0.99	0.975835	0	0	0	
4	1	3	296	271	1	200	0.4	0.523127	0	0	0	
4	1	3	278	272	1	400	0.01	0.0390077	0	0	0	
4	1	3	13	273	2	0	0.01	0	150	100	101	
4	1	3	40	274	2	0	0.1	0	75	50	61.5	
4	1	3	183	275	1	400	0.25	0.354838	0	0	0	
4	1	3	218	276	1	400	0.99	0.925552	0	0	0	
4	1	3	73	277	1	400	0.25	0.457306	0	0	0	
4	1	3	241	278	1	200	0.4	0.463693	0	0	0	
4	1	3	245	279	1	600	0.4	0.631088	0	0	0	
4	1	3	155	280	1	600	0.9	0.760036	0	0	0	
4	1	3	223	281	1	400	0.01	0.0282557	0	0	0	
4	1	3	57	282	1	300	0.01	0.0290032	0	0	0	
4	1	3	292	283	1	300	0.25	0.170061	0	0	0	
4	1	3	311	284	1	200	0.75	0.834344	0	0	0	
4	1	3	230	285	1	600	0.05	0.170552	0	0	0	
4	1	3	24	286	2	0	0.05	0	50	25	31.5	
4	1	3	101	287	1	200	0.95	0.880245	0	0	0	
4	1	3	142	288	1	300	0.6	0.704662	0	0	0	
4	1	3	180	289	1	600	0.1	0.145311	0	0	0	
4	1	3	64	290	1	500	0.05	0.0959163	0	0	0	
4	1	3	93	291	2	0	0.6	0	75	0	40.5	
4	1	3	75	292	2	0	0.4	0	200	150	175	
4	1	3	150	293	1	600	0.75	0.551053	0	0	0	
4	1	3	39	294	1	500	0.75	0.765667	0	0	0	
4	1	3	162	295	1	300	0.99	0.961766	0	0	0	
4	1	3	107	296	2	0	0.75	0	50	0	37	
4	1	3	67	297	2	0	0.4	0	400	0	120	
4	1	4	85	298	2	0	0.5	0	75	50	62.5	
4	1	4	15	299	1	600	0.1	0.0527892	0	0	0	
4	1	4	27	300	2	0	0.05	0	150	50	52	
4	1	4	15	301	2	0	0.01	0	200	150	151	
4	1	4	302	302	1	300	0.5	0.627997	0	0	0	
4	1	4	100	303	2	0	0.6	0	75	50	68.5	
4	1	4	40	304	1	600	0.75	0.823531	0	0	0	
4	1	4	130	305	2	0	0.9	0	75	50	68.5	
4	1	4	3	306	2	0	0.01	0	75	0	1.5	
4	1	4	291	307	1	200	0.25	0.391437	0	0	0	
4	1	4	32	308	2	0	0.1	0	50	0	1	
4	1	4	77	309	1	300	0.4	0.475785	0	0	0	
4	1	4	45	310	1	600	0.9	0.925773	0	0	0	
4	1	4	162	311	2	0	0.99	0	150	50	148	
4	1	4	143	312	2	0	0.95	0	800	0	656	
4	1	4	262	313	1	300	0.9	0.368089	0	0	0	
4	1	4	19	314	1	500	0.25	0.485732	0	0	0	
4	1	4	34	315	2	0	0.1	0	100	0	46	
4	1	4	126	316	2	0	0.9	0	200	0	172	
4	1	4	239	317	1	500	0.25	0.245784	0	0	0	
4	1	4	119	318	2	0	0.75	0	200	100	186	
4	1	4	216	319	1	200	0.99	0.972041	0	0	0	
4	1	4	20	320	2	0	0.05	0	150	0	51	
4	1	4	88	321	2	0	0.5	0	150	100	125	
4	1	4	247	322	1	300	0.5	0.540796	0	0	0	
4	1	4	66	323	1	200	0.1	0.155032	0	0	0	
4	1	4	164	324	1	500	0.99	0.965614	0	0	0	
4	1	4	58	325	1	400	0.01	0.0306573	0	0	0	
4	1	4	16	326	1	200	0.25	0.428421	0	0	0	
4	1	4	166	327	1	200	0.01	0.018039	0	0	0	
4	1	4	137	328	2	0	0.95	0	50	0	43	
4	1	4	259	329	1	500	0.75	0.872244	0	0	0	
4	1	4	72	330	2	0	0.4	0	150	50	100	
4	1	4	106	331	1	200	0.99	0.968852	0	0	0	
4	1	4	11	332	1	200	0.1	0.379168	0	0	0	
4	1	4	165	333	1	600	0.99	0.978887	0	0	0	
4	1	4	95	334	1	600	0.75	0.550212	0	0	0	
4	1	4	178	335	1	400	0.1	0.351251	0	0	0	
4	1	4	174	336	1	500	0.05	0.237743	0	0	0	
4	1	4	236	337	1	200	0.25	0.392574	0	0	0	
4	1	4	22	338	2	0	0.05	0	400	0	104	
4	1	4	173	339	1	400	0.05	0.132568	0	0	0	
4	1	4	127	340	2	0	0.9	0	400	0	328	
4	1	4	12	341	1	300	0.1	0.0683797	0	0	0	
4	1	4	86	342	1	200	0.6	0.728422	0	0	0	
4	1	4	273	343	1	400	0.99	0.97362	0	0	0	
4	1	4	112	344	1	300	0.01	0.0359559	0	0	0	
4	1	4	36	345	2	0	0.1	0	200	0	68	
4	1	4	27	346	1	300	0.5	0.675693	0	0	0	
4	1	4	97	347	2	0	0.6	0	400	0	136	
4	1	4	130	348	1	600	0.25	0.235873	0	0	0	
4	1	4	161	349	2	0	0.99	0	100	50	91	
4	1	4	87	350	2	0	0.5	0	150	50	76	
4	1	4	195	351	1	600	0.5	0.494197	0	0	0	
4	1	4	140	352	1	600	0.5	0.588014	0	0	0	
4	1	4	37	353	1	300	0.75	0.687758	0	0	0	
4	1	4	156	354	2	0	0.99	0	200	0	180	
4	1	4	83	355	2	0	0.5	0	800	0	592	
4	1	4	235	356	1	600	0.1	0.0490961	0	0	0	
4	1	4	145	357	2	0	0.95	0	75	50	62.5	
4	1	4	277	358	1	300	0.01	0.0357834	0	0	0	
4	1	4	140	359	2	0	0.95	0	150	0	39	
4	1	4	136	360	2	0	0.95	0	25	0	17.5	
4	1	4	244	361	1	500	0.4	0.619793	0	0	0	
4	1	4	205	362	1	600	0.75	0.623012	0	0	0	
4	1	4	42	363	1	300	0.9	0.770045	0	0	0	
4	1	4	254	364	1	500	0.6	0.599275	0	0	0	
4	1	4	21	365	1	200	0.4	0.434339	0	0	0	
4	1	4	112	366	2	0	0.75	0	400	0	264	
4	1	4	124	367	1	500	0.1	0.237222	0	0	0	
4	1	4	317	368	1	300	0.9	0.803862	0	0	0	
4	1	4	250	369	1	600	0.5	0.588766	0	0	0	
4	1	4	32	370	1	300	0.6	0.689536	0	0	0	
4	1	4	84	371	1	500	0.5	0.763579	0	0	0	
4	1	4	63	372	2	0	0.4	0	75	0	19.5	
4	1	4	188	373	1	400	0.4	0.663198	0	0	0	
4	1	4	253	374	1	400	0.6	0.589116	0	0	0	
4	1	4	149	375	1	500	0.75	0.755609	0	0	0	
4	1	4	52	376	1	300	0.99	0.97277	0	0	0	
4	1	4	197	377	1	300	0.6	0.688501	0	0	0	
4	1	4	276	378	1	200	0.01	0.0259072	0	0	0	
4	1	4	38	379	1	400	0.75	0.326961	0	0	0	
4	1	4	168	380	1	400	0.01	0.0279815	0	0	0	
4	1	4	157	381	1	300	0.95	0.948914	0	0	0	
4	1	4	327	382	1	300	0.99	0.975176	0	0	0	
4	1	4	105	383	2	0	0.6	0	200	150	177	
4	1	4	116	384	2	0	0.75	0	100	50	87	
4	1	4	54	385	1	500	0.99	0.983836	0	0	0	
4	1	4	164	386	2	0	0.99	0	200	100	182	
4	1	4	267	387	1	300	0.95	0.914849	0	0	0	
4	1	4	64	388	2	0	0.4	0	100	0	10	
4	1	4	275	389	1	600	0.99	0.95741	0	0	0	
4	1	4	271	390	1	200	0.99	0.972514	0	0	0	
4	1	4	229	391	1	500	0.05	0.272458	0	0	0	
4	1	4	224	392	1	500	0.01	0.0420461	0	0	0	
4	1	4	282	393	1	300	0.05	0.0783621	0	0	0	
4	1	4	328	394	1	400	0.99	0.961558	0	0	0	
4	1	4	31	395	1	200	0.6	0.552742	0	0	0	
4	1	4	299	396	1	500	0.4	0.685799	0	0	0	
4	1	5	152	397	2	0	0.99	0	50	0	33	
4	1	5	324	398	1	500	0.95	0.975628	0	0	0	
4	1	5	57	399	2	0	0.25	0	150	50	60	
4	1	5	61	400	1	200	0.05	0.0441514	0	0	0	
4	1	5	104	401	2	0	0.6	0	200	100	142	
4	1	5	163	402	2	0	0.99	0	150	100	141	
4	1	5	181	403	1	200	0.25	0.325966	0	0	0	
4	1	5	67	404	1	300	0.1	0.147637	0	0	0	
4	1	5	109	405	2	0	0.75	0	100	0	98	
4	1	5	3	406	1	400	0.01	0.0271943	0	0	0	
4	1	5	279	407	1	500	0.01	0.0359559	0	0	0	
4	1	5	170	408	1	600	0.01	0.0513208	0	0	0	
4	1	5	24	409	1	500	0.4	0.472039	0	0	0	
4	1	5	257	410	1	300	0.75	0.525449	0	0	0	
4	1	5	10	411	2	0	0.01	0	75	50	54.5	
4	1	5	48	412	1	400	0.95	0.889395	0	0	0	
4	1	5	96	413	1	200	0.9	0.90384	0	0	0	
4	1	5	37	414	2	0	0.1	0	400	0	216	
4	1	5	60	415	1	600	0.01	0.0341735	0	0	0	
4	1	5	131	416	1	200	0.4	0.477576	0	0	0	
4	1	5	108	417	1	400	0.99	0.952828	0	0	0	
4	1	5	305	418	1	600	0.5	0.538107	0	0	0	
4	1	5	71	419	1	200	0.25	0.42406	0	0	0	
4	1	5	89	420	2	0	0.5	0	200	100	150	
4	1	5	50	421	2	0	0.25	0	150	0	51	
4	1	5	87	422	1	300	0.6	0.661845	0	0	0	
4	1	5	153	423	2	0	0.99	0	75	0	61.5	
4	1	5	66	424	2	0	0.4	0	200	0	100	
4	1	5	23	425	2	0	0.05	0	800	0	240	
4	1	5	242	426	1	300	0.4	0.436307	0	0	0	
4	1	5	147	427	2	0	0.95	0	150	50	136	
4	1	5	19	428	2	0	0.05	0	100	0	18	
4	1	5	145	429	1	600	0.6	0.557652	0	0	0	
4	1	5	206	430	1	200	0.9	0.832889	0	0	0	
4	1	5	60	431	2	0	0.25	0	200	150	165	
4	1	5	294	432	1	500	0.25	0.372286	0	0	0	
4	1	5	91	433	1	200	0.75	0.376408	0	0	0	
4	1	5	135	434	1	600	0.4	0.521561	0	0	0	
4	1	5	107	435	1	300	0.99	0.972593	0	0	0	
4	1	5	158	436	1	400	0.95	0.904269	0	0	0	
4	1	5	14	437	2	0	0.01	0	200	100	118	
4	1	5	191	438	1	200	0.5	0.3962	0	0	0	
4	1	5	201	439	1	200	0.75	0.71353	0	0	0	
4	1	5	49	440	2	0	0.25	0	100	0	30	
4	1	5	118	441	2	0	0.75	0	150	100	141	
4	1	5	121	442	1	200	0.1	0.149229	0	0	0	
4	1	5	290	443	1	600	0.1	0.169773	0	0	0	
4	1	5	151	444	1	200	0.9	0.909825	0	0	0	
4	1	5	48	445	2	0	0.25	0	75	0	25.5	
4	1	5	319	446	1	500	0.9	0.908816	0	0	0	
4	1	5	153	447	1	400	0.9	0.854756	0	0	0	
4	1	5	225	448	1	600	0.01	0.0424796	0	0	0	
4	1	5	18	449	2	0	0.05	0	75	0	25.5	
4	1	5	136	450	1	200	0.5	0.556887	0	0	0	
4	1	5	287	451	1	300	0.1	0.125355	0	0	0	
4	1	5	141	452	2	0	0.95	0	200	0	164	
4	1	5	214	453	1	500	0.95	0.924252	0	0	0	
4	1	5	138	454	1	400	0.5	0.57422	0	0	0	
4	1	5	82	455	1	300	0.5	0.547683	0	0	0	
4	1	5	43	456	1	400	0.9	0.525024	0	0	0	
4	1	5	129	457	2	0	0.9	0	50	25	45.5	
4	1	5	139	458	2	0	0.95	0	100	0	86	
4	1	5	96	459	2	0	0.6	0	200	0	172	
4	1	5	47	460	2	0	0.25	0	50	0	7	
4	1	5	54	461	2	0	0.25	0	50	25	33.5	
4	1	5	8	462	2	0	0.01	0	800	0	432	
4	1	5	28	463	2	0	0.05	0	150	100	119	
4	1	5	36	464	1	200	0.75	0.662614	0	0	0	
4	1	5	146	465	1	200	0.75	0.681646	0	0	0	
4	1	5	134	466	2	0	0.9	0	200	100	182	
4	1	5	53	467	1	400	0.99	0.951651	0	0	0	
4	1	5	300	468	1	600	0.4	0.437802	0	0	0	
4	1	5	44	469	1	500	0.9	0.773959	0	0	0	
4	1	5	152	470	1	300	0.9	0.775578	0	0	0	
4	1	5	1	471	1	200	0.01	0.0038859	0	0	0	
4	1	5	71	472	2	0	0.4	0	100	50	75	
4	1	5	186	473	1	200	0.4	0.541743	0	0	0	
4	1	5	219	474	1	500	0.99	0.954517	0	0	0	
4	1	5	59	475	1	500	0.01	0.0211836	0	0	0	
4	1	5	280	476	1	600	0.01	0.0302593	0	0	0	
4	1	5	134	477	1	500	0.4	0.477505	0	0	0	
4	1	5	260	478	1	600	0.75	0.581539	0	0	0	
4	1	5	7	479	1	300	0.05	0.0646424	0	0	0	
4	1	5	313	480	1	400	0.75	0.534936	0	0	0	
4	1	5	288	481	1	400	0.1	0.0381762	0	0	0	
4	1	5	161	482	1	200	0.99	0.983235	0	0	0	
4	1	5	217	483	1	300	0.99	0.990342	0	0	0	
4	1	5	9	484	1	500	0.05	0.020644	0	0	0	
4	1	5	90	485	1	600	0.6	0.655861	0	0	0	
4	1	5	29	486	2	0	0.05	0	200	100	142	
4	1	5	200	487	1	600	0.6	0.655175	0	0	0	
4	1	5	157	488	2	0	0.99	0	400	0	376	
4	1	5	172	489	1	300	0.05	0.0505734	0	0	0	
4	1	5	75	490	1	600	0.25	0.183913	0	0	0	
4	1	5	113	491	2	0	0.75	0	800	0	720	
4	1	5	261	492	1	200	0.9	0.86595	0	0	0	
4	1	5	47	493	1	300	0.95	0.854946	0	0	0	
4	1	5	314	494	1	500	0.75	0.738824	0	0	0	
4	1	5	114	495	1	500	0.01	0.0420683	0	0	0	
4	2	1	309	1	1	500	0.6	0.51789	0	0	0	
4	2	1	237	2	1	300	0.25	0.140414	0	0	0	
4	2	1	190	3	1	600	0.4	0.192462	0	0	0	
4	2	1	76	4	2	0	0.5	0	25	0	11.5	
4	2	1	216	5	1	200	0.99	0.9799	0	0	0	
4	2	1	109	6	1	500	0.99	0.992257	0	0	0	
4	2	1	295	7	1	600	0.25	0.349584	0	0	0	
4	2	1	68	8	1	400	0.1	0.257673	0	0	0	
4	2	1	29	9	1	500	0.5	0.468341	0	0	0	
4	2	1	128	10	1	400	0.25	0.335519	0	0	0	
4	2	1	205	11	1	600	0.75	0.877113	0	0	0	
4	2	1	112	12	1	300	0.01	0.0313429	0	0	0	
4	2	1	267	13	1	300	0.95	0.953611	0	0	0	
4	2	1	91	14	1	200	0.75	0.68717	0	0	0	
4	2	1	33	15	1	400	0.6	0.621442	0	0	0	
4	2	1	124	16	2	0	0.9	0	100	0	86	
4	2	1	11	17	1	200	0.1	0.120251	0	0	0	
4	2	1	87	18	2	0	0.5	0	150	50	96	
4	2	1	95	19	1	600	0.75	0.850329	0	0	0	
4	2	1	63	20	2	0	0.4	0	75	0	22.5	
4	2	1	307	21	1	300	0.6	0.473467	0	0	0	
4	2	1	72	22	2	0	0.4	0	150	50	120	
4	2	1	139	23	1	500	0.5	0.484277	0	0	0	
4	2	1	187	24	1	300	0.4	0.247168	0	0	0	
4	2	1	207	25	1	300	0.9	0.94208	0	0	0	
4	2	1	182	26	1	300	0.25	0.273635	0	0	0	
4	2	1	213	27	1	400	0.95	0.875968	0	0	0	
4	2	1	143	28	2	0	0.95	0	800	0	592	
4	2	1	100	29	2	0	0.6	0	75	50	61.5	
4	2	1	172	30	1	300	0.05	0.0610245	0	0	0	
4	2	1	138	31	2	0	0.95	0	75	0	55.5	
4	2	1	107	32	2	0	0.75	0	50	0	17	
4	2	1	22	33	2	0	0.05	0	400	0	40	
4	2	1	70	34	2	0	0.4	0	75	50	63.5	
4	2	1	26	35	2	0	0.05	0	100	50	75	
4	2	1	5	36	1	600	0.01	0.0260045	0	0	0	
4	2	1	69	37	2	0	0.4	0	50	25	36.5	
4	2	1	126	38	1	200	0.25	0.362016	0	0	0	
4	2	1	9	39	1	500	0.05	0.0459338	0	0	0	
4	2	1	310	40	1	600	0.6	0.677749	0	0	0	
4	2	1	297	41	1	300	0.4	0.560504	0	0	0	
4	2	1	94	42	2	0	0.6	0	100	0	70	
4	2	1	318	43	1	400	0.9	0.89258	0	0	0	
4	2	1	248	44	1	400	0.5	0.583101	0	0	0	
4	2	1	240	45	1	600	0.25	0.422207	0	0	0	
4	2	1	221	46	1	200	0.01	0.0377781	0	0	0	
4	2	1	308	47	1	400	0.6	0.644675	0	0	0	
4	2	1	95	48	2	0	0.6	0	150	0	69	
4	2	1	51	49	2	0	0.25	0	200	0	44	
4	2	1	100	50	1	600	0.9	0.887427	0	0	0	
4	2	1	68	51	2	0	0.4	0	800	0	240	
4	2	1	192	52	1	300	0.5	0.472755	0	0	0	
4	2	1	153	53	2	0	0.99	0	75	0	43.5	
4	2	1	313	54	1	400	0.75	0.808431	0	0	0	
4	2	1	311	55	1	200	0.75	0.609934	0	0	0	
4	2	1	148	56	2	0	0.95	0	150	100	133	
4	2	1	90	57	1	600	0.6	0.662822	0	0	0	
4	2	1	75	58	1	600	0.25	0.421857	0	0	0	
4	2	1	199	59	1	500	0.6	0.681933	0	0	0	
4	2	1	305	60	1	600	0.5	0.619912	0	0	0	
4	2	1	65	61	1	600	0.05	0.0705204	0	0	0	
4	2	1	2	62	1	300	0.01	0.0450935	0	0	0	
4	2	1	324	63	1	500	0.95	0.934628	0	0	0	
4	2	1	220	64	1	600	0.99	0.977622	0	0	0	
4	2	1	200	65	1	600	0.6	0.6661	0	0	0	
4	2	1	9	66	2	0	0.01	0	50	25	26.5	
4	2	1	282	67	1	300	0.05	0.0531696	0	0	0	
4	2	1	149	68	2	0	0.95	0	200	100	186	
4	2	1	11	69	2	0	0.01	0	100	50	63	
4	2	1	61	70	2	0	0.4	0	25	0	6.5	
4	2	1	290	71	1	600	0.1	0.0649564	0	0	0	
4	2	1	177	72	1	300	0.1	0.0450891	0	0	0	
4	2	1	258	73	1	400	0.75	0.76767	0	0	0	
4	2	1	162	74	1	300	0.99	0.984292	0	0	0	
4	2	1	36	75	2	0	0.1	0	200	0	52	
4	2	1	242	76	1	300	0.4	0.464069	0	0	0	
4	2	1	28	77	1	400	0.5	0.547369	0	0	0	
4	2	1	1	78	1	200	0.01	0.0294455	0	0	0	
4	2	1	5	79	2	0	0.01	0	150	0	33	
4	2	1	54	80	2	0	0.25	0	50	25	31.5	
4	2	1	234	81	1	500	0.1	0.045978	0	0	0	
4	2	1	238	82	1	400	0.25	0.0529794	0	0	0	
4	2	1	71	83	1	200	0.25	0.041825	0	0	0	
4	2	1	148	84	1	400	0.75	0.839869	0	0	0	
4	2	1	85	85	2	0	0.5	0	75	50	62.5	
4	2	1	56	86	2	0	0.25	0	100	50	63	
4	2	1	74	87	2	0	0.4	0	200	100	146	
4	2	1	15	88	1	600	0.1	0.032767	0	0	0	
4	2	1	130	89	1	600	0.25	0.238075	0	0	0	
4	2	1	188	90	1	400	0.4	0.354347	0	0	0	
4	2	1	8	91	2	0	0.01	0	800	0	432	
4	2	1	222	92	1	300	0.01	0.015456	0	0	0	
4	2	1	103	93	2	0	0.6	0	150	100	135	
4	2	1	102	94	2	0	0.6	0	150	50	116	
4	2	1	155	95	1	600	0.9	0.830594	0	0	0	
4	2	1	127	96	1	300	0.25	0.436975	0	0	0	
4	2	1	82	97	2	0	0.5	0	400	0	200	
4	2	1	202	98	1	300	0.75	0.63184	0	0	0	
4	2	1	264	99	1	500	0.9	0.671911	0	0	0	
4	2	2	51	100	1	200	0.99	0.98431	0	0	0	
4	2	2	170	101	1	600	0.01	0.0332226	0	0	0	
4	2	2	180	102	1	600	0.1	0.0937005	0	0	0	
4	2	2	44	103	1	500	0.9	0.892974	0	0	0	
4	2	2	85	104	1	600	0.5	0.642752	0	0	0	
4	2	2	203	105	1	400	0.75	0.531889	0	0	0	
4	2	2	16	106	2	0	0.05	0	25	0	0.5	
4	2	2	270	107	1	600	0.95	0.957481	0	0	0	
4	2	2	223	108	1	400	0.01	0.0177117	0	0	0	
4	2	2	99	109	1	500	0.9	0.452764	0	0	0	
4	2	2	254	110	1	500	0.6	0.669386	0	0	0	
4	2	2	269	111	1	500	0.95	0.917609	0	0	0	
4	2	2	83	112	2	0	0.5	0	800	0	560	
4	2	2	38	113	2	0	0.1	0	800	0	368	
4	2	2	287	114	1	300	0.1	0.135306	0	0	0	
4	2	2	245	115	1	600	0.4	0.475391	0	0	0	
4	2	2	262	116	1	300	0.9	0.470469	0	0	0	
4	2	2	112	117	2	0	0.75	0	400	0	280	
4	2	2	286	118	1	200	0.1	0.14999	0	0	0	
4	2	2	328	119	1	400	0.99	0.971214	0	0	0	
4	2	2	122	120	1	300	0.1	0.136854	0	0	0	
4	2	2	30	121	2	0	0.05	0	200	150	153	
4	2	2	214	122	1	500	0.95	0.923792	0	0	0	
4	2	2	178	123	1	400	0.1	0.146071	0	0	0	
4	2	2	151	124	1	200	0.9	0.810788	0	0	0	
4	2	2	90	125	2	0	0.5	0	200	150	175	
4	2	2	57	126	2	0	0.25	0	150	50	56	
4	2	2	132	127	2	0	0.9	0	150	50	144	
4	2	2	26	128	1	200	0.5	0.511508	0	0	0	
4	2	2	82	129	1	300	0.5	0.554556	0	0	0	
4	2	2	155	130	2	0	0.99	0	150	0	141	
4	2	2	314	131	1	500	0.75	0.899519	0	0	0	
4	2	2	226	132	1	200	0.05	0.0366724	0	0	0	
4	2	2	261	133	1	200	0.9	0.948188	0	0	0	
4	2	2	210	134	1	600	0.9	0.955773	0	0	0	
4	2	2	145	135	2	0	0.95	0	75	50	71.5	
4	2	2	141	136	2	0	0.95	0	200	0	172	
4	2	2	162	137	2	0	0.99	0	150	50	124	
4	2	2	279	138	1	500	0.01	0.0371412	0	0	0	
4	2	2	133	139	1	400	0.4	0.48521	0	0	0	
4	2	2	246	140	1	200	0.5	0.554998	0	0	0	
4	2	2	158	141	2	0	0.99	0	800	0	752	
4	2	2	274	142	1	500	0.99	0.970718	0	0	0	
4	2	2	135	143	2	0	0.9	0	200	150	181	
4	2	2	23	144	2	0	0.05	0	800	0	16	
4	2	2	46	145	1	200	0.95	0.927299	0	0	0	
4	2	2	69	146	1	500	0.1	0.0953413	0	0	0	
4	2	2	24	147	1	500	0.4	0.471999	0	0	0	
4	2	2	253	148	1	400	0.6	0.593601	0	0	0	
4	2	2	80	149	1	600	0.4	0.5418	0	0	0	
4	2	2	53	150	2	0	0.25	0	800	0	208	
4	2	2	326	151	1	200	0.99	0.94557	0	0	0	
4	2	2	184	152	1	500	0.25	0.376068	0	0	0	
4	2	2	105	153	1	600	0.95	0.859696	0	0	0	
4	2	2	150	154	2	0	0.95	0	200	150	187	
4	2	2	319	155	1	500	0.9	0.68663	0	0	0	
4	2	2	159	156	1	500	0.95	0.785171	0	0	0	
4	2	2	152	157	1	300	0.9	0.871709	0	0	0	
4	2	2	21	158	2	0	0.05	0	200	0	4	
4	2	2	18	159	2	0	0.05	0	75	0	4.5	
4	2	2	137	160	1	300	0.5	0.59732	0	0	0	
4	2	2	124	161	1	500	0.1	0.253807	0	0	0	
4	2	2	198	162	1	400	0.6	0.563945	0	0	0	
4	2	2	321	163	1	200	0.95	0.887056	0	0	0	
4	2	2	92	164	2	0	0.6	0	50	0	35	
4	2	2	283	165	1	400	0.05	0.124859	0	0	0	
4	2	2	15	166	2	0	0.01	0	200	150	151	
4	2	2	101	167	2	0	0.6	0	100	50	71	
4	2	2	54	168	1	500	0.99	0.968263	0	0	0	
4	2	2	147	169	1	300	0.75	0.593326	0	0	0	
4	2	2	21	170	1	200	0.4	0.402706	0	0	0	
4	2	2	12	171	2	0	0.01	0	150	50	76	
4	2	2	49	172	2	0	0.25	0	100	0	10	
4	2	2	63	173	1	400	0.05	0.0373668	0	0	0	
4	2	2	17	174	2	0	0.05	0	50	0	3	
4	2	2	272	175	1	300	0.99	0.97745	0	0	0	
4	2	2	71	176	2	0	0.4	0	100	50	61	
4	2	2	217	177	1	300	0.99	0.98626	0	0	0	
4	2	2	67	178	1	300	0.1	0.0361859	0	0	0	
4	2	2	7	179	1	300	0.05	0.0286626	0	0	0	
4	2	2	113	180	1	400	0.01	0.0238594	0	0	0	
4	2	2	211	181	1	200	0.95	0.936145	0	0	0	
4	2	2	4	182	1	500	0.01	0.0206352	0	0	0	
4	2	2	159	183	2	0	0.99	0	50	25	45.5	
4	2	2	80	184	2	0	0.5	0	150	0	75	
4	2	2	47	185	2	0	0.25	0	50	0	13	
4	2	2	48	186	2	0	0.25	0	75	0	19.5	
4	2	2	8	187	1	400	0.05	0.0405556	0	0	0	
4	2	2	16	188	1	200	0.25	0.452583	0	0	0	
4	2	2	65	189	2	0	0.4	0	150	0	75	
4	2	2	176	190	1	200	0.1	0.121383	0	0	0	
4	2	2	232	191	1	300	0.1	0.149751	0	0	0	
4	2	2	101	192	1	200	0.95	0.906614	0	0	0	
4	2	2	165	193	2	0	0.99	0	200	150	199	
4	2	2	156	194	1	200	0.95	0.9517	0	0	0	
4	2	2	31	195	1	200	0.6	0.697002	0	0	0	
4	2	2	86	196	2	0	0.5	0	100	50	75	
4	2	2	183	197	1	400	0.25	0.41977	0	0	0	
4	2	2	163	198	1	400	0.99	0.975495	0	0	0	
4	2	3	111	199	1	200	0.01	0.0178665	0	0	0	
4	2	3	96	200	2	0	0.6	0	200	0	148	
4	2	3	42	201	2	0	0.1	0	150	50	100	
4	2	3	125	202	1	600	0.1	0.0311881	0	0	0	
4	2	3	154	203	2	0	0.99	0	100	0	70	
4	2	3	3	204	1	400	0.01	0.0280656	0	0	0	
4	2	3	141	205	1	200	0.6	0.522127	0	0	0	
4	2	3	41	206	2	0	0.1	0	100	50	51	
4	2	3	13	207	2	0	0.01	0	150	100	101	
4	2	3	115	208	2	0	0.75	0	75	50	72.5	
4	2	3	299	209	1	500	0.4	0.560686	0	0	0	
4	2	3	280	210	1	600	0.01	0.0342929	0	0	0	
4	2	3	173	211	1	400	0.05	0.0582957	0	0	0	
4	2	3	147	212	2	0	0.95	0	150	50	136	
4	2	3	181	213	1	200	0.25	0.149623	0	0	0	
4	2	3	206	214	1	200	0.9	0.891063	0	0	0	
4	2	3	37	215	1	300	0.75	0.721217	0	0	0	
4	2	3	241	216	1	200	0.4	0.726573	0	0	0	
4	2	3	34	217	2	0	0.1	0	100	0	26	
4	2	3	34	218	1	500	0.6	0.636953	0	0	0	
4	2	3	20	219	2	0	0.05	0	150	0	33	
4	2	3	39	220	1	500	0.75	0.636179	0	0	0	
4	2	3	161	221	1	200	0.99	0.724592	0	0	0	
4	2	3	109	222	2	0	0.75	0	100	0	70	
4	2	3	160	223	1	600	0.95	0.795791	0	0	0	
4	2	3	281	224	1	200	0.05	0.0438462	0	0	0	
4	2	3	79	225	1	500	0.4	0.471437	0	0	0	
4	2	3	251	226	1	200	0.6	0.540933	0	0	0	
4	2	3	39	227	2	0	0.1	0	50	25	26.5	
4	2	3	32	228	2	0	0.1	0	50	0	3	
4	2	3	120	229	1	600	0.05	0.0349342	0	0	0	
4	2	3	300	230	1	600	0.4	0.425228	0	0	0	
4	2	3	134	231	1	500	0.4	0.55012	0	0	0	
4	2	3	103	232	1	400	0.95	0.922722	0	0	0	
4	2	3	302	233	1	300	0.5	0.671973	0	0	0	
4	2	3	255	234	1	600	0.6	0.789643	0	0	0	
4	2	3	58	235	1	400	0.01	0.0208652	0	0	0	
4	2	3	259	236	1	500	0.75	0.873593	0	0	0	
4	2	3	329	237	1	500	0.99	0.0259691	0	0	0	
4	2	3	18	238	1	400	0.25	0.192754	0	0	0	
4	2	3	7	239	2	0	0.01	0	400	0	40	
4	2	3	91	240	2	0	0.6	0	25	0	18.5	
4	2	3	185	241	1	600	0.25	0.859528	0	0	0	
4	2	3	113	242	2	0	0.75	0	800	0	720	
4	2	3	29	243	2	0	0.05	0	200	100	106	
4	2	3	218	244	1	400	0.99	0.966393	0	0	0	
4	2	3	108	245	1	400	0.99	0.985013	0	0	0	
4	2	3	2	246	2	0	0.01	0	50	0	5	
4	2	3	293	247	1	400	0.25	0.125156	0	0	0	
4	2	3	127	248	2	0	0.9	0	400	0	360	
4	2	3	284	249	1	500	0.05	0.118689	0	0	0	
4	2	3	143	250	1	400	0.6	0.577497	0	0	0	
4	2	3	171	251	1	200	0.05	0.127287	0	0	0	
4	2	3	42	252	1	300	0.9	0.233812	0	0	0	
4	2	3	13	253	1	400	0.1	0.121215	0	0	0	
4	2	3	135	254	1	600	0.4	0.528753	0	0	0	
4	2	3	130	255	2	0	0.9	0	75	50	74.5	
4	2	3	1	256	2	0	0.01	0	25	0	2.5	
4	2	3	123	257	1	400	0.1	0.523706	0	0	0	
4	2	3	78	258	2	0	0.5	0	75	0	37.5	
4	2	3	98	259	1	400	0.9	0.765485	0	0	0	
4	2	3	268	260	1	400	0.95	0.88181	0	0	0	
4	2	3	315	261	1	600	0.75	0.659872	0	0	0	
4	2	3	139	262	2	0	0.95	0	100	0	86	
4	2	3	140	263	2	0	0.95	0	150	0	135	
4	2	3	121	264	2	0	0.9	0	25	0	22.5	
4	2	3	179	265	1	500	0.1	0.14275	0	0	0	
4	2	3	105	266	2	0	0.6	0	200	150	183	
4	2	3	79	267	2	0	0.5	0	100	0	50	
4	2	3	132	268	1	300	0.4	0.56307	0	0	0	
4	2	3	22	269	1	300	0.4	0.465263	0	0	0	
4	2	3	243	270	1	400	0.4	0.572008	0	0	0	
4	2	3	301	271	1	200	0.5	0.5	0	0	0	
4	2	3	285	272	1	600	0.05	0.155138	0	0	0	
4	2	3	50	273	1	600	0.95	0.843155	0	0	0	
4	2	3	59	274	2	0	0.25	0	200	100	126	
4	2	3	72	275	1	300	0.25	0.177876	0	0	0	
4	2	3	17	276	1	300	0.25	0.146898	0	0	0	
4	2	3	27	277	1	300	0.5	0.424467	0	0	0	
4	2	3	260	278	1	600	0.75	0.686896	0	0	0	
4	2	3	128	279	2	0	0.9	0	800	0	560	
4	2	3	219	280	1	500	0.99	0.960784	0	0	0	
4	2	3	325	281	1	600	0.95	0.949754	0	0	0	
4	2	3	317	282	1	300	0.9	0.870001	0	0	0	
4	2	3	57	283	1	300	0.01	0.0277692	0	0	0	
4	2	3	239	284	1	500	0.25	0.150481	0	0	0	
4	2	3	89	285	2	0	0.5	0	200	100	150	
4	2	3	119	286	1	500	0.05	0.0393438	0	0	0	
4	2	3	93	287	1	400	0.75	0.279504	0	0	0	
4	2	3	136	288	2	0	0.95	0	25	0	24.5	
4	2	3	10	289	1	600	0.05	0.027924	0	0	0	
4	2	3	146	290	2	0	0.95	0	100	50	85	
4	2	3	273	291	1	400	0.99	0.95373	0	0	0	
4	2	3	104	292	1	500	0.95	0.766166	0	0	0	
4	2	3	52	293	1	300	0.99	0.95745	0	0	0	
4	2	3	33	294	2	0	0.1	0	75	0	22.5	
4	2	3	167	295	1	300	0.01	0.0270748	0	0	0	
4	2	3	289	296	1	500	0.1	0.126704	0	0	0	
4	2	3	119	297	2	0	0.75	0	200	100	166	
4	2	4	93	298	2	0	0.6	0	75	0	52.5	
4	2	4	89	299	1	500	0.6	0.642667	0	0	0	
4	2	4	142	300	2	0	0.95	0	400	0	280	
4	2	4	292	301	1	300	0.25	0.319416	0	0	0	
4	2	4	164	302	2	0	0.99	0	200	100	174	
4	2	4	116	303	1	200	0.05	0.0487114	0	0	0	
4	2	4	4	304	2	0	0.01	0	100	0	10	
4	2	4	175	305	1	600	0.05	0.0835191	0	0	0	
4	2	4	140	306	1	600	0.5	0.729138	0	0	0	
4	2	4	47	307	1	300	0.95	0.754026	0	0	0	
4	2	4	236	308	1	200	0.25	0.513414	0	0	0	
4	2	4	73	309	1	400	0.25	0.423255	0	0	0	
4	2	4	161	310	2	0	0.99	0	100	50	87	
4	2	4	6	311	2	0	0.01	0	200	0	44	
4	2	4	37	312	2	0	0.1	0	400	0	24	
4	2	4	43	313	1	400	0.9	0.869586	0	0	0	
4	2	4	197	314	1	300	0.6	0.612866	0	0	0	
4	2	4	257	315	1	300	0.75	0.430756	0	0	0	
4	2	4	244	316	1	500	0.4	0.574808	0	0	0	
4	2	4	52	317	2	0	0.25	0	400	0	120	
4	2	4	235	318	1	600	0.1	0.0448414	0	0	0	
4	2	4	92	319	1	300	0.75	0.58318	0	0	0	
4	2	4	123	320	2	0	0.9	0	75	0	52.5	
4	2	4	45	321	2	0	0.1	0	200	150	165	
4	2	4	114	322	1	500	0.01	0.0343991	0	0	0	
4	2	4	194	323	1	500	0.5	0.533972	0	0	0	
4	2	4	77	324	1	300	0.4	0.571822	0	0	0	
4	2	4	208	325	1	400	0.9	0.883097	0	0	0	
4	2	4	275	326	1	600	0.99	0.978153	0	0	0	
4	2	4	209	327	1	500	0.9	0.840992	0	0	0	
4	2	4	160	328	2	0	0.99	0	75	50	56.5	
4	2	4	153	329	1	400	0.9	0.770249	0	0	0	
4	2	4	108	330	2	0	0.75	0	75	0	52.5	
4	2	4	145	331	1	600	0.6	0.631478	0	0	0	
4	2	4	157	332	1	300	0.95	0.652614	0	0	0	
4	2	4	62	333	1	300	0.05	0.25735	0	0	0	
4	2	4	118	334	2	0	0.75	0	150	100	135	
4	2	4	35	335	1	600	0.6	0.653097	0	0	0	
4	2	4	98	336	2	0	0.6	0	800	0	560	
4	2	4	126	337	2	0	0.9	0	200	0	180	
4	2	4	271	338	1	200	0.99	0.0289988	0	0	0	
4	2	4	166	339	1	200	0.01	0.0302283	0	0	0	
4	2	4	225	340	1	600	0.01	0.0268272	0	0	0	
4	2	4	66	341	1	200	0.1	0.0597065	0	0	0	
4	2	4	73	342	2	0	0.4	0	150	100	113	
4	2	4	277	343	1	300	0.01	0.0224486	0	0	0	
4	2	4	58	344	2	0	0.25	0	150	100	113	
4	2	4	228	345	1	400	0.05	0.0526256	0	0	0	
4	2	4	31	346	2	0	0.1	0	25	0	6.5	
4	2	4	136	347	1	200	0.5	0.563472	0	0	0	
4	2	4	76	348	1	200	0.4	0.541084	0	0	0	
4	2	4	43	349	2	0	0.1	0	150	100	111	
4	2	4	25	350	1	600	0.4	0.575462	0	0	0	
4	2	4	230	351	1	600	0.05	0.368253	0	0	0	
4	2	4	204	352	1	500	0.75	0.454432	0	0	0	
4	2	4	169	353	1	500	0.01	0.032913	0	0	0	
4	2	4	229	354	1	500	0.05	0.160512	0	0	0	
4	2	4	77	355	2	0	0.5	0	50	0	25	
4	2	4	215	356	1	600	0.95	0.0431165	0	0	0	
4	2	4	247	357	1	300	0.5	0.470119	0	0	0	
4	2	4	94	358	1	500	0.75	0.434914	0	0	0	
4	2	4	10	359	2	0	0.01	0	75	50	50.5	
4	2	4	201	360	1	200	0.75	0.451999	0	0	0	
4	2	4	227	361	1	300	0.05	0.163953	0	0	0	
4	2	4	129	362	1	500	0.25	0.443857	0	0	0	
4	2	4	304	363	1	500	0.5	0.653782	0	0	0	
4	2	4	32	364	1	300	0.6	0.549806	0	0	0	
4	2	4	131	365	1	200	0.4	0.424838	0	0	0	
4	2	4	134	366	2	0	0.9	0	200	100	166	
4	2	4	27	367	2	0	0.05	0	150	50	76	
4	2	4	252	368	1	300	0.6	0.560102	0	0	0	
4	2	4	19	369	1	500	0.25	0.41935	0	0	0	
4	2	4	152	370	2	0	0.99	0	50	0	37	
4	2	4	53	371	1	400	0.99	0.0241381	0	0	0	
4	2	4	30	372	1	600	0.5	0.53904	0	0	0	
4	2	4	131	373	2	0	0.9	0	100	50	97	
4	2	4	97	374	2	0	0.6	0	400	0	248	
4	2	4	195	375	1	600	0.5	0.565232	0	0	0	
4	2	4	55	376	1	600	0.99	0.978383	0	0	0	
4	2	4	49	377	1	500	0.95	0.930055	0	0	0	
4	2	4	163	378	2	0	0.99	0	150	100	147	
4	2	4	196	379	1	200	0.6	0.471216	0	0	0	
4	2	4	142	380	1	300	0.6	0.482645	0	0	0	
4	2	4	59	381	1	500	0.01	0.0348325	0	0	0	
4	2	4	288	382	1	400	0.1	0.0492377	0	0	0	
4	2	4	25	383	2	0	0.05	0	75	50	51.5	
4	2	4	102	384	1	300	0.95	0.936468	0	0	0	
4	2	4	122	385	2	0	0.9	0	50	0	35	
4	2	4	35	386	2	0	0.1	0	150	0	45	
4	2	4	164	387	1	500	0.99	0.972576	0	0	0	
4	2	4	6	388	1	200	0.05	0.0428688	0	0	0	
4	2	4	106	389	2	0	0.75	0	25	0	17.5	
4	2	4	150	390	1	600	0.75	0.67372	0	0	0	
4	2	4	88	391	1	400	0.6	0.674994	0	0	0	
4	2	4	121	392	1	200	0.1	0.335661	0	0	0	
4	2	4	46	393	2	0	0.25	0	25	0	6.5	
4	2	4	158	394	1	400	0.95	0.663649	0	0	0	
4	2	4	322	395	1	300	0.95	0.810545	0	0	0	
4	2	4	144	396	2	0	0.95	0	50	25	47.5	
4	2	5	78	397	1	400	0.4	0.539469	0	0	0	
4	2	5	266	398	1	200	0.95	0.977706	0	0	0	
4	2	5	110	399	2	0	0.75	0	150	0	111	
4	2	5	306	400	1	200	0.6	0.627546	0	0	0	
4	2	5	146	401	1	200	0.75	0.658501	0	0	0	
4	2	5	115	402	1	600	0.01	0.0314888	0	0	0	
4	2	5	212	403	1	300	0.95	0.917197	0	0	0	
4	2	5	24	404	2	0	0.05	0	50	25	31.5	
4	2	5	36	405	1	200	0.75	0.673388	0	0	0	
4	2	5	193	406	1	400	0.5	0.659098	0	0	0	
4	2	5	231	407	1	200	0.1	0.319995	0	0	0	
4	2	5	106	408	1	200	0.99	0.968989	0	0	0	
4	2	5	62	409	2	0	0.4	0	50	0	25	
4	2	5	117	410	2	0	0.75	0	150	50	116	
4	2	5	64	411	2	0	0.4	0	100	0	50	
4	2	5	14	412	1	500	0.1	0.44034	0	0	0	
4	2	5	48	413	1	400	0.95	0.936454	0	0	0	
4	2	5	104	414	2	0	0.6	0	200	100	150	
4	2	5	327	415	1	300	0.99	0.952399	0	0	0	
4	2	5	138	416	1	400	0.5	0.759935	0	0	0	
4	2	5	81	417	1	200	0.5	0.571681	0	0	0	
4	2	5	12	418	1	300	0.1	0.23769	0	0	0	
4	2	5	137	419	2	0	0.95	0	50	0	37	
4	2	5	174	420	1	500	0.05	0.10003	0	0	0	
4	2	5	165	421	1	600	0.99	0.919856	0	0	0	
4	2	5	233	422	1	400	0.1	0.162423	0	0	0	
4	2	5	120	423	2	0	0.75	0	200	150	183	
4	2	5	256	424	1	200	0.75	0.565056	0	0	0	
4	2	5	303	425	1	400	0.5	0.581792	0	0	0	
4	2	5	191	426	1	200	0.5	0.598355	0	0	0	
4	2	5	74	427	1	500	0.25	0.559907	0	0	0	
4	2	5	129	428	2	0	0.9	0	50	25	42.5	
4	2	5	316	429	1	200	0.9	0.785339	0	0	0	
4	2	5	66	430	2	0	0.4	0	200	0	60	
4	2	5	133	431	2	0	0.9	0	150	100	135	
4	2	5	144	432	1	500	0.6	0.66522	0	0	0	
4	2	5	86	433	1	200	0.6	0.623915	0	0	0	
4	2	5	97	434	1	300	0.9	0.765843	0	0	0	
4	2	5	60	435	2	0	0.25	0	200	150	165	
4	2	5	250	436	1	600	0.5	0.572862	0	0	0	
4	2	5	312	437	1	300	0.75	0.836361	0	0	0	
4	2	5	45	438	1	600	0.9	0.823588	0	0	0	
4	2	5	276	439	1	200	0.01	0.0281009	0	0	0	
4	2	5	265	440	1	600	0.9	0.933619	0	0	0	
4	2	5	151	441	2	0	0.99	0	25	0	24.5	
4	2	5	99	442	2	0	0.6	0	50	25	42.5	
4	2	5	298	443	1	400	0.4	0.569456	0	0	0	
4	2	5	28	444	2	0	0.05	0	150	100	113	
4	2	5	118	445	1	400	0.05	0.154196	0	0	0	
4	2	5	41	446	1	200	0.9	0.749572	0	0	0	
4	2	5	111	447	2	0	0.75	0	200	0	140	
4	2	5	249	448	1	500	0.5	0.661146	0	0	0	
4	2	5	116	449	2	0	0.75	0	100	50	87	
4	2	5	38	450	1	400	0.75	0.691036	0	0	0	
4	2	5	189	451	1	500	0.4	0.588483	0	0	0	
4	2	5	330	452	1	600	0.99	0.970807	0	0	0	
4	2	5	3	453	2	0	0.01	0	75	0	34.5	
4	2	5	224	454	1	500	0.01	0.0260222	0	0	0	
4	2	5	75	455	2	0	0.4	0	200	150	175	
4	2	5	44	456	2	0	0.1	0	200	100	126	
4	2	5	84	457	1	500	0.5	0.562349	0	0	0	
4	2	5	56	458	1	200	0.01	0.0502859	0	0	0	
4	2	5	19	459	2	0	0.05	0	100	0	46	
4	2	5	81	460	2	0	0.5	0	200	0	84	
4	2	5	263	461	1	400	0.9	0.570182	0	0	0	
4	2	5	323	462	1	400	0.95	0.913708	0	0	0	
4	2	5	96	463	1	200	0.9	0.864256	0	0	0	
4	2	5	50	464	2	0	0.25	0	150	0	39	
4	2	5	84	465	2	0	0.5	0	50	25	37.5	
4	2	5	70	466	1	600	0.1	0.136659	0	0	0	
4	2	5	64	467	1	500	0.05	0.0799587	0	0	0	
4	2	5	83	468	1	400	0.5	0.438956	0	0	0	
4	2	5	149	469	1	500	0.75	0.447855	0	0	0	
4	2	5	88	470	2	0	0.5	0	150	100	125	
4	2	5	157	471	2	0	0.99	0	400	0	392	
4	2	5	296	472	1	200	0.4	0.427917	0	0	0	
4	2	5	60	473	1	600	0.01	0.0199585	0	0	0	
4	2	5	107	474	1	300	0.99	0.974146	0	0	0	
4	2	5	14	475	2	0	0.01	0	200	100	126	
4	2	5	168	476	1	400	0.01	0.0231297	0	0	0	
4	2	5	40	477	1	600	0.75	0.625834	0	0	0	
4	2	5	114	478	2	0	0.75	0	50	25	43.5	
4	2	5	110	479	1	600	0.99	0.971227	0	0	0	
4	2	5	23	480	1	400	0.4	0.552442	0	0	0	
4	2	5	55	481	2	0	0.25	0	75	50	61.5	
4	2	5	125	482	2	0	0.9	0	150	0	105	
4	2	5	291	483	1	200	0.25	0.354626	0	0	0	
4	2	5	156	484	2	0	0.99	0	200	0	180	
4	2	5	87	485	1	300	0.6	0.632278	0	0	0	
4	2	5	278	486	1	400	0.01	0.0486848	0	0	0	
4	2	5	20	487	1	600	0.25	0.0721789	0	0	0	
4	2	5	61	488	1	200	0.05	0.0896447	0	0	0	
4	2	5	320	489	1	600	0.9	0.847011	0	0	0	
4	2	5	294	490	1	500	0.25	0.390097	0	0	0	
4	2	5	117	491	1	300	0.05	0.13298	0	0	0	
4	2	5	154	492	1	500	0.9	0.668806	0	0	0	
4	2	5	40	493	2	0	0.1	0	75	50	61.5	
4	2	5	186	494	1	200	0.4	0.538116	0	0	0	
4	2	5	67	495	2	0	0.4	0	400	0	200	
