Subject#	Session#	Block#	Stim#	Trial#	Task	Numerosity	P_true	P_reported	x1	x2	CE	
28	1	1	52	1	2	0	0.25	0	400	0	104	
28	1	1	113	2	1	400	0.01	0.00959579	0	0	0	
28	1	1	167	3	1	300	0.01	0.00959579	0	0	0	
28	1	1	144	4	1	500	0.6	0.552013	0	0	0	
28	1	1	319	5	1	500	0.9	0.719727	0	0	0	
28	1	1	53	6	2	0	0.25	0	800	0	304	
28	1	1	239	7	1	500	0.25	0.319548	0	0	0	
28	1	1	136	8	1	200	0.5	0.476647	0	0	0	
28	1	1	13	9	2	0	0.01	0	150	100	107	
28	1	1	300	10	1	600	0.4	0.419327	0	0	0	
28	1	1	264	11	1	500	0.9	0.893809	0	0	0	
28	1	1	216	12	1	200	0.99	0.997835	0	0	0	
28	1	1	260	13	1	600	0.75	0.615701	0	0	0	
28	1	1	45	14	1	600	0.9	0.898055	0	0	0	
28	1	1	242	15	1	300	0.4	0.383237	0	0	0	
28	1	1	140	16	1	600	0.5	0.489385	0	0	0	
28	1	1	101	17	2	0	0.6	0	100	50	61	
28	1	1	74	18	1	500	0.25	0.27815	0	0	0	
28	1	1	289	19	1	500	0.1	0.192171	0	0	0	
28	1	1	183	20	1	400	0.25	0.311056	0	0	0	
28	1	1	158	21	2	0	0.99	0	800	0	688	
28	1	1	181	22	1	200	0.25	0.235691	0	0	0	
28	1	1	22	23	2	0	0.05	0	400	0	56	
28	1	1	56	24	1	200	0.01	0.0127802	0	0	0	
28	1	1	101	25	1	200	0.95	0.985097	0	0	0	
28	1	1	178	26	1	400	0.1	0.0467476	0	0	0	
28	1	1	56	27	2	0	0.25	0	100	50	61	
28	1	1	24	28	2	0	0.05	0	50	25	30.5	
28	1	1	9	29	2	0	0.01	0	50	25	26.5	
28	1	1	17	30	2	0	0.05	0	50	0	13	
28	1	1	138	31	2	0	0.95	0	75	0	49.5	
28	1	1	328	32	1	400	0.99	0.986158	0	0	0	
28	1	1	117	33	2	0	0.75	0	150	50	100	
28	1	1	111	34	2	0	0.75	0	200	0	100	
28	1	1	14	35	1	500	0.1	0.0870839	0	0	0	
28	1	1	186	36	1	200	0.4	0.5	0	0	0	
28	1	1	82	37	2	0	0.5	0	400	0	184	
28	1	1	250	38	1	600	0.5	0.567935	0	0	0	
28	1	1	327	39	1	300	0.99	0.986158	0	0	0	
28	1	1	175	40	1	600	0.05	0.0435632	0	0	0	
28	1	1	263	41	1	400	0.9	0.928838	0	0	0	
28	1	1	269	42	1	500	0.95	0.942638	0	0	0	
28	1	1	232	43	1	300	0.1	0.162449	0	0	0	
28	1	1	137	44	1	300	0.5	0.424635	0	0	0	
28	1	1	1	45	1	200	0.01	0.0106573	0	0	0	
28	1	1	150	46	1	600	0.75	0.642238	0	0	0	
28	1	1	33	47	2	0	0.1	0	75	0	25.5	
28	1	1	38	48	1	400	0.75	0.591287	0	0	0	
28	1	1	89	49	2	0	0.5	0	200	100	150	
28	1	1	15	50	1	600	0.1	0.116805	0	0	0	
28	1	1	143	51	1	400	0.6	0.62207	0	0	0	
28	1	1	72	52	1	300	0.25	0.370499	0	0	0	
28	1	1	296	53	1	200	0.4	0.5	0	0	0	
28	1	1	91	54	2	0	0.6	0	25	0	14.5	
28	1	1	12	55	2	0	0.01	0	150	50	56	
28	1	1	268	56	1	400	0.95	0.922469	0	0	0	
28	1	1	42	57	1	300	0.9	0.922469	0	0	0	
28	1	1	45	58	2	0	0.1	0	200	150	169	
28	1	1	134	59	1	500	0.4	0.370499	0	0	0	
28	1	1	7	60	2	0	0.01	0	400	0	56	
28	1	1	80	61	2	0	0.5	0	150	0	51	
28	1	1	234	62	1	500	0.1	0.0934528	0	0	0	
28	1	1	12	63	1	300	0.1	0.082838	0	0	0	
28	1	1	4	64	1	500	0.01	0.0180876	0	0	0	
28	1	1	95	65	1	600	0.75	0.703804	0	0	0	
28	1	1	115	66	2	0	0.75	0	75	50	63.5	
28	1	1	243	67	1	400	0.4	0.391729	0	0	0	
28	1	1	112	68	1	300	0.01	0.00853431	0	0	0	
28	1	1	196	69	1	200	0.6	0.637993	0	0	0	
28	1	1	62	70	1	300	0.05	0.115744	0	0	0	
28	1	1	274	71	1	500	0.99	0.990404	0	0	0	
28	1	1	123	72	2	0	0.9	0	75	0	49.5	
28	1	1	215	73	1	600	0.95	0.903363	0	0	0	
28	1	1	3	74	2	0	0.01	0	75	0	10.5	
28	1	1	90	75	1	600	0.6	0.498939	0	0	0	
28	1	1	108	76	1	400	0.99	0.988281	0	0	0	
28	1	1	47	77	1	300	0.95	0.979789	0	0	0	
28	1	1	64	78	1	500	0.05	0.0860224	0	0	0	
28	1	1	40	79	2	0	0.1	0	75	50	59.5	
28	1	1	209	80	1	500	0.9	0.88001	0	0	0	
28	1	1	106	81	1	200	0.99	0.995712	0	0	0	
28	1	1	228	82	1	400	0.05	0.0764691	0	0	0	
28	1	1	320	83	1	600	0.9	0.846043	0	0	0	
28	1	1	97	84	2	0	0.6	0	400	0	168	
28	1	1	151	85	1	200	0.9	0.913978	0	0	0	
28	1	1	94	86	2	0	0.6	0	100	0	30	
28	1	1	165	87	1	600	0.99	0.978728	0	0	0	
28	1	1	92	88	2	0	0.6	0	50	0	25	
28	1	1	66	89	1	200	0.1	0.752632	0	0	0	
28	1	1	210	90	1	600	0.9	0.777047	0	0	0	
28	1	1	189	91	1	500	0.4	0.580673	0	0	0	
28	1	1	25	92	2	0	0.05	0	75	50	56.5	
28	1	1	41	93	2	0	0.1	0	100	50	65	
28	1	1	125	94	1	600	0.1	0.140158	0	0	0	
28	1	1	159	95	2	0	0.99	0	50	25	37.5	
28	1	1	48	96	2	0	0.25	0	75	0	25.5	
28	1	1	104	97	2	0	0.6	0	200	100	150	
28	1	1	171	98	1	200	0.05	0.0785921	0	0	0	
28	1	1	237	99	1	300	0.25	0.332286	0	0	0	
28	1	2	75	100	2	0	0.4	0	200	150	169	
28	1	2	14	101	2	0	0.01	0	200	100	110	
28	1	2	29	102	2	0	0.05	0	200	100	114	
28	1	2	157	103	1	300	0.95	0.913978	0	0	0	
28	1	2	266	104	1	200	0.95	0.960683	0	0	0	
28	1	2	164	105	1	500	0.99	0.990404	0	0	0	
28	1	2	61	106	2	0	0.4	0	25	0	8.5	
28	1	2	114	107	2	0	0.75	0	50	25	36.5	
28	1	2	246	108	1	200	0.5	0.611456	0	0	0	
28	1	2	160	109	1	600	0.95	0.924592	0	0	0	
28	1	2	141	110	2	0	0.95	0	200	0	108	
28	1	2	126	111	2	0	0.9	0	200	0	92	
28	1	2	132	112	2	0	0.9	0	150	50	72	
28	1	2	138	113	1	400	0.5	0.515922	0	0	0	
28	1	2	221	114	1	200	0.01	0.0032269	0	0	0	
28	1	2	70	115	2	0	0.4	0	75	50	56.5	
28	1	2	302	116	1	300	0.5	0.419327	0	0	0	
28	1	2	258	117	1	400	0.75	0.654976	0	0	0	
28	1	2	179	118	1	500	0.1	0.183679	0	0	0	
28	1	2	103	119	2	0	0.6	0	150	100	119	
28	1	2	202	120	1	300	0.75	0.591287	0	0	0	
28	1	2	174	121	1	500	0.05	0.0934528	0	0	0	
28	1	2	291	122	1	200	0.25	0.391729	0	0	0	
28	1	2	24	123	1	500	0.4	0.572181	0	0	0	
28	1	2	114	124	1	500	0.01	0.0170262	0	0	0	
28	1	2	147	125	2	0	0.95	0	150	50	100	
28	1	2	166	126	1	200	0.01	0.0202106	0	0	0	
28	1	2	129	127	2	0	0.9	0	50	25	36.5	
28	1	2	295	128	1	600	0.25	0.416143	0	0	0	
28	1	2	247	129	1	300	0.5	0.56475	0	0	0	
28	1	2	21	130	1	200	0.4	0.481955	0	0	0	
28	1	2	33	131	1	400	0.6	0.573242	0	0	0	
28	1	2	132	132	1	300	0.4	0.539275	0	0	0	
28	1	2	273	133	1	400	0.99	0.98722	0	0	0	
28	1	2	105	134	1	600	0.95	0.918224	0	0	0	
28	1	2	142	135	2	0	0.95	0	400	0	184	
28	1	2	188	136	1	400	0.4	0.919285	0	0	0	
28	1	2	10	137	1	600	0.05	0.105129	0	0	0	
28	1	2	206	138	1	200	0.9	0.885318	0	0	0	
28	1	2	67	139	1	300	0.1	0.116805	0	0	0	
28	1	2	28	140	2	0	0.05	0	150	100	107	
28	1	2	145	141	2	0	0.95	0	75	50	66.5	
28	1	2	201	142	1	200	0.75	0.681513	0	0	0	
28	1	2	137	143	2	0	0.95	0	50	0	37	
28	1	2	156	144	2	0	0.99	0	200	0	148	
28	1	2	256	145	1	200	0.75	0.652853	0	0	0	
28	1	2	76	146	1	200	0.4	0.47877	0	0	0	
28	1	2	122	147	1	300	0.1	0.209154	0	0	0	
28	1	2	299	148	1	500	0.4	0.554136	0	0	0	
28	1	2	146	149	2	0	0.95	0	100	50	69	
28	1	2	272	150	1	300	0.99	0.981912	0	0	0	
28	1	2	84	151	1	500	0.5	0.434188	0	0	0	
28	1	2	197	152	1	300	0.6	0.5	0	0	0	
28	1	2	195	153	1	600	0.5	0.464971	0	0	0	
28	1	2	16	154	2	0	0.05	0	25	0	6.5	
28	1	2	81	155	2	0	0.5	0	200	0	68	
28	1	2	55	156	1	600	0.99	0.990404	0	0	0	
28	1	2	69	157	1	500	0.1	0.124236	0	0	0	
28	1	2	311	158	1	200	0.75	0.730341	0	0	0	
28	1	2	4	159	2	0	0.01	0	100	0	10	
28	1	2	227	160	1	300	0.05	0.0902683	0	0	0	
28	1	2	68	161	2	0	0.4	0	800	0	208	
28	1	2	190	162	1	600	0.4	0.440557	0	0	0	
28	1	2	249	163	1	500	0.5	0.566873	0	0	0	
28	1	2	94	164	1	500	0.75	0.712296	0	0	0	
28	1	2	66	165	2	0	0.4	0	200	0	60	
28	1	2	77	166	1	300	0.4	0.467094	0	0	0	
28	1	2	154	167	2	0	0.99	0	100	0	70	
28	1	2	109	168	1	500	0.99	0.982974	0	0	0	
28	1	2	63	169	1	400	0.05	0.0743461	0	0	0	
28	1	2	99	170	2	0	0.6	0	50	25	34.5	
28	1	2	6	171	2	0	0.01	0	200	0	20	
28	1	2	93	172	1	400	0.75	0.636931	0	0	0	
28	1	2	147	173	1	300	0.75	0.666653	0	0	0	
28	1	2	43	174	1	400	0.9	0.790846	0	0	0	
28	1	2	169	175	1	500	0.01	0.0180876	0	0	0	
28	1	2	71	176	1	200	0.25	0.230384	0	0	0	
28	1	2	54	177	1	500	0.99	0.985097	0	0	0	
28	1	2	50	178	2	0	0.25	0	150	0	39	
28	1	2	200	179	1	600	0.6	0.58598	0	0	0	
28	1	2	207	180	1	300	0.9	0.833305	0	0	0	
28	1	2	60	181	1	600	0.01	0.00747283	0	0	0	
28	1	2	135	182	1	600	0.4	0.512738	0	0	0	
28	1	2	18	183	2	0	0.05	0	75	0	16.5	
28	1	2	231	184	1	200	0.1	0.0966372	0	0	0	
28	1	2	53	185	1	400	0.99	0.984035	0	0	0	
28	1	2	143	186	2	0	0.95	0	800	0	208	
28	1	2	131	187	1	200	0.4	0.458602	0	0	0	
28	1	2	257	188	1	300	0.75	0.694251	0	0	0	
28	1	2	98	189	2	0	0.6	0	800	0	144	
28	1	2	85	190	1	600	0.5	0.540336	0	0	0	
28	1	2	20	191	2	0	0.05	0	150	0	21	
28	1	2	265	192	1	600	0.9	0.894871	0	0	0	
28	1	2	279	193	1	500	0.01	0.0149032	0	0	0	
28	1	2	149	194	2	0	0.95	0	200	100	170	
28	1	2	108	195	2	0	0.75	0	75	0	46.5	
28	1	2	48	196	1	400	0.95	0.962806	0	0	0	
28	1	2	2	197	1	300	0.01	0.0149032	0	0	0	
28	1	2	98	198	1	400	0.9	0.90867	0	0	0	
28	1	3	97	199	1	300	0.9	0.904424	0	0	0	
28	1	3	226	200	1	200	0.05	0.0817765	0	0	0	
28	1	3	261	201	1	200	0.9	0.907609	0	0	0	
28	1	3	149	202	1	500	0.75	0.605087	0	0	0	
28	1	3	41	203	1	200	0.9	0.867272	0	0	0	
28	1	3	135	204	2	0	0.9	0	200	150	169	
28	1	3	102	205	1	300	0.95	0.889564	0	0	0	
28	1	3	159	206	1	500	0.95	0.893809	0	0	0	
28	1	3	37	207	1	300	0.75	0.518045	0	0	0	
28	1	3	285	208	1	600	0.05	0.121051	0	0	0	
28	1	3	1	209	2	0	0.01	0	25	0	5.5	
28	1	3	40	210	1	600	0.75	0.658161	0	0	0	
28	1	3	161	211	1	200	0.99	0.993589	0	0	0	
28	1	3	163	212	1	400	0.99	0.98722	0	0	0	
28	1	3	80	213	1	600	0.4	0.444803	0	0	0	
28	1	3	8	214	1	400	0.05	0.0892069	0	0	0	
28	1	3	276	215	1	200	0.01	0.0191491	0	0	0	
28	1	3	110	216	2	0	0.75	0	150	0	51	
28	1	3	218	217	1	400	0.99	0.988281	0	0	0	
28	1	3	133	218	1	400	0.4	0.432065	0	0	0	
28	1	3	119	219	2	0	0.75	0	200	100	150	
28	1	3	236	220	1	200	0.25	0.36413	0	0	0	
28	1	3	112	221	2	0	0.75	0	400	0	152	
28	1	3	277	222	1	300	0.01	0.0191491	0	0	0	
28	1	3	220	223	1	600	0.99	0.980851	0	0	0	
28	1	3	139	224	1	500	0.5	0.46391	0	0	0	
28	1	3	162	225	2	0	0.99	0	150	50	68	
28	1	3	5	226	1	600	0.01	0.0223336	0	0	0	
28	1	3	129	227	1	500	0.25	0.390667	0	0	0	
28	1	3	109	228	2	0	0.75	0	100	0	50	
28	1	3	151	229	2	0	0.99	0	25	0	16.5	
28	1	3	3	230	1	400	0.01	0.0223336	0	0	0	
28	1	3	100	231	1	600	0.9	0.634808	0	0	0	
28	1	3	199	232	1	500	0.6	0.561566	0	0	0	
28	1	3	21	233	2	0	0.05	0	200	0	44	
28	1	3	84	234	2	0	0.5	0	50	25	36.5	
28	1	3	10	235	2	0	0.01	0	75	50	56.5	
28	1	3	125	236	2	0	0.9	0	150	0	51	
28	1	3	322	237	1	300	0.95	0.915039	0	0	0	
28	1	3	326	238	1	200	0.99	0.978728	0	0	0	
28	1	3	111	239	1	200	0.01	0.0106573	0	0	0	
28	1	3	254	240	1	500	0.6	0.5	0	0	0	
28	1	3	193	241	1	400	0.5	0.5	0	0	0	
28	1	3	50	242	1	600	0.95	0.910793	0	0	0	
28	1	3	155	243	2	0	0.99	0	150	0	75	
28	1	3	212	244	1	300	0.95	0.916101	0	0	0	
28	1	3	245	245	1	600	0.4	0.468156	0	0	0	
28	1	3	121	246	2	0	0.9	0	25	0	14.5	
28	1	3	316	247	1	200	0.9	0.918224	0	0	0	
28	1	3	214	248	1	500	0.95	0.910793	0	0	0	
28	1	3	184	249	1	500	0.25	0.47134	0	0	0	
28	1	3	324	250	1	500	0.95	0.88001	0	0	0	
28	1	3	280	251	1	600	0.01	0.0149032	0	0	0	
28	1	3	63	252	2	0	0.4	0	75	0	25.5	
28	1	3	79	253	1	500	0.4	0.477709	0	0	0	
28	1	3	27	254	2	0	0.05	0	150	50	60	
28	1	3	6	255	1	200	0.05	0.0722232	0	0	0	
28	1	3	187	256	1	300	0.4	0.477709	0	0	0	
28	1	3	70	257	1	600	0.1	0.143342	0	0	0	
28	1	3	124	258	2	0	0.9	0	100	0	46	
28	1	3	128	259	1	400	0.25	0.371561	0	0	0	
28	1	3	39	260	1	500	0.75	0.688944	0	0	0	
28	1	3	119	261	1	500	0.05	0.131666	0	0	0	
28	1	3	95	262	2	0	0.6	0	150	0	45	
28	1	3	168	263	1	400	0.01	0.0138417	0	0	0	
28	1	3	153	264	2	0	0.99	0	75	0	37.5	
28	1	3	92	265	1	300	0.75	0.683636	0	0	0	
28	1	3	57	266	1	300	0.01	0.00853431	0	0	0	
28	1	3	102	267	2	0	0.6	0	150	50	76	
28	1	3	89	268	1	500	0.6	0.577488	0	0	0	
28	1	3	180	269	1	600	0.1	0.256921	0	0	0	
28	1	3	160	270	2	0	0.99	0	75	50	68.5	
28	1	3	91	271	1	200	0.75	0.740956	0	0	0	
28	1	3	52	272	1	300	0.99	0.986158	0	0	0	
28	1	3	38	273	2	0	0.1	0	800	0	80	
28	1	3	87	274	2	0	0.5	0	150	50	88	
28	1	3	158	275	1	400	0.95	0.88001	0	0	0	
28	1	3	128	276	2	0	0.9	0	800	0	208	
28	1	3	22	277	1	300	0.4	0.5	0	0	0	
28	1	3	315	278	1	600	0.75	0.641177	0	0	0	
28	1	3	69	279	2	0	0.4	0	50	25	36.5	
28	1	3	115	280	1	600	0.01	0.0382558	0	0	0	
28	1	3	156	281	1	200	0.95	0.912916	0	0	0	
28	1	3	222	282	1	300	0.01	0.0287024	0	0	0	
28	1	3	120	283	1	600	0.05	0.133789	0	0	0	
28	1	3	304	284	1	500	0.5	0.54989	0	0	0	
28	1	3	51	285	2	0	0.25	0	200	0	52	
28	1	3	122	286	2	0	0.9	0	50	0	27	
28	1	3	170	287	1	600	0.01	0.0170262	0	0	0	
28	1	3	136	288	2	0	0.95	0	25	0	14.5	
28	1	3	139	289	2	0	0.95	0	100	0	66	
28	1	3	104	290	1	500	0.95	0.895932	0	0	0	
28	1	3	73	291	2	0	0.4	0	150	100	117	
28	1	3	314	292	1	500	0.75	0.572181	0	0	0	
28	1	3	238	293	1	400	0.25	0.458602	0	0	0	
28	1	3	61	294	1	200	0.05	0.0690387	0	0	0	
28	1	3	144	295	2	0	0.95	0	50	25	36.5	
28	1	3	42	296	2	0	0.1	0	150	50	64	
28	1	3	15	297	2	0	0.01	0	200	150	155	
28	1	4	39	298	2	0	0.1	0	50	25	26.5	
28	1	4	321	299	1	200	0.95	0.910793	0	0	0	
28	1	4	307	300	1	300	0.6	0.490447	0	0	0	
28	1	4	103	301	1	400	0.95	0.909732	0	0	0	
28	1	4	88	302	1	400	0.6	0.562627	0	0	0	
28	1	4	100	303	2	0	0.6	0	75	50	56.5	
28	1	4	32	304	2	0	0.1	0	50	0	7	
28	1	4	18	305	1	400	0.25	0.371561	0	0	0	
28	1	4	81	306	1	200	0.5	0.653915	0	0	0	
28	1	4	87	307	1	300	0.6	0.592349	0	0	0	
28	1	4	282	308	1	300	0.05	0.109375	0	0	0	
28	1	4	294	309	1	500	0.25	0.363069	0	0	0	
28	1	4	11	310	1	200	0.1	0.176248	0	0	0	
28	1	4	312	311	1	300	0.75	0.844981	0	0	0	
28	1	4	130	312	2	0	0.9	0	75	50	66.5	
28	1	4	309	313	1	500	0.6	0.634808	0	0	0	
28	1	4	26	314	1	200	0.5	0.599779	0	0	0	
28	1	4	287	315	1	300	0.1	0.124236	0	0	0	
28	1	4	305	316	1	600	0.5	0.487262	0	0	0	
28	1	4	213	317	1	400	0.95	0.896994	0	0	0	
28	1	4	192	318	1	300	0.5	0.570058	0	0	0	
28	1	4	51	319	1	200	0.99	0.981912	0	0	0	
28	1	4	157	320	2	0	0.99	0	400	0	152	
28	1	4	161	321	2	0	0.99	0	100	50	77	
28	1	4	281	322	1	200	0.05	0.0785921	0	0	0	
28	1	4	59	323	2	0	0.25	0	200	100	118	
28	1	4	259	324	1	500	0.75	0.573242	0	0	0	
28	1	4	120	325	2	0	0.75	0	200	150	167	
28	1	4	49	326	2	0	0.25	0	100	0	14	
28	1	4	65	327	1	600	0.05	0.118928	0	0	0	
28	1	4	73	328	1	400	0.25	0.470279	0	0	0	
28	1	4	36	329	2	0	0.1	0	200	0	12	
28	1	4	240	330	1	600	0.25	0.438434	0	0	0	
28	1	4	35	331	1	600	0.6	0.5	0	0	0	
28	1	4	36	332	1	200	0.75	0.577488	0	0	0	
28	1	4	83	333	2	0	0.5	0	800	0	240	
28	1	4	29	334	1	500	0.5	0.5	0	0	0	
28	1	4	55	335	2	0	0.25	0	75	50	63.5	
28	1	4	60	336	2	0	0.25	0	200	150	167	
28	1	4	28	337	1	400	0.5	0.563689	0	0	0	
28	1	4	117	338	1	300	0.05	0.082838	0	0	0	
28	1	4	78	339	1	400	0.4	0.5	0	0	0	
28	1	4	43	340	2	0	0.1	0	150	100	107	
28	1	4	74	341	2	0	0.4	0	200	100	126	
28	1	4	317	342	1	300	0.9	0.833305	0	0	0	
28	1	4	46	343	2	0	0.25	0	25	0	8.5	
28	1	4	323	344	1	400	0.95	0.912916	0	0	0	
28	1	4	310	345	1	600	0.6	0.522291	0	0	0	
28	1	4	229	346	1	500	0.05	0.117867	0	0	0	
28	1	4	17	347	1	300	0.25	0.443742	0	0	0	
28	1	4	288	348	1	400	0.1	0.221892	0	0	0	
28	1	4	58	349	1	400	0.01	0.0138417	0	0	0	
28	1	4	13	350	1	400	0.1	0.210216	0	0	0	
28	1	4	75	351	1	600	0.25	0.432065	0	0	0	
28	1	4	148	352	1	400	0.75	0.486201	0	0	0	
28	1	4	241	353	1	200	0.4	0.467094	0	0	0	
28	1	4	306	354	1	200	0.6	0.550951	0	0	0	
28	1	4	318	355	1	400	0.9	0.818444	0	0	0	
28	1	4	141	356	1	200	0.6	0.556258	0	0	0	
28	1	4	106	357	2	0	0.75	0	25	0	8.5	
28	1	4	71	358	2	0	0.4	0	100	50	67	
28	1	4	118	359	1	400	0.05	0.0923913	0	0	0	
28	1	4	133	360	2	0	0.9	0	150	100	127	
28	1	4	131	361	2	0	0.9	0	100	50	67	
28	1	4	93	362	2	0	0.6	0	75	0	19.5	
28	1	4	325	363	1	600	0.95	0.891686	0	0	0	
28	1	4	293	364	1	400	0.25	0.397036	0	0	0	
28	1	4	57	365	2	0	0.25	0	150	50	68	
28	1	4	54	366	2	0	0.25	0	50	25	32.5	
28	1	4	90	367	2	0	0.5	0	200	150	167	
28	1	4	19	368	2	0	0.05	0	100	0	10	
28	1	4	248	369	1	400	0.5	0.5	0	0	0	
28	1	4	37	370	2	0	0.1	0	400	0	24	
28	1	4	191	371	1	200	0.5	0.583857	0	0	0	
28	1	4	68	372	1	400	0.1	0.115744	0	0	0	
28	1	4	225	373	1	600	0.01	0.0361328	0	0	0	
28	1	4	308	374	1	400	0.6	0.623132	0	0	0	
28	1	4	223	375	1	400	0.01	0.0127802	0	0	0	
28	1	4	172	376	1	300	0.05	0.111498	0	0	0	
28	1	4	283	377	1	400	0.05	0.0934528	0	0	0	
28	1	4	23	378	2	0	0.05	0	800	0	48	
28	1	4	58	379	2	0	0.25	0	150	100	127	
28	1	4	164	380	2	0	0.99	0	200	100	170	
28	1	4	126	381	1	200	0.25	0.44268	0	0	0	
28	1	4	5	382	2	0	0.01	0	150	0	9	
28	1	4	162	383	1	300	0.99	0.979789	0	0	0	
28	1	4	25	384	1	600	0.4	0.637993	0	0	0	
28	1	4	142	385	1	300	0.6	0.583857	0	0	0	
28	1	4	26	386	2	0	0.05	0	100	50	55	
28	1	4	205	387	1	600	0.75	0.583857	0	0	0	
28	1	4	292	388	1	300	0.25	0.409774	0	0	0	
28	1	4	153	389	1	400	0.9	0.877887	0	0	0	
28	1	4	224	390	1	500	0.01	0.00641135	0	0	0	
28	1	4	96	391	1	200	0.9	0.875764	0	0	0	
28	1	4	303	392	1	400	0.5	0.56475	0	0	0	
28	1	4	2	393	2	0	0.01	0	50	0	5	
28	1	4	182	394	1	300	0.25	0.387483	0	0	0	
28	1	4	275	395	1	600	0.99	0.956437	0	0	0	
28	1	4	35	396	2	0	0.1	0	150	0	15	
28	1	5	44	397	1	500	0.9	0.817383	0	0	0	
28	1	5	217	398	1	300	0.99	0.978728	0	0	0	
28	1	5	72	399	2	0	0.4	0	150	50	68	
28	1	5	9	400	1	500	0.05	0.147588	0	0	0	
28	1	5	85	401	2	0	0.5	0	75	50	58.5	
28	1	5	107	402	1	300	0.99	0.975543	0	0	0	
28	1	5	77	403	2	0	0.5	0	50	0	17	
28	1	5	127	404	1	300	0.25	0.433127	0	0	0	
28	1	5	62	405	2	0	0.4	0	50	0	17	
28	1	5	330	406	1	600	0.99	0.977666	0	0	0	
28	1	5	123	407	1	400	0.1	0.307872	0	0	0	
28	1	5	134	408	2	0	0.9	0	200	100	158	
28	1	5	30	409	2	0	0.05	0	200	150	157	
28	1	5	8	410	2	0	0.01	0	800	0	16	
28	1	5	298	411	1	400	0.4	0.567935	0	0	0	
28	1	5	11	412	2	0	0.01	0	100	50	53	
28	1	5	7	413	1	300	0.05	0.0987602	0	0	0	
28	1	5	290	414	1	600	0.1	0.188986	0	0	0	
28	1	5	148	415	2	0	0.95	0	150	100	127	
28	1	5	118	416	2	0	0.75	0	150	100	127	
28	1	5	145	417	1	600	0.6	0.599779	0	0	0	
28	1	5	44	418	2	0	0.1	0	200	100	114	
28	1	5	244	419	1	500	0.4	0.455418	0	0	0	
28	1	5	78	420	2	0	0.5	0	75	0	19.5	
28	1	5	253	421	1	400	0.6	0.5	0	0	0	
28	1	5	76	422	2	0	0.5	0	25	0	6.5	
28	1	5	116	423	1	200	0.05	0.132728	0	0	0	
28	1	5	173	424	1	400	0.05	0.121051	0	0	0	
28	1	5	152	425	2	0	0.99	0	50	0	37	
28	1	5	130	426	1	600	0.25	0.426758	0	0	0	
28	1	5	113	427	2	0	0.75	0	800	0	144	
28	1	5	105	428	2	0	0.6	0	200	150	165	
28	1	5	301	429	1	200	0.5	0.426758	0	0	0	
28	1	5	99	430	1	500	0.9	0.782354	0	0	0	
28	1	5	96	431	2	0	0.6	0	200	0	52	
28	1	5	154	432	1	500	0.9	0.856658	0	0	0	
28	1	5	27	433	1	300	0.5	0.560504	0	0	0	
28	1	5	107	434	2	0	0.75	0	50	0	17	
28	1	5	329	435	1	500	0.99	0.981912	0	0	0	
28	1	5	270	436	1	600	0.95	0.90867	0	0	0	
28	1	5	121	437	1	200	0.1	0.294073	0	0	0	
28	1	5	163	438	2	0	0.99	0	150	100	129	
28	1	5	176	439	1	200	0.1	0.155019	0	0	0	
28	1	5	65	440	2	0	0.4	0	150	0	39	
28	1	5	34	441	2	0	0.1	0	100	0	10	
28	1	5	165	442	2	0	0.99	0	200	150	187	
28	1	5	177	443	1	300	0.1	0.179433	0	0	0	
28	1	5	208	444	1	400	0.9	0.849227	0	0	0	
28	1	5	116	445	2	0	0.75	0	100	50	75	
28	1	5	155	446	1	600	0.9	0.834367	0	0	0	
28	1	5	233	447	1	400	0.1	0.3567	0	0	0	
28	1	5	19	448	1	500	0.25	0.429942	0	0	0	
28	1	5	251	449	1	200	0.6	0.571119	0	0	0	
28	1	5	194	450	1	500	0.5	0.541398	0	0	0	
28	1	5	30	451	1	600	0.5	0.584918	0	0	0	
28	1	5	20	452	1	600	0.25	0.393852	0	0	0	
28	1	5	204	453	1	500	0.75	0.648607	0	0	0	
28	1	5	146	454	1	200	0.75	0.568996	0	0	0	
28	1	5	31	455	2	0	0.1	0	25	0	4.5	
28	1	5	32	456	1	300	0.6	0.66453	0	0	0	
28	1	5	152	457	1	300	0.9	0.870457	0	0	0	
28	1	5	313	458	1	400	0.75	0.667714	0	0	0	
28	1	5	86	459	2	0	0.5	0	100	50	67	
28	1	5	262	460	1	300	0.9	0.847104	0	0	0	
28	1	5	219	461	1	500	0.99	0.972359	0	0	0	
28	1	5	140	462	2	0	0.95	0	150	0	75	
28	1	5	82	463	1	300	0.5	0.440557	0	0	0	
28	1	5	64	464	2	0	0.4	0	100	0	18	
28	1	5	278	465	1	400	0.01	0.0223336	0	0	0	
28	1	5	198	466	1	400	0.6	0.543521	0	0	0	
28	1	5	297	467	1	300	0.4	0.467094	0	0	0	
28	1	5	49	468	1	500	0.95	0.916101	0	0	0	
28	1	5	86	469	1	200	0.6	0.570058	0	0	0	
28	1	5	150	470	2	0	0.95	0	200	150	187	
28	1	5	46	471	1	200	0.95	0.95856	0	0	0	
28	1	5	230	472	1	600	0.05	0.118928	0	0	0	
28	1	5	88	473	2	0	0.5	0	150	100	127	
28	1	5	83	474	1	400	0.5	0.539275	0	0	0	
28	1	5	47	475	2	0	0.25	0	50	0	7	
28	1	5	79	476	2	0	0.5	0	100	0	26	
28	1	5	185	477	1	600	0.25	0.375807	0	0	0	
28	1	5	211	478	1	200	0.95	0.894871	0	0	0	
28	1	5	59	479	1	500	0.01	0.0127802	0	0	0	
28	1	5	67	480	2	0	0.4	0	400	0	56	
28	1	5	110	481	1	600	0.99	0.981912	0	0	0	
28	1	5	252	482	1	300	0.6	0.568996	0	0	0	
28	1	5	127	483	2	0	0.9	0	400	0	200	
28	1	5	255	484	1	600	0.6	0.60721	0	0	0	
28	1	5	267	485	1	300	0.95	0.900178	0	0	0	
28	1	5	34	486	1	500	0.6	0.558381	0	0	0	
28	1	5	31	487	1	200	0.6	0.591287	0	0	0	
28	1	5	271	488	1	200	0.99	0.974482	0	0	0	
28	1	5	203	489	1	400	0.75	0.554136	0	0	0	
28	1	5	235	490	1	600	0.1	0.185802	0	0	0	
28	1	5	284	491	1	500	0.05	0.139096	0	0	0	
28	1	5	286	492	1	200	0.1	0.18474	0	0	0	
28	1	5	124	493	1	500	0.1	0.196416	0	0	0	
28	1	5	23	494	1	400	0.4	0.428881	0	0	0	
28	1	5	16	495	1	200	0.25	0.336532	0	0	0	
28	2	1	184	1	1	500	0.25	0.282396	0	0	0	
28	2	1	151	2	1	200	0.9	0.930961	0	0	0	
28	2	1	293	3	1	400	0.25	0.316364	0	0	0	
28	2	1	17	4	2	0	0.05	0	50	0	5	
28	2	1	37	5	1	300	0.75	0.637993	0	0	0	
28	2	1	9	6	1	500	0.05	0.0892069	0	0	0	
28	2	1	27	7	1	300	0.5	0.591287	0	0	0	
28	2	1	61	8	2	0	0.4	0	25	0	12.5	
28	2	1	295	9	1	600	0.25	0.307872	0	0	0	
28	2	1	13	10	1	400	0.1	0.125297	0	0	0	
28	2	1	36	11	2	0	0.1	0	200	0	20	
28	2	1	103	12	1	400	0.95	0.923531	0	0	0	
28	2	1	249	13	1	500	0.5	0.561566	0	0	0	
28	2	1	81	14	1	200	0.5	0.566873	0	0	0	
28	2	1	158	15	1	400	0.95	0.902301	0	0	0	
28	2	1	131	16	2	0	0.9	0	100	50	77	
28	2	1	122	17	2	0	0.9	0	50	0	27	
28	2	1	279	18	1	500	0.01	0.988281	0	0	0	
28	2	1	149	19	2	0	0.95	0	200	100	166	
28	2	1	18	20	2	0	0.05	0	75	0	4.5	
28	2	1	237	21	1	300	0.25	0.895932	0	0	0	
28	2	1	21	22	2	0	0.05	0	200	0	12	
28	2	1	109	23	1	500	0.99	0.98722	0	0	0	
28	2	1	127	24	1	300	0.25	0.447987	0	0	0	
28	2	1	258	25	1	400	0.75	0.617824	0	0	0	
28	2	1	140	26	1	600	0.5	0.67939	0	0	0	
28	2	1	8	27	1	400	0.05	0.0998217	0	0	0	
28	2	1	116	28	2	0	0.75	0	100	50	67	
28	2	1	262	29	1	300	0.9	0.853473	0	0	0	
28	2	1	159	30	1	500	0.95	0.900178	0	0	0	
28	2	1	275	31	1	600	0.99	0.988281	0	0	0	
28	2	1	329	32	1	500	0.99	0.988281	0	0	0	
28	2	1	186	33	1	200	0.4	0.464971	0	0	0	
28	2	1	280	34	1	600	0.01	0.0170262	0	0	0	
28	2	1	196	35	1	200	0.6	0.583857	0	0	0	
28	2	1	300	36	1	600	0.4	0.480893	0	0	0	
28	2	1	11	37	1	200	0.1	0.219769	0	0	0	
28	2	1	297	38	1	300	0.4	0.548828	0	0	0	
28	2	1	56	39	2	0	0.25	0	100	50	67	
28	2	1	147	40	1	300	0.75	0.695312	0	0	0	
28	2	1	114	41	2	0	0.75	0	50	25	36.5	
28	2	1	63	42	2	0	0.4	0	75	0	25.5	
28	2	1	286	43	1	200	0.1	0.182617	0	0	0	
28	2	1	85	44	1	600	0.5	0.531844	0	0	0	
28	2	1	142	45	1	300	0.6	0.60721	0	0	0	
28	2	1	305	46	1	600	0.5	0.565812	0	0	0	
28	2	1	24	47	2	0	0.05	0	50	25	36.5	
28	2	1	2	48	2	0	0.01	0	50	0	5	
28	2	1	148	49	1	400	0.75	0.636931	0	0	0	
28	2	1	298	50	1	400	0.4	0.437373	0	0	0	
28	2	1	127	51	2	0	0.9	0	400	0	264	
28	2	1	197	52	1	300	0.6	0.615701	0	0	0	
28	2	1	206	53	1	200	0.9	0.858781	0	0	0	
28	2	1	248	54	1	400	0.5	0.464971	0	0	0	
28	2	1	181	55	1	200	0.25	0.311056	0	0	0	
28	2	1	155	56	1	600	0.9	0.837551	0	0	0	
28	2	1	97	57	1	300	0.9	0.819506	0	0	0	
28	2	1	40	58	2	0	0.1	0	75	50	56.5	
28	2	1	246	59	1	200	0.5	0.552013	0	0	0	
28	2	1	26	60	1	200	0.5	0.550951	0	0	0	
28	2	1	175	61	1	600	0.05	0.100883	0	0	0	
28	2	1	15	62	1	600	0.1	0.163511	0	0	0	
28	2	1	281	63	1	200	0.05	0.0785921	0	0	0	
28	2	1	152	64	2	0	0.99	0	50	0	45	
28	2	1	95	65	2	0	0.6	0	150	0	51	
28	2	1	241	66	1	200	0.4	0.5	0	0	0	
28	2	1	18	67	1	400	0.25	0.436311	0	0	0	
28	2	1	75	68	2	0	0.4	0	200	150	167	
28	2	1	136	69	1	200	0.5	0.54989	0	0	0	
28	2	1	46	70	2	0	0.25	0	25	0	6.5	
28	2	1	19	71	2	0	0.05	0	100	0	6	
28	2	1	173	72	1	400	0.05	0.0913298	0	0	0	
28	2	1	129	73	2	0	0.9	0	50	25	38.5	
28	2	1	200	74	1	600	0.6	0.631624	0	0	0	
28	2	1	198	75	1	400	0.6	0.561566	0	0	0	
28	2	1	84	76	2	0	0.5	0	50	25	36.5	
28	2	1	63	77	1	400	0.05	0.0945143	0	0	0	
28	2	1	208	78	1	400	0.9	0.868334	0	0	0	
28	2	1	20	79	1	600	0.25	0.403405	0	0	0	
28	2	1	170	80	1	600	0.01	0.0106573	0	0	0	
28	2	1	150	81	1	600	0.75	0.591287	0	0	0	
28	2	1	62	82	2	0	0.4	0	50	0	17	
28	2	1	160	83	2	0	0.99	0	75	50	68.5	
28	2	1	50	84	2	0	0.25	0	150	0	21	
28	2	1	223	85	1	400	0.01	0.025518	0	0	0	
28	2	1	31	86	2	0	0.1	0	25	0	3.5	
28	2	1	163	87	2	0	0.99	0	150	100	145	
28	2	1	330	88	1	600	0.99	0.988281	0	0	0	
28	2	1	167	89	1	300	0.01	0.00853431	0	0	0	
28	2	1	142	90	2	0	0.95	0	400	0	376	
28	2	1	294	91	1	500	0.25	0.425696	0	0	0	
28	2	1	9	92	2	0	0.01	0	50	25	26.5	
28	2	1	290	93	1	600	0.1	0.159265	0	0	0	
28	2	1	112	94	2	0	0.75	0	400	0	264	
28	2	1	34	95	1	500	0.6	0.581734	0	0	0	
28	2	1	82	96	1	300	0.5	0.687882	0	0	0	
28	2	1	250	97	1	600	0.5	0.514861	0	0	0	
28	2	1	139	98	2	0	0.95	0	100	0	90	
28	2	1	29	99	2	0	0.05	0	200	100	106	
28	2	2	145	100	2	0	0.95	0	75	50	68.5	
28	2	2	220	101	1	600	0.99	0.973421	0	0	0	
28	2	2	105	102	1	600	0.95	0.924592	0	0	0	
28	2	2	88	103	1	400	0.6	0.458602	0	0	0	
28	2	2	218	104	1	400	0.99	0.992527	0	0	0	
28	2	2	104	105	2	0	0.6	0	200	100	146	
28	2	2	130	106	1	600	0.25	0.391729	0	0	0	
28	2	2	109	107	2	0	0.75	0	100	0	26	
28	2	2	165	108	2	0	0.99	0	200	150	189	
28	2	2	309	109	1	500	0.6	0.539275	0	0	0	
28	2	2	96	110	1	200	0.9	0.866211	0	0	0	
28	2	2	1	111	1	200	0.01	0.00747283	0	0	0	
28	2	2	148	112	2	0	0.95	0	150	100	137	
28	2	2	34	113	2	0	0.1	0	100	0	22	
28	2	2	247	114	1	300	0.5	0.580673	0	0	0	
28	2	2	153	115	2	0	0.99	0	75	0	67.5	
28	2	2	205	116	1	600	0.75	0.654976	0	0	0	
28	2	2	43	117	1	400	0.9	0.656038	0	0	0	
28	2	2	203	118	1	400	0.75	0.599779	0	0	0	
28	2	2	116	119	1	200	0.05	0.0987602	0	0	0	
28	2	2	264	120	1	500	0.9	0.618886	0	0	0	
28	2	2	54	121	1	500	0.99	0.967052	0	0	0	
28	2	2	110	122	2	0	0.75	0	150	0	69	
28	2	2	150	123	2	0	0.95	0	200	150	187	
28	2	2	1	124	2	0	0.01	0	25	0	2.5	
28	2	2	11	125	2	0	0.01	0	100	50	51	
28	2	2	216	126	1	200	0.99	0.972359	0	0	0	
28	2	2	260	127	1	600	0.75	0.567935	0	0	0	
28	2	2	222	128	1	300	0.01	0.0127802	0	0	0	
28	2	2	20	129	2	0	0.05	0	150	0	3	
28	2	2	28	130	2	0	0.05	0	150	100	105	
28	2	2	90	131	2	0	0.5	0	200	150	167	
28	2	2	243	132	1	400	0.4	0.456479	0	0	0	
28	2	2	69	133	1	500	0.1	0.128482	0	0	0	
28	2	2	130	134	2	0	0.9	0	75	50	67.5	
28	2	2	225	135	1	600	0.01	0.0159647	0	0	0	
28	2	2	92	136	2	0	0.6	0	50	0	15	
28	2	2	219	137	1	500	0.99	0.977666	0	0	0	
28	2	2	266	138	1	200	0.95	0.90867	0	0	0	
28	2	2	134	139	1	500	0.4	0.566873	0	0	0	
28	2	2	78	140	2	0	0.5	0	75	0	25.5	
28	2	2	62	141	1	300	0.05	0.0881454	0	0	0	
28	2	2	180	142	1	600	0.1	0.161388	0	0	0	
28	2	2	118	143	1	400	0.05	0.112559	0	0	0	
28	2	2	226	144	1	200	0.05	0.118928	0	0	0	
28	2	2	141	145	1	200	0.6	0.604025	0	0	0	
28	2	2	72	146	1	300	0.25	0.443742	0	0	0	
28	2	2	12	147	2	0	0.01	0	150	50	52	
28	2	2	133	148	2	0	0.9	0	150	100	137	
28	2	2	273	149	1	400	0.99	0.961744	0	0	0	
28	2	2	134	150	2	0	0.9	0	200	100	170	
28	2	2	46	151	1	200	0.95	0.863026	0	0	0	
28	2	2	188	152	1	400	0.4	0.44268	0	0	0	
28	2	2	117	153	1	300	0.05	0.0892069	0	0	0	
28	2	2	322	154	1	300	0.95	0.431004	0	0	0	
28	2	2	91	155	2	0	0.6	0	25	0	7.5	
28	2	2	320	156	1	600	0.9	0.742018	0	0	0	
28	2	2	120	157	1	600	0.05	0.152896	0	0	0	
28	2	2	211	158	1	200	0.95	0.900178	0	0	0	
28	2	2	68	159	1	400	0.1	0.268597	0	0	0	
28	2	2	52	160	1	300	0.99	0.976605	0	0	0	
28	2	2	119	161	2	0	0.75	0	200	100	150	
28	2	2	108	162	1	400	0.99	0.971298	0	0	0	
28	2	2	55	163	1	600	0.99	0.973421	0	0	0	
28	2	2	33	164	2	0	0.1	0	75	0	4.5	
28	2	2	93	165	1	400	0.75	0.589164	0	0	0	
28	2	2	153	166	1	400	0.9	0.695312	0	0	0	
28	2	2	48	167	2	0	0.25	0	75	0	7.5	
28	2	2	69	168	2	0	0.4	0	50	25	28.5	
28	2	2	19	169	1	500	0.25	0.445864	0	0	0	
28	2	2	121	170	1	200	0.1	0.203847	0	0	0	
28	2	2	137	171	2	0	0.95	0	50	0	47	
28	2	2	103	172	2	0	0.6	0	150	100	127	
28	2	2	140	173	2	0	0.95	0	150	0	135	
28	2	2	146	174	1	200	0.75	0.580673	0	0	0	
28	2	2	154	175	2	0	0.99	0	100	0	94	
28	2	2	42	176	1	300	0.9	0.906547	0	0	0	
28	2	2	54	177	2	0	0.25	0	50	25	27.5	
28	2	2	270	178	1	600	0.95	0.93733	0	0	0	
28	2	2	124	179	2	0	0.9	0	100	0	74	
28	2	2	265	180	1	600	0.9	0.824813	0	0	0	
28	2	2	149	181	1	500	0.75	0.685759	0	0	0	
28	2	2	162	182	1	300	0.99	0.975543	0	0	0	
28	2	2	251	183	1	200	0.6	0.56475	0	0	0	
28	2	2	52	184	2	0	0.25	0	400	0	40	
28	2	2	301	185	1	200	0.5	0.502123	0	0	0	
28	2	2	257	186	1	300	0.75	0.579611	0	0	0	
28	2	2	201	187	1	200	0.75	0.634808	0	0	0	
28	2	2	256	188	1	200	0.75	0.701681	0	0	0	
28	2	2	60	189	1	600	0.01	0.0212721	0	0	0	
28	2	2	277	190	1	300	0.01	0.0265795	0	0	0	
28	2	2	224	191	1	500	0.01	0.0191491	0	0	0	
28	2	2	41	192	1	200	0.9	0.894871	0	0	0	
28	2	2	39	193	1	500	0.75	0.524414	0	0	0	
28	2	2	6	194	1	200	0.05	0.114682	0	0	0	
28	2	2	74	195	1	500	0.25	0.444803	0	0	0	
28	2	2	244	196	1	500	0.4	0.5	0	0	0	
28	2	2	172	197	1	300	0.05	0.11999	0	0	0	
28	2	2	65	198	2	0	0.4	0	150	0	45	
28	2	3	51	199	1	200	0.99	0.977666	0	0	0	
28	2	3	158	200	2	0	0.99	0	800	0	752	
28	2	3	326	201	1	200	0.99	0.984035	0	0	0	
28	2	3	86	202	1	200	0.6	0.538213	0	0	0	
28	2	3	84	203	1	500	0.5	0.5	0	0	0	
28	2	3	68	204	2	0	0.4	0	800	0	112	
28	2	3	189	205	1	500	0.4	0.559443	0	0	0	
28	2	3	202	206	1	300	0.75	0.55732	0	0	0	
28	2	3	123	207	1	400	0.1	0.153957	0	0	0	
28	2	3	100	208	2	0	0.6	0	75	50	62.5	
28	2	3	32	209	2	0	0.1	0	50	0	3	
28	2	3	78	210	1	400	0.4	0.566873	0	0	0	
28	2	3	126	211	1	200	0.25	0.453295	0	0	0	
28	2	3	191	212	1	200	0.5	0.562627	0	0	0	
28	2	3	291	213	1	200	0.25	0.45011	0	0	0	
28	2	3	70	214	2	0	0.4	0	75	50	58.5	
28	2	3	83	215	1	400	0.5	0.543521	0	0	0	
28	2	3	238	216	1	400	0.25	0.397036	0	0	0	
28	2	3	57	217	2	0	0.25	0	150	50	56	
28	2	3	83	218	2	0	0.5	0	800	0	112	
28	2	3	240	219	1	600	0.25	0.398098	0	0	0	
28	2	3	96	220	2	0	0.6	0	200	0	60	
28	2	3	132	221	2	0	0.9	0	150	50	124	
28	2	3	13	222	2	0	0.01	0	150	100	103	
28	2	3	91	223	1	200	0.75	0.79403	0	0	0	
28	2	3	242	224	1	300	0.4	0.576427	0	0	0	
28	2	3	232	225	1	300	0.1	0.224015	0	0	0	
28	2	3	253	226	1	400	0.6	0.715481	0	0	0	
28	2	3	176	227	1	200	0.1	0.268597	0	0	0	
28	2	3	39	228	2	0	0.1	0	50	25	27.5	
28	2	3	74	229	2	0	0.4	0	200	100	130	
28	2	3	276	230	1	200	0.01	0.0456861	0	0	0	
28	2	3	85	231	2	0	0.5	0	75	50	66.5	
28	2	3	14	232	2	0	0.01	0	200	100	106	
28	2	3	199	233	1	500	0.6	0.619947	0	0	0	
28	2	3	164	234	2	0	0.99	0	200	100	178	
28	2	3	44	235	1	500	0.9	0.894871	0	0	0	
28	2	3	14	236	1	500	0.1	0.257982	0	0	0	
28	2	3	288	237	1	400	0.1	0.147588	0	0	0	
28	2	3	4	238	1	500	0.01	0.0478091	0	0	0	
28	2	3	310	239	1	600	0.6	0.649669	0	0	0	
28	2	3	289	240	1	500	0.1	0.125297	0	0	0	
28	2	3	259	241	1	500	0.75	0.702743	0	0	0	
28	2	3	80	242	2	0	0.5	0	150	0	45	
28	2	3	236	243	1	200	0.25	0.245245	0	0	0	
28	2	3	93	244	2	0	0.6	0	75	0	25.5	
28	2	3	169	245	1	500	0.01	0.0318869	0	0	0	
28	2	3	16	246	2	0	0.05	0	25	0	2.5	
28	2	3	61	247	1	200	0.05	0.131666	0	0	0	
28	2	3	59	248	1	500	0.01	0.054178	0	0	0	
28	2	3	79	249	1	500	0.4	0.568996	0	0	0	
28	2	3	141	250	2	0	0.95	0	200	0	180	
28	2	3	147	251	2	0	0.95	0	150	50	128	
28	2	3	283	252	1	400	0.05	0.147588	0	0	0	
28	2	3	17	253	1	300	0.25	0.40659	0	0	0	
28	2	3	45	254	2	0	0.1	0	200	150	167	
28	2	3	33	255	1	400	0.6	0.699558	0	0	0	
28	2	3	135	256	1	600	0.4	0.498939	0	0	0	
28	2	3	114	257	1	500	0.01	0.0393173	0	0	0	
28	2	3	94	258	1	500	0.75	0.692128	0	0	0	
28	2	3	23	259	2	0	0.05	0	800	0	16	
28	2	3	233	260	1	400	0.1	0.23463	0	0	0	
28	2	3	282	261	1	300	0.05	0.133789	0	0	0	
28	2	3	16	262	1	200	0.25	0.441619	0	0	0	
28	2	3	215	263	1	600	0.95	0.861965	0	0	0	
28	2	3	312	264	1	300	0.75	0.644361	0	0	0	
28	2	3	272	265	1	300	0.99	0.957498	0	0	0	
28	2	3	210	266	1	600	0.9	0.779169	0	0	0	
28	2	3	113	267	1	400	0.01	0.0297639	0	0	0	
28	2	3	133	268	1	400	0.4	0.456479	0	0	0	
28	2	3	94	269	2	0	0.6	0	100	0	34	
28	2	3	121	270	2	0	0.9	0	25	0	16.5	
28	2	3	38	271	1	400	0.75	0.625255	0	0	0	
28	2	3	111	272	2	0	0.75	0	200	0	68	
28	2	3	156	273	2	0	0.99	0	200	0	188	
28	2	3	99	274	2	0	0.6	0	50	25	36.5	
28	2	3	66	275	1	200	0.1	0.146527	0	0	0	
28	2	3	319	276	1	500	0.9	0.800399	0	0	0	
28	2	3	95	277	1	600	0.75	0.669837	0	0	0	
28	2	3	135	278	2	0	0.9	0	200	150	189	
28	2	3	77	279	1	300	0.4	0.537152	0	0	0	
28	2	3	304	280	1	500	0.5	0.608271	0	0	0	
28	2	3	22	281	1	300	0.4	0.552013	0	0	0	
28	2	3	60	282	2	0	0.25	0	200	150	165	
28	2	3	185	283	1	600	0.25	0.381114	0	0	0	
28	2	3	26	284	2	0	0.05	0	100	50	57	
28	2	3	231	285	1	200	0.1	0.174125	0	0	0	
28	2	3	89	286	1	500	0.6	0.605087	0	0	0	
28	2	3	106	287	2	0	0.75	0	25	0	7.5	
28	2	3	235	288	1	600	0.1	0.228261	0	0	0	
28	2	3	12	289	1	300	0.1	0.142281	0	0	0	
28	2	3	190	290	1	600	0.4	0.595533	0	0	0	
28	2	3	325	291	1	600	0.95	0.881072	0	0	0	
28	2	3	217	292	1	300	0.99	0.955375	0	0	0	
28	2	3	88	293	2	0	0.5	0	150	100	127	
28	2	3	323	294	1	400	0.95	0.902301	0	0	0	
28	2	3	227	295	1	300	0.05	0.0849609	0	0	0	
28	2	3	138	296	2	0	0.95	0	75	0	55.5	
28	2	3	35	297	1	600	0.6	0.601902	0	0	0	
28	2	4	87	298	1	300	0.6	0.560504	0	0	0	
28	2	4	47	299	1	300	0.95	0.893809	0	0	0	
28	2	4	92	300	1	300	0.75	0.595533	0	0	0	
28	2	4	274	301	1	500	0.99	0.974482	0	0	0	
28	2	4	166	302	1	200	0.01	0.0318869	0	0	0	
28	2	4	65	303	1	600	0.05	0.155019	0	0	0	
28	2	4	25	304	2	0	0.05	0	75	50	53.5	
28	2	4	307	305	1	300	0.6	0.574304	0	0	0	
28	2	4	76	306	2	0	0.5	0	25	0	7.5	
28	2	4	31	307	1	200	0.6	0.547767	0	0	0	
28	2	4	98	308	2	0	0.6	0	800	0	240	
28	2	4	30	309	1	600	0.5	0.584918	0	0	0	
28	2	4	117	310	2	0	0.75	0	150	50	68	
28	2	4	112	311	1	300	0.01	0.0467476	0	0	0	
28	2	4	29	312	1	500	0.5	0.623132	0	0	0	
28	2	4	129	313	1	500	0.25	0.388544	0	0	0	
28	2	4	308	314	1	400	0.6	0.663468	0	0	0	
28	2	4	67	315	2	0	0.4	0	400	0	56	
28	2	4	87	316	2	0	0.5	0	150	50	80	
28	2	4	5	317	1	600	0.01	0.0414402	0	0	0	
28	2	4	179	318	1	500	0.1	0.203847	0	0	0	
28	2	4	24	319	1	500	0.4	0.674083	0	0	0	
28	2	4	28	320	1	400	0.5	0.696374	0	0	0	
28	2	4	82	321	2	0	0.5	0	400	0	104	
28	2	4	143	322	1	400	0.6	0.589164	0	0	0	
28	2	4	214	323	1	500	0.95	0.873641	0	0	0	
28	2	4	278	324	1	400	0.01	0.0478091	0	0	0	
28	2	4	207	325	1	300	0.9	0.886379	0	0	0	
28	2	4	174	326	1	500	0.05	0.146527	0	0	0	
28	2	4	90	327	1	600	0.6	0.5	0	0	0	
28	2	4	126	328	2	0	0.9	0	200	0	156	
28	2	4	43	329	2	0	0.1	0	150	100	107	
28	2	4	143	330	2	0	0.95	0	800	0	720	
28	2	4	182	331	1	300	0.25	0.420389	0	0	0	
28	2	4	55	332	2	0	0.25	0	75	50	54.5	
28	2	4	285	333	1	600	0.05	0.0934528	0	0	0	
28	2	4	254	334	1	500	0.6	0.63587	0	0	0	
28	2	4	193	335	1	400	0.5	0.605087	0	0	0	
28	2	4	41	336	2	0	0.1	0	100	50	57	
28	2	4	106	337	1	200	0.99	0.962806	0	0	0	
28	2	4	37	338	2	0	0.1	0	400	0	24	
28	2	4	128	339	1	400	0.25	0.39279	0	0	0	
28	2	4	221	340	1	200	0.01	0.230384	0	0	0	
28	2	4	255	341	1	600	0.6	0.584918	0	0	0	
28	2	4	81	342	2	0	0.5	0	200	0	52	
28	2	4	30	343	2	0	0.05	0	200	150	153	
28	2	4	89	344	2	0	0.5	0	200	100	138	
28	2	4	4	345	2	0	0.01	0	100	0	6	
28	2	4	284	346	1	500	0.05	0.166695	0	0	0	
28	2	4	115	347	2	0	0.75	0	75	50	66.5	
28	2	4	64	348	1	500	0.05	0.115744	0	0	0	
28	2	4	311	349	1	200	0.75	0.615701	0	0	0	
28	2	4	162	350	2	0	0.99	0	150	50	144	
28	2	4	3	351	2	0	0.01	0	75	0	4.5	
28	2	4	40	352	1	600	0.75	0.592349	0	0	0	
28	2	4	314	353	1	500	0.75	0.58598	0	0	0	
28	2	4	32	354	1	300	0.6	0.659222	0	0	0	
28	2	4	271	355	1	200	0.99	0.974482	0	0	0	
28	2	4	22	356	2	0	0.05	0	400	0	24	
28	2	4	234	357	1	500	0.1	0.253736	0	0	0	
28	2	4	115	358	1	600	0.01	0.0318869	0	0	0	
28	2	4	263	359	1	400	0.9	0.684698	0	0	0	
28	2	4	157	360	1	300	0.95	0.863026	0	0	0	
28	2	4	3	361	1	400	0.01	0.0425017	0	0	0	
28	2	4	53	362	2	0	0.25	0	800	0	112	
28	2	4	165	363	1	600	0.99	0.949006	0	0	0	
28	2	4	178	364	1	400	0.1	0.308933	0	0	0	
28	2	4	59	365	2	0	0.25	0	200	100	126	
28	2	4	25	366	1	600	0.4	0.609333	0	0	0	
28	2	4	80	367	1	600	0.4	0.459664	0	0	0	
28	2	4	71	368	1	200	0.25	0.458602	0	0	0	
28	2	4	10	369	2	0	0.01	0	75	50	51.5	
28	2	4	107	370	2	0	0.75	0	50	0	25	
28	2	4	138	371	1	400	0.5	0.589164	0	0	0	
28	2	4	163	372	1	400	0.99	0.975543	0	0	0	
28	2	4	5	373	2	0	0.01	0	150	0	3	
28	2	4	192	374	1	300	0.5	0.617824	0	0	0	
28	2	4	64	375	2	0	0.4	0	100	0	26	
28	2	4	56	376	1	200	0.01	0.0329484	0	0	0	
28	2	4	48	377	1	400	0.95	0.866211	0	0	0	
28	2	4	299	378	1	500	0.4	0.524414	0	0	0	
28	2	4	321	379	1	200	0.95	0.840735	0	0	0	
28	2	4	38	380	2	0	0.1	0	800	0	48	
28	2	4	187	381	1	300	0.4	0.438434	0	0	0	
28	2	4	204	382	1	500	0.75	0.576427	0	0	0	
28	2	4	230	383	1	600	0.05	0.150773	0	0	0	
28	2	4	318	384	1	400	0.9	0.787661	0	0	0	
28	2	4	101	385	1	200	0.95	0.704866	0	0	0	
28	2	4	107	386	1	300	0.99	0.943699	0	0	0	
28	2	4	42	387	2	0	0.1	0	150	50	56	
28	2	4	108	388	2	0	0.75	0	75	0	25.5	
28	2	4	327	389	1	300	0.99	0.964929	0	0	0	
28	2	4	136	390	2	0	0.95	0	25	0	19.5	
28	2	4	139	391	1	500	0.5	0.508492	0	0	0	
28	2	4	49	392	2	0	0.25	0	100	0	14	
28	2	4	213	393	1	400	0.95	0.909732	0	0	0	
28	2	4	229	394	1	500	0.05	0.248429	0	0	0	
28	2	4	145	395	1	600	0.6	0.567935	0	0	0	
28	2	4	27	396	2	0	0.05	0	150	50	56	
28	2	5	131	397	1	200	0.4	0.552013	0	0	0	
28	2	5	154	398	1	500	0.9	0.792969	0	0	0	
28	2	5	119	399	1	500	0.05	0.174125	0	0	0	
28	2	5	164	400	1	500	0.99	0.935207	0	0	0	
28	2	5	35	401	2	0	0.1	0	150	0	9	
28	2	5	99	402	1	500	0.9	0.734587	0	0	0	
28	2	5	137	403	1	300	0.5	0.596595	0	0	0	
28	2	5	6	404	2	0	0.01	0	200	0	4	
28	2	5	7	405	1	300	0.05	0.112559	0	0	0	
28	2	5	73	406	1	400	0.25	0.369438	0	0	0	
28	2	5	152	407	1	300	0.9	0.747325	0	0	0	
28	2	5	75	408	1	600	0.25	0.391729	0	0	0	
28	2	5	195	409	1	600	0.5	0.381114	0	0	0	
28	2	5	122	410	1	300	0.1	0.235691	0	0	0	
28	2	5	157	411	2	0	0.99	0	400	0	376	
28	2	5	36	412	1	200	0.75	0.688944	0	0	0	
28	2	5	102	413	1	300	0.95	0.788723	0	0	0	
28	2	5	328	414	1	400	0.99	0.970236	0	0	0	
28	2	5	98	415	1	400	0.9	0.6433	0	0	0	
28	2	5	2	416	1	300	0.01	0.027641	0	0	0	
28	2	5	10	417	1	600	0.05	0.136974	0	0	0	
28	2	5	58	418	1	400	0.01	0.0350713	0	0	0	
28	2	5	111	419	1	200	0.01	0.0212721	0	0	0	
28	2	5	303	420	1	400	0.5	0.599779	0	0	0	
28	2	5	317	421	1	300	0.9	0.821629	0	0	0	
28	2	5	155	422	2	0	0.99	0	150	0	147	
28	2	5	47	423	2	0	0.25	0	50	0	7	
28	2	5	144	424	1	500	0.6	0.565812	0	0	0	
28	2	5	296	425	1	200	0.4	0.546705	0	0	0	
28	2	5	124	426	1	500	0.1	0.325917	0	0	0	
28	2	5	156	427	1	200	0.95	0.819506	0	0	0	
28	2	5	160	428	1	600	0.95	0.903363	0	0	0	
28	2	5	315	429	1	600	0.75	0.599779	0	0	0	
28	2	5	70	430	1	600	0.1	0.215523	0	0	0	
28	2	5	100	431	1	600	0.9	0.690005	0	0	0	
28	2	5	268	432	1	400	0.95	0.840735	0	0	0	
28	2	5	102	433	2	0	0.6	0	150	50	68	
28	2	5	50	434	1	600	0.95	0.886379	0	0	0	
28	2	5	97	435	2	0	0.6	0	400	0	88	
28	2	5	125	436	2	0	0.9	0	150	0	51	
28	2	5	76	437	1	200	0.4	0.5	0	0	0	
28	2	5	7	438	2	0	0.01	0	400	0	8	
28	2	5	72	439	2	0	0.4	0	150	50	68	
28	2	5	269	440	1	500	0.95	0.892748	0	0	0	
28	2	5	44	441	2	0	0.1	0	200	100	110	
28	2	5	132	442	1	300	0.4	0.46391	0	0	0	
28	2	5	252	443	1	300	0.6	0.552013	0	0	0	
28	2	5	118	444	2	0	0.75	0	150	100	127	
28	2	5	110	445	1	600	0.99	0.974482	0	0	0	
28	2	5	161	446	1	200	0.99	0.93733	0	0	0	
28	2	5	146	447	2	0	0.95	0	100	50	89	
28	2	5	8	448	2	0	0.01	0	800	0	16	
28	2	5	79	449	2	0	0.5	0	100	0	22	
28	2	5	313	450	1	400	0.75	0.627378	0	0	0	
28	2	5	51	451	2	0	0.25	0	200	0	44	
28	2	5	66	452	2	0	0.4	0	200	0	36	
28	2	5	171	453	1	200	0.05	0.147588	0	0	0	
28	2	5	292	454	1	300	0.25	0.359885	0	0	0	
28	2	5	123	455	2	0	0.9	0	75	0	67.5	
28	2	5	45	456	1	600	0.9	0.753694	0	0	0	
28	2	5	73	457	2	0	0.4	0	150	100	127	
28	2	5	267	458	1	300	0.95	0.820567	0	0	0	
28	2	5	209	459	1	500	0.9	0.831182	0	0	0	
28	2	5	58	460	2	0	0.25	0	150	100	117	
28	2	5	287	461	1	300	0.1	0.293011	0	0	0	
28	2	5	183	462	1	400	0.25	0.288765	0	0	0	
28	2	5	57	463	1	300	0.01	0.0478091	0	0	0	
28	2	5	261	464	1	200	0.9	0.835428	0	0	0	
28	2	5	86	465	2	0	0.5	0	100	50	67	
28	2	5	159	466	2	0	0.99	0	50	25	46.5	
28	2	5	101	467	2	0	0.6	0	100	50	67	
28	2	5	128	468	2	0	0.9	0	800	0	752	
28	2	5	49	469	1	500	0.95	0.924592	0	0	0	
28	2	5	144	470	2	0	0.95	0	50	25	44.5	
28	2	5	71	471	2	0	0.4	0	100	50	67	
28	2	5	324	472	1	500	0.95	0.877887	0	0	0	
28	2	5	77	473	2	0	0.5	0	50	0	17	
28	2	5	161	474	2	0	0.99	0	100	50	97	
28	2	5	239	475	1	500	0.25	0.489385	0	0	0	
28	2	5	302	476	1	300	0.5	0.581734	0	0	0	
28	2	5	125	477	1	600	0.1	0.271782	0	0	0	
28	2	5	245	478	1	600	0.4	0.600841	0	0	0	
28	2	5	306	479	1	200	0.6	0.65073	0	0	0	
28	2	5	113	480	2	0	0.75	0	800	0	240	
28	2	5	104	481	1	500	0.95	0.832244	0	0	0	
28	2	5	151	482	2	0	0.99	0	25	0	23.5	
28	2	5	105	483	2	0	0.6	0	200	150	167	
28	2	5	194	484	1	500	0.5	0.609333	0	0	0	
28	2	5	228	485	1	400	0.05	0.163511	0	0	0	
28	2	5	120	486	2	0	0.75	0	200	150	167	
28	2	5	316	487	1	200	0.9	0.761124	0	0	0	
28	2	5	15	488	2	0	0.01	0	200	150	153	
28	2	5	177	489	1	300	0.1	0.157142	0	0	0	
28	2	5	23	490	1	400	0.4	0.44268	0	0	0	
28	2	5	168	491	1	400	0.01	0.0594854	0	0	0	
28	2	5	67	492	1	300	0.1	0.332286	0	0	0	
28	2	5	212	493	1	300	0.95	0.779169	0	0	0	
28	2	5	21	494	1	200	0.4	0.617824	0	0	0	
28	2	5	53	495	1	400	0.99	0.976605	0	0	0	
