Subject#	Session#	Block#	Stim#	Trial#	Task	Numerosity	P_true	P_reported	x1	x2	CE	
23	1	1	38	1	2	0	0.1	0	800	0	48	
23	1	1	118	2	1	400	0.05	0.0435632	0	0	0	
23	1	1	28	3	1	400	0.5	0.467094	0	0	0	
23	1	1	4	4	2	0	0.01	0	100	0	2	
23	1	1	275	5	1	600	0.99	0.995712	0	0	0	
23	1	1	154	6	1	500	0.9	0.939453	0	0	0	
23	1	1	114	7	2	0	0.75	0	50	25	33.5	
23	1	1	236	8	1	200	0.25	0.330163	0	0	0	
23	1	1	317	9	1	300	0.9	0.922469	0	0	0	
23	1	1	141	10	2	0	0.95	0	200	0	92	
23	1	1	271	11	1	200	0.99	0.997835	0	0	0	
23	1	1	42	12	2	0	0.1	0	150	50	56	
23	1	1	169	13	1	500	0.01	0.00534986	0	0	0	
23	1	1	291	14	1	200	0.25	0.251613	0	0	0	
23	1	1	240	15	1	600	0.25	0.380053	0	0	0	
23	1	1	76	16	1	200	0.4	0.424635	0	0	0	
23	1	1	104	17	2	0	0.6	0	200	100	126	
23	1	1	156	18	2	0	0.99	0	200	0	140	
23	1	1	142	19	2	0	0.95	0	400	0	184	
23	1	1	49	20	2	0	0.25	0	100	0	30	
23	1	1	47	21	1	300	0.95	0.982974	0	0	0	
23	1	1	258	22	1	400	0.75	0.825875	0	0	0	
23	1	1	204	23	1	500	0.75	0.779169	0	0	0	
23	1	1	162	24	1	300	0.99	0.997835	0	0	0	
23	1	1	24	25	1	500	0.4	0.47134	0	0	0	
23	1	1	75	26	2	0	0.4	0	200	150	163	
23	1	1	158	27	1	400	0.95	0.957498	0	0	0	
23	1	1	264	28	1	500	0.9	0.906547	0	0	0	
23	1	1	128	29	2	0	0.9	0	800	0	400	
23	1	1	16	30	2	0	0.05	0	25	0	3.5	
23	1	1	123	31	2	0	0.9	0	75	0	37.5	
23	1	1	103	32	1	400	0.95	0.923531	0	0	0	
23	1	1	153	33	2	0	0.99	0	75	0	55.5	
23	1	1	157	34	1	300	0.95	0.964929	0	0	0	
23	1	1	110	35	2	0	0.75	0	150	0	69	
23	1	1	50	36	1	600	0.95	0.922469	0	0	0	
23	1	1	33	37	1	400	0.6	0.477709	0	0	0	
23	1	1	259	38	1	500	0.75	0.726095	0	0	0	
23	1	1	22	39	1	300	0.4	0.3567	0	0	0	
23	1	1	295	40	1	600	0.25	0.180494	0	0	0	
23	1	1	138	41	1	400	0.5	0.453295	0	0	0	
23	1	1	20	42	2	0	0.05	0	150	0	39	
23	1	1	183	43	1	400	0.25	0.173064	0	0	0	
23	1	1	134	44	1	500	0.4	0.293011	0	0	0	
23	1	1	288	45	1	400	0.1	0.0340099	0	0	0	
23	1	1	108	46	2	0	0.75	0	75	0	25.5	
23	1	1	50	47	2	0	0.25	0	150	0	39	
23	1	1	152	48	2	0	0.99	0	50	0	37	
23	1	1	38	49	1	400	0.75	0.790846	0	0	0	
23	1	1	148	50	2	0	0.95	0	150	100	135	
23	1	1	85	51	1	600	0.5	0.489385	0	0	0	
23	1	1	268	52	1	400	0.95	0.944761	0	0	0	
23	1	1	53	53	1	400	0.99	0.997835	0	0	0	
23	1	1	154	54	2	0	0.99	0	100	0	74	
23	1	1	84	55	2	0	0.5	0	50	25	32.5	
23	1	1	62	56	1	300	0.05	0.0180876	0	0	0	
23	1	1	61	57	1	200	0.05	0.0265795	0	0	0	
23	1	1	249	58	1	500	0.5	0.394913	0	0	0	
23	1	1	2	59	1	300	0.01	0.00216542	0	0	0	
23	1	1	165	60	1	600	0.99	0.995712	0	0	0	
23	1	1	175	61	1	600	0.05	0.0318869	0	0	0	
23	1	1	210	62	1	600	0.9	0.933084	0	0	0	
23	1	1	77	63	2	0	0.5	0	50	0	25	
23	1	1	269	64	1	500	0.95	0.912916	0	0	0	
23	1	1	134	65	2	0	0.9	0	200	100	146	
23	1	1	220	66	1	600	0.99	0.992527	0	0	0	
23	1	1	292	67	1	300	0.25	0.12742	0	0	0	
23	1	1	241	68	1	200	0.4	0.236753	0	0	0	
23	1	1	140	69	2	0	0.95	0	150	0	75	
23	1	1	78	70	1	400	0.4	0.447987	0	0	0	
23	1	1	302	71	1	300	0.5	0.47877	0	0	0	
23	1	1	3	72	2	0	0.01	0	75	0	4.5	
23	1	1	202	73	1	300	0.75	0.889564	0	0	0	
23	1	1	129	74	2	0	0.9	0	50	25	33.5	
23	1	1	178	75	1	400	0.1	0.0860224	0	0	0	
23	1	1	173	76	1	400	0.05	0.0478091	0	0	0	
23	1	1	68	77	2	0	0.4	0	800	0	240	
23	1	1	91	78	2	0	0.6	0	25	0	7.5	
23	1	1	1	79	1	200	0.01	0.00428838	0	0	0	
23	1	1	215	80	1	600	0.95	0.934146	0	0	0	
23	1	1	262	81	1	300	0.9	0.909732	0	0	0	
23	1	1	25	82	2	0	0.05	0	75	50	56.5	
23	1	1	187	83	1	300	0.4	0.363069	0	0	0	
23	1	1	308	84	1	400	0.6	0.56475	0	0	0	
23	1	1	52	85	2	0	0.25	0	400	0	104	
23	1	1	284	86	1	500	0.05	0.0552395	0	0	0	
23	1	1	75	87	1	600	0.25	0.17731	0	0	0	
23	1	1	325	88	1	600	0.95	0.891686	0	0	0	
23	1	1	123	89	1	400	0.1	0.128482	0	0	0	
23	1	1	19	90	2	0	0.05	0	100	0	14	
23	1	1	63	91	1	400	0.05	0.056301	0	0	0	
23	1	1	121	92	1	200	0.1	0.111498	0	0	0	
23	1	1	135	93	1	600	0.4	0.441619	0	0	0	
23	1	1	299	94	1	500	0.4	0.522291	0	0	0	
23	1	1	99	95	1	500	0.9	0.763247	0	0	0	
23	1	1	279	96	1	500	0.01	0.00534986	0	0	0	
23	1	1	194	97	1	500	0.5	0.468156	0	0	0	
23	1	1	132	98	2	0	0.9	0	150	50	76	
23	1	1	146	99	1	200	0.75	0.842858	0	0	0	
23	1	2	80	100	2	0	0.5	0	150	0	39	
23	1	2	270	101	1	600	0.95	0.913978	0	0	0	
23	1	2	314	102	1	500	0.75	0.766432	0	0	0	
23	1	2	159	103	2	0	0.99	0	50	25	37.5	
23	1	2	57	104	1	300	0.01	0.00534986	0	0	0	
23	1	2	283	105	1	400	0.05	0.0170262	0	0	0	
23	1	2	161	106	2	0	0.99	0	100	50	87	
23	1	2	119	107	1	500	0.05	0.0796535	0	0	0	
23	1	2	1	108	2	0	0.01	0	25	0	6.5	
23	1	2	136	109	1	200	0.5	0.440557	0	0	0	
23	1	2	237	110	1	300	0.25	0.264351	0	0	0	
23	1	2	254	111	1	500	0.6	0.533967	0	0	0	
23	1	2	117	112	1	300	0.05	0.0764691	0	0	0	
23	1	2	88	113	2	0	0.5	0	150	100	115	
23	1	2	140	114	1	600	0.5	0.462848	0	0	0	
23	1	2	92	115	2	0	0.6	0	50	0	15	
23	1	2	272	116	1	300	0.99	0.993589	0	0	0	
23	1	2	234	117	1	500	0.1	0.126359	0	0	0	
23	1	2	136	118	2	0	0.95	0	25	0	13.5	
23	1	2	45	119	2	0	0.1	0	200	150	165	
23	1	2	161	120	1	200	0.99	0.997835	0	0	0	
23	1	2	9	121	2	0	0.01	0	50	25	26.5	
23	1	2	65	122	1	600	0.05	0.0711617	0	0	0	
23	1	2	131	123	1	200	0.4	0.443742	0	0	0	
23	1	2	19	124	1	500	0.25	0.326979	0	0	0	
23	1	2	205	125	1	600	0.75	0.621009	0	0	0	
23	1	2	68	126	1	400	0.1	0.143342	0	0	0	
23	1	2	226	127	1	200	0.05	0.0159647	0	0	0	
23	1	2	153	128	1	400	0.9	0.885318	0	0	0	
23	1	2	142	129	1	300	0.6	0.634808	0	0	0	
23	1	2	230	130	1	600	0.05	0.0923913	0	0	0	
23	1	2	32	131	1	300	0.6	0.53609	0	0	0	
23	1	2	131	132	2	0	0.9	0	100	50	65	
23	1	2	35	133	1	600	0.6	0.680452	0	0	0	
23	1	2	97	134	1	300	0.9	0.889564	0	0	0	
23	1	2	193	135	1	400	0.5	0.436311	0	0	0	
23	1	2	273	136	1	400	0.99	0.996773	0	0	0	
23	1	2	209	137	1	500	0.9	0.90867	0	0	0	
23	1	2	73	138	2	0	0.4	0	150	100	113	
23	1	2	6	139	2	0	0.01	0	200	0	12	
23	1	2	198	140	1	400	0.6	0.565812	0	0	0	
23	1	2	60	141	1	600	0.01	0.00853431	0	0	0	
23	1	2	182	142	1	300	0.25	0.382176	0	0	0	
23	1	2	216	143	1	200	0.99	0.997835	0	0	0	
23	1	2	229	144	1	500	0.05	0.082838	0	0	0	
23	1	2	21	145	2	0	0.05	0	200	0	44	
23	1	2	223	146	1	400	0.01	0.00216542	0	0	0	
23	1	2	214	147	1	500	0.95	0.977666	0	0	0	
23	1	2	126	148	1	200	0.25	0.277089	0	0	0	
23	1	2	90	149	2	0	0.5	0	200	150	165	
23	1	2	191	150	1	200	0.5	0.415082	0	0	0	
23	1	2	139	151	2	0	0.95	0	100	0	50	
23	1	2	280	152	1	600	0.01	0.0032269	0	0	0	
23	1	2	324	153	1	500	0.95	0.964929	0	0	0	
23	1	2	200	154	1	600	0.6	0.574304	0	0	0	
23	1	2	56	155	2	0	0.25	0	100	50	63	
23	1	2	28	156	2	0	0.05	0	150	100	113	
23	1	2	158	157	2	0	0.99	0	800	0	592	
23	1	2	307	158	1	300	0.6	0.633747	0	0	0	
23	1	2	39	159	1	500	0.75	0.740956	0	0	0	
23	1	2	61	160	2	0	0.4	0	25	0	12.5	
23	1	2	120	161	2	0	0.75	0	200	150	163	
23	1	2	105	162	1	600	0.95	0.974482	0	0	0	
23	1	2	53	163	2	0	0.25	0	800	0	208	
23	1	2	114	164	1	500	0.01	0.00428838	0	0	0	
23	1	2	147	165	1	300	0.75	0.703804	0	0	0	
23	1	2	137	166	1	300	0.5	0.554136	0	0	0	
23	1	2	195	167	1	600	0.5	0.558381	0	0	0	
23	1	2	17	168	2	0	0.05	0	50	0	13	
23	1	2	107	169	1	300	0.99	0.996773	0	0	0	
23	1	2	34	170	2	0	0.1	0	100	0	6	
23	1	2	106	171	1	200	0.99	0.996773	0	0	0	
23	1	2	124	172	1	500	0.1	0.174125	0	0	0	
23	1	2	318	173	1	400	0.9	0.864088	0	0	0	
23	1	2	137	174	2	0	0.95	0	50	0	27	
23	1	2	39	175	2	0	0.1	0	50	25	27.5	
23	1	2	276	176	1	200	0.01	0.0106573	0	0	0	
23	1	2	155	177	2	0	0.99	0	150	0	117	
23	1	2	113	178	1	400	0.01	0.00959579	0	0	0	
23	1	2	13	179	2	0	0.01	0	150	100	105	
23	1	2	138	180	2	0	0.95	0	75	0	37.5	
23	1	2	116	181	1	200	0.05	0.0467476	0	0	0	
23	1	2	102	182	1	300	0.95	0.940515	0	0	0	
23	1	2	260	183	1	600	0.75	0.778108	0	0	0	
23	1	2	151	184	1	200	0.9	0.870457	0	0	0	
23	1	2	60	185	2	0	0.25	0	200	150	163	
23	1	2	186	186	1	200	0.4	0.420389	0	0	0	
23	1	2	310	187	1	600	0.6	0.548828	0	0	0	
23	1	2	197	188	1	300	0.6	0.537152	0	0	0	
23	1	2	135	189	2	0	0.9	0	200	150	175	
23	1	2	256	190	1	200	0.75	0.690005	0	0	0	
23	1	2	327	191	1	300	0.99	0.996773	0	0	0	
23	1	2	121	192	2	0	0.9	0	25	0	6.5	
23	1	2	120	193	1	600	0.05	0.0669158	0	0	0	
23	1	2	76	194	2	0	0.5	0	25	0	6.5	
23	1	2	296	195	1	200	0.4	0.58598	0	0	0	
23	1	2	184	196	1	500	0.25	0.359885	0	0	0	
23	1	2	323	197	1	400	0.95	0.904424	0	0	0	
23	1	2	27	198	2	0	0.05	0	150	50	52	
23	1	3	177	199	1	300	0.1	0.0955757	0	0	0	
23	1	3	125	200	1	600	0.1	0.17731	0	0	0	
23	1	3	286	201	1	200	0.1	0.238876	0	0	0	
23	1	3	228	202	1	400	0.05	0.0913298	0	0	0	
23	1	3	112	203	1	300	0.01	0.00641135	0	0	0	
23	1	3	23	204	1	400	0.4	0.428881	0	0	0	
23	1	3	180	205	1	600	0.1	0.337593	0	0	0	
23	1	3	233	206	1	400	0.1	0.155019	0	0	0	
23	1	3	156	207	1	200	0.95	0.874703	0	0	0	
23	1	3	196	208	1	200	0.6	0.691067	0	0	0	
23	1	3	208	209	1	400	0.9	0.781292	0	0	0	
23	1	3	62	210	2	0	0.4	0	50	0	13	
23	1	3	101	211	2	0	0.6	0	100	50	63	
23	1	3	8	212	2	0	0.01	0	800	0	16	
23	1	3	146	213	2	0	0.95	0	100	50	73	
23	1	3	133	214	2	0	0.9	0	150	100	125	
23	1	3	266	215	1	200	0.95	0.946883	0	0	0	
23	1	3	21	216	1	200	0.4	0.439496	0	0	0	
23	1	3	181	217	1	200	0.25	0.32804	0	0	0	
23	1	3	59	218	2	0	0.25	0	200	100	126	
23	1	3	36	219	2	0	0.1	0	200	0	44	
23	1	3	164	220	2	0	0.99	0	200	100	174	
23	1	3	87	221	1	300	0.6	0.772801	0	0	0	
23	1	3	306	222	1	200	0.6	0.588103	0	0	0	
23	1	3	277	223	1	300	0.01	0.00216542	0	0	0	
23	1	3	248	224	1	400	0.5	0.583857	0	0	0	
23	1	3	150	225	1	600	0.75	0.771739	0	0	0	
23	1	3	130	226	2	0	0.9	0	75	50	62.5	
23	1	3	59	227	1	500	0.01	0.00534986	0	0	0	
23	1	3	88	228	1	400	0.6	0.583857	0	0	0	
23	1	3	305	229	1	600	0.5	0.587041	0	0	0	
23	1	3	127	230	2	0	0.9	0	400	0	280	
23	1	3	176	231	1	200	0.1	0.0902683	0	0	0	
23	1	3	185	232	1	600	0.25	0.169879	0	0	0	
23	1	3	95	233	1	600	0.75	0.783415	0	0	0	
23	1	3	67	234	1	300	0.1	0.0764691	0	0	0	
23	1	3	160	235	2	0	0.99	0	75	50	68.5	
23	1	3	91	236	1	200	0.75	0.725034	0	0	0	
23	1	3	133	237	1	400	0.4	0.393852	0	0	0	
23	1	3	163	238	2	0	0.99	0	150	100	137	
23	1	3	43	239	1	400	0.9	0.917162	0	0	0	
23	1	3	17	240	1	300	0.25	0.151834	0	0	0	
23	1	3	95	241	2	0	0.6	0	150	0	45	
23	1	3	14	242	1	500	0.1	0.0605469	0	0	0	
23	1	3	63	243	2	0	0.4	0	75	0	37.5	
23	1	3	20	244	1	600	0.25	0.33547	0	0	0	
23	1	3	66	245	2	0	0.4	0	200	0	52	
23	1	3	309	246	1	500	0.6	0.70062	0	0	0	
23	1	3	149	247	1	500	0.75	0.781292	0	0	0	
23	1	3	298	248	1	400	0.4	0.325917	0	0	0	
23	1	3	143	249	2	0	0.95	0	800	0	432	
23	1	3	40	250	1	600	0.75	0.850289	0	0	0	
23	1	3	57	251	2	0	0.25	0	150	50	56	
23	1	3	44	252	2	0	0.1	0	200	100	122	
23	1	3	219	253	1	500	0.99	0.996773	0	0	0	
23	1	3	111	254	2	0	0.75	0	200	0	60	
23	1	3	201	255	1	200	0.75	0.766432	0	0	0	
23	1	3	64	256	2	0	0.4	0	100	0	30	
23	1	3	257	257	1	300	0.75	0.615701	0	0	0	
23	1	3	239	258	1	500	0.25	0.338655	0	0	0	
23	1	3	222	259	1	300	0.01	0.00534986	0	0	0	
23	1	3	247	260	1	300	0.5	0.415082	0	0	0	
23	1	3	13	261	1	400	0.1	0.14865	0	0	0	
23	1	3	37	262	1	300	0.75	0.769616	0	0	0	
23	1	3	22	263	2	0	0.05	0	400	0	24	
23	1	3	145	264	1	600	0.6	0.580673	0	0	0	
23	1	3	18	265	2	0	0.05	0	75	0	16.5	
23	1	3	122	266	2	0	0.9	0	50	0	27	
23	1	3	42	267	1	300	0.9	0.925654	0	0	0	
23	1	3	287	268	1	300	0.1	0.133789	0	0	0	
23	1	3	320	269	1	600	0.9	0.902301	0	0	0	
23	1	3	64	270	1	500	0.05	0.878949	0	0	0	
23	1	3	225	271	1	600	0.01	0.00534986	0	0	0	
23	1	3	128	272	1	400	0.25	0.326979	0	0	0	
23	1	3	40	273	2	0	0.1	0	75	50	56.5	
23	1	3	265	274	1	600	0.9	0.924592	0	0	0	
23	1	3	82	275	1	300	0.5	0.539275	0	0	0	
23	1	3	212	276	1	300	0.95	0.962806	0	0	0	
23	1	3	203	277	1	400	0.75	0.867272	0	0	0	
23	1	3	293	278	1	400	0.25	0.168818	0	0	0	
23	1	3	31	279	2	0	0.1	0	25	0	6.5	
23	1	3	55	280	1	600	0.99	0.997835	0	0	0	
23	1	3	267	281	1	300	0.95	0.979789	0	0	0	
23	1	3	119	282	2	0	0.75	0	200	100	126	
23	1	3	44	283	1	500	0.9	0.913978	0	0	0	
23	1	3	14	284	2	0	0.01	0	200	100	106	
23	1	3	72	285	2	0	0.4	0	150	50	76	
23	1	3	12	286	2	0	0.01	0	150	50	56	
23	1	3	251	287	1	200	0.6	0.663468	0	0	0	
23	1	3	328	288	1	400	0.99	0.990404	0	0	0	
23	1	3	89	289	1	500	0.6	0.541398	0	0	0	
23	1	3	15	290	1	600	0.1	0.131666	0	0	0	
23	1	3	82	291	2	0	0.5	0	400	0	120	
23	1	3	2	292	2	0	0.01	0	50	0	5	
23	1	3	41	293	2	0	0.1	0	100	50	63	
23	1	3	167	294	1	300	0.01	0.00747283	0	0	0	
23	1	3	48	295	2	0	0.25	0	75	0	19.5	
23	1	3	152	296	1	300	0.9	0.881072	0	0	0	
23	1	3	141	297	1	200	0.6	0.57855	0	0	0	
23	1	4	33	298	2	0	0.1	0	75	0	16.5	
23	1	4	199	299	1	500	0.6	0.58598	0	0	0	
23	1	4	319	300	1	500	0.9	0.896994	0	0	0	
23	1	4	139	301	1	500	0.5	0.47134	0	0	0	
23	1	4	94	302	1	500	0.75	0.619947	0	0	0	
23	1	4	86	303	1	200	0.6	0.67196	0	0	0	
23	1	4	36	304	1	200	0.75	0.674083	0	0	0	
23	1	4	329	305	1	500	0.99	0.99465	0	0	0	
23	1	4	166	306	1	200	0.01	0.00216542	0	0	0	
23	1	4	115	307	1	600	0.01	0.00110394	0	0	0	
23	1	4	143	308	1	400	0.6	0.576427	0	0	0	
23	1	4	155	309	1	600	0.9	0.844981	0	0	0	
23	1	4	51	310	1	200	0.99	0.996773	0	0	0	
23	1	4	73	311	1	400	0.25	0.225076	0	0	0	
23	1	4	107	312	2	0	0.75	0	50	0	13	
23	1	4	93	313	1	400	0.75	0.734587	0	0	0	
23	1	4	109	314	2	0	0.75	0	100	0	34	
23	1	4	7	315	2	0	0.01	0	400	0	24	
23	1	4	41	316	1	200	0.9	0.921408	0	0	0	
23	1	4	218	317	1	400	0.99	0.996773	0	0	0	
23	1	4	47	318	2	0	0.25	0	50	0	13	
23	1	4	189	319	1	500	0.4	0.445864	0	0	0	
23	1	4	71	320	2	0	0.4	0	100	50	63	
23	1	4	117	321	2	0	0.75	0	150	50	96	
23	1	4	235	322	1	600	0.1	0.0701002	0	0	0	
23	1	4	84	323	1	500	0.5	0.644361	0	0	0	
23	1	4	79	324	2	0	0.5	0	100	0	26	
23	1	4	35	325	2	0	0.1	0	150	0	9	
23	1	4	164	326	1	500	0.99	0.993589	0	0	0	
23	1	4	65	327	2	0	0.4	0	150	0	69	
23	1	4	74	328	1	500	0.25	0.333347	0	0	0	
23	1	4	101	329	1	200	0.95	0.861965	0	0	0	
23	1	4	8	330	1	400	0.05	0.0945143	0	0	0	
23	1	4	246	331	1	200	0.5	0.553074	0	0	0	
23	1	4	294	332	1	500	0.25	0.372622	0	0	0	
23	1	4	100	333	2	0	0.6	0	75	50	57.5	
23	1	4	274	334	1	500	0.99	0.993589	0	0	0	
23	1	4	90	335	1	600	0.6	0.691067	0	0	0	
23	1	4	5	336	1	600	0.01	0.00534986	0	0	0	
23	1	4	23	337	2	0	0.05	0	800	0	176	
23	1	4	113	338	2	0	0.75	0	800	0	176	
23	1	4	109	339	1	500	0.99	0.997835	0	0	0	
23	1	4	92	340	1	300	0.75	0.816321	0	0	0	
23	1	4	87	341	2	0	0.5	0	150	50	76	
23	1	4	108	342	1	400	0.99	0.99465	0	0	0	
23	1	4	27	343	1	300	0.5	0.419327	0	0	0	
23	1	4	9	344	1	500	0.05	0.0467476	0	0	0	
23	1	4	37	345	2	0	0.1	0	400	0	88	
23	1	4	188	346	1	400	0.4	0.378991	0	0	0	
23	1	4	12	347	1	300	0.1	0.164572	0	0	0	
23	1	4	245	348	1	600	0.4	0.420389	0	0	0	
23	1	4	297	349	1	300	0.4	0.462848	0	0	0	
23	1	4	150	350	2	0	0.95	0	200	150	177	
23	1	4	46	351	2	0	0.25	0	25	0	7.5	
23	1	4	238	352	1	400	0.25	0.247368	0	0	0	
23	1	4	281	353	1	200	0.05	0.0754076	0	0	0	
23	1	4	55	354	2	0	0.25	0	75	50	57.5	
23	1	4	289	355	1	500	0.1	0.104068	0	0	0	
23	1	4	79	356	1	500	0.4	0.37793	0	0	0	
23	1	4	67	357	2	0	0.4	0	400	0	184	
23	1	4	149	358	2	0	0.95	0	200	100	154	
23	1	4	69	359	2	0	0.4	0	50	25	32.5	
23	1	4	106	360	2	0	0.75	0	25	0	12.5	
23	1	4	66	361	1	200	0.1	0.172002	0	0	0	
23	1	4	118	362	2	0	0.75	0	150	100	113	
23	1	4	163	363	1	400	0.99	0.992527	0	0	0	
23	1	4	253	364	1	400	0.6	0.581734	0	0	0	
23	1	4	243	365	1	400	0.4	0.410836	0	0	0	
23	1	4	224	366	1	500	0.01	0.00747283	0	0	0	
23	1	4	54	367	1	500	0.99	0.997835	0	0	0	
23	1	4	217	368	1	300	0.99	0.996773	0	0	0	
23	1	4	122	369	1	300	0.1	0.117867	0	0	0	
23	1	4	165	370	2	0	0.99	0	200	150	185	
23	1	4	31	371	1	200	0.6	0.656038	0	0	0	
23	1	4	160	372	1	600	0.95	0.915039	0	0	0	
23	1	4	74	373	2	0	0.4	0	200	100	130	
23	1	4	304	374	1	500	0.5	0.580673	0	0	0	
23	1	4	30	375	2	0	0.05	0	200	150	163	
23	1	4	96	376	1	200	0.9	0.829059	0	0	0	
23	1	4	26	377	2	0	0.05	0	100	50	63	
23	1	4	300	378	1	600	0.4	0.441619	0	0	0	
23	1	4	132	379	1	300	0.4	0.431004	0	0	0	
23	1	4	52	380	1	300	0.99	0.993589	0	0	0	
23	1	4	24	381	2	0	0.05	0	50	25	31.5	
23	1	4	11	382	2	0	0.01	0	100	50	51	
23	1	4	70	383	1	600	0.1	0.139096	0	0	0	
23	1	4	221	384	1	200	0.01	0.00534986	0	0	0	
23	1	4	162	385	2	0	0.99	0	150	50	124	
23	1	4	18	386	1	400	0.25	0.332286	0	0	0	
23	1	4	48	387	1	400	0.95	0.893809	0	0	0	
23	1	4	58	388	2	0	0.25	0	150	100	115	
23	1	4	103	389	2	0	0.6	0	150	100	125	
23	1	4	330	390	1	600	0.99	0.991466	0	0	0	
23	1	4	98	391	1	400	0.9	0.93733	0	0	0	
23	1	4	71	392	1	200	0.25	0.24206	0	0	0	
23	1	4	261	393	1	200	0.9	0.911855	0	0	0	
23	1	4	77	394	1	300	0.4	0.436311	0	0	0	
23	1	4	97	395	2	0	0.6	0	400	0	200	
23	1	4	25	396	1	600	0.4	0.459664	0	0	0	
23	1	5	83	397	2	0	0.5	0	800	0	400	
23	1	5	100	398	1	600	0.9	0.90124	0	0	0	
23	1	5	110	399	1	600	0.99	0.993589	0	0	0	
23	1	5	255	400	1	600	0.6	0.678329	0	0	0	
23	1	5	11	401	1	200	0.1	0.267536	0	0	0	
23	1	5	4	402	1	500	0.01	0.00747283	0	0	0	
23	1	5	227	403	1	300	0.05	0.0244565	0	0	0	
23	1	5	16	404	1	200	0.25	0.260105	0	0	0	
23	1	5	99	405	2	0	0.6	0	50	25	33.5	
23	1	5	54	406	2	0	0.25	0	50	25	31.5	
23	1	5	316	407	1	200	0.9	0.813137	0	0	0	
23	1	5	244	408	1	500	0.4	0.391729	0	0	0	
23	1	5	144	409	2	0	0.95	0	50	25	37.5	
23	1	5	159	410	1	500	0.95	0.967052	0	0	0	
23	1	5	29	411	1	500	0.5	0.429942	0	0	0	
23	1	5	285	412	1	600	0.05	0.0594854	0	0	0	
23	1	5	127	413	1	300	0.25	0.169879	0	0	0	
23	1	5	56	414	1	200	0.01	0.00641135	0	0	0	
23	1	5	206	415	1	200	0.9	0.87258	0	0	0	
23	1	5	174	416	1	500	0.05	0.023395	0	0	0	
23	1	5	322	417	1	300	0.95	0.970236	0	0	0	
23	1	5	111	418	1	200	0.01	0.00534986	0	0	0	
23	1	5	170	419	1	600	0.01	0.00428838	0	0	0	
23	1	5	326	420	1	200	0.99	0.995712	0	0	0	
23	1	5	124	421	2	0	0.9	0	100	0	54	
23	1	5	78	422	2	0	0.5	0	75	0	19.5	
23	1	5	311	423	1	200	0.75	0.391729	0	0	0	
23	1	5	45	424	1	600	0.9	0.910793	0	0	0	
23	1	5	207	425	1	300	0.9	0.882133	0	0	0	
23	1	5	104	426	1	500	0.95	0.933084	0	0	0	
23	1	5	105	427	2	0	0.6	0	200	150	165	
23	1	5	282	428	1	300	0.05	0.025518	0	0	0	
23	1	5	313	429	1	400	0.75	0.75794	0	0	0	
23	1	5	96	430	2	0	0.6	0	200	0	52	
23	1	5	26	431	1	200	0.5	0.644361	0	0	0	
23	1	5	190	432	1	600	0.4	0.441619	0	0	0	
23	1	5	144	433	1	500	0.6	0.647546	0	0	0	
23	1	5	232	434	1	300	0.1	0.168818	0	0	0	
23	1	5	252	435	1	300	0.6	0.659222	0	0	0	
23	1	5	125	436	2	0	0.9	0	150	0	75	
23	1	5	29	437	2	0	0.05	0	200	100	122	
23	1	5	15	438	2	0	0.01	0	200	150	151	
23	1	5	6	439	1	200	0.05	0.0371943	0	0	0	
23	1	5	126	440	2	0	0.9	0	200	0	132	
23	1	5	86	441	2	0	0.5	0	100	50	73	
23	1	5	98	442	2	0	0.6	0	800	0	240	
23	1	5	130	443	1	600	0.25	0.27815	0	0	0	
23	1	5	80	444	1	600	0.4	0.445864	0	0	0	
23	1	5	58	445	1	400	0.01	0.00534986	0	0	0	
23	1	5	151	446	2	0	0.99	0	25	0	18.5	
23	1	5	83	447	1	400	0.5	0.568996	0	0	0	
23	1	5	102	448	2	0	0.6	0	150	50	96	
23	1	5	172	449	1	300	0.05	0.054178	0	0	0	
23	1	5	242	450	1	300	0.4	0.523353	0	0	0	
23	1	5	10	451	2	0	0.01	0	75	50	52.5	
23	1	5	168	452	1	400	0.01	0.00959579	0	0	0	
23	1	5	7	453	1	300	0.05	0.0127802	0	0	0	
23	1	5	192	454	1	300	0.5	0.553074	0	0	0	
23	1	5	51	455	2	0	0.25	0	200	0	52	
23	1	5	250	456	1	600	0.5	0.682575	0	0	0	
23	1	5	49	457	1	500	0.95	0.942638	0	0	0	
23	1	5	213	458	1	400	0.95	0.962806	0	0	0	
23	1	5	93	459	2	0	0.6	0	75	0	37.5	
23	1	5	46	460	1	200	0.95	0.956437	0	0	0	
23	1	5	148	461	1	400	0.75	0.811014	0	0	0	
23	1	5	290	462	1	600	0.1	0.157142	0	0	0	
23	1	5	278	463	1	400	0.01	0.0149032	0	0	0	
23	1	5	89	464	2	0	0.5	0	200	100	126	
23	1	5	145	465	2	0	0.95	0	75	50	68.5	
23	1	5	34	466	1	500	0.6	0.616763	0	0	0	
23	1	5	301	467	1	200	0.5	0.594472	0	0	0	
23	1	5	179	468	1	500	0.1	0.178371	0	0	0	
23	1	5	171	469	1	200	0.05	0.0892069	0	0	0	
23	1	5	85	470	2	0	0.5	0	75	50	57.5	
23	1	5	32	471	2	0	0.1	0	50	0	11	
23	1	5	303	472	1	400	0.5	0.660284	0	0	0	
23	1	5	43	473	2	0	0.1	0	150	100	111	
23	1	5	72	474	1	300	0.25	0.179433	0	0	0	
23	1	5	231	475	1	200	0.1	0.0701002	0	0	0	
23	1	5	263	476	1	400	0.9	0.909732	0	0	0	
23	1	5	30	477	1	600	0.5	0.443742	0	0	0	
23	1	5	69	478	1	500	0.1	0.181556	0	0	0	
23	1	5	5	479	2	0	0.01	0	150	0	9	
23	1	5	70	480	2	0	0.4	0	75	50	56.5	
23	1	5	81	481	2	0	0.5	0	200	0	52	
23	1	5	3	482	1	400	0.01	0.00428838	0	0	0	
23	1	5	321	483	1	200	0.95	0.980851	0	0	0	
23	1	5	94	484	2	0	0.6	0	100	0	46	
23	1	5	315	485	1	600	0.75	0.775985	0	0	0	
23	1	5	10	486	1	600	0.05	0.0722232	0	0	0	
23	1	5	147	487	2	0	0.95	0	150	50	108	
23	1	5	312	488	1	300	0.75	0.807829	0	0	0	
23	1	5	211	489	1	200	0.95	0.936269	0	0	0	
23	1	5	157	490	2	0	0.99	0	400	0	312	
23	1	5	129	491	1	500	0.25	0.268597	0	0	0	
23	1	5	116	492	2	0	0.75	0	100	50	77	
23	1	5	112	493	2	0	0.75	0	400	0	216	
23	1	5	81	494	1	200	0.5	0.553074	0	0	0	
23	1	5	115	495	2	0	0.75	0	75	50	63.5	
23	2	1	237	1	1	300	0.25	0.329588	0	0	0	
23	2	1	34	2	2	0	0.1	0	100	0	26	
23	2	1	272	3	1	300	0.99	0.998445	0	0	0	
23	2	1	81	4	2	0	0.5	0	200	0	44	
23	2	1	136	5	2	0	0.95	0	25	0	13.5	
23	2	1	227	6	1	300	0.05	0.020905	0	0	0	
23	2	1	62	7	1	300	0.05	0.0102194	0	0	0	
23	2	1	16	8	2	0	0.05	0	25	0	3.5	
23	2	1	318	9	1	400	0.9	0.941213	0	0	0	
23	2	1	329	10	1	500	0.99	0.994818	0	0	0	
23	2	1	242	11	1	300	0.4	0.45601	0	0	0	
23	2	1	138	12	1	400	0.5	0.544746	0	0	0	
23	2	1	142	13	2	0	0.95	0	400	0	264	
23	2	1	130	14	1	600	0.25	0.254099	0	0	0	
23	2	1	110	15	2	0	0.75	0	150	0	45	
23	2	1	123	16	2	0	0.9	0	75	0	37.5	
23	2	1	88	17	2	0	0.5	0	150	100	115	
23	2	1	69	18	1	500	0.1	0.0567388	0	0	0	
23	2	1	148	19	1	400	0.75	0.756679	0	0	0	
23	2	1	155	20	2	0	0.99	0	150	0	111	
23	2	1	58	21	2	0	0.25	0	150	100	115	
23	2	1	122	22	1	300	0.1	0.0863232	0	0	0	
23	2	1	43	23	1	400	0.9	0.889634	0	0	0	
23	2	1	23	24	2	0	0.05	0	800	0	48	
23	2	1	11	25	1	200	0.1	0.12704	0	0	0	
23	2	1	137	26	1	300	0.5	0.43475	0	0	0	
23	2	1	177	27	1	300	0.1	0.0342531	0	0	0	
23	2	1	34	28	1	500	0.6	0.65062	0	0	0	
23	2	1	311	29	1	200	0.75	0.744136	0	0	0	
23	2	1	38	30	2	0	0.1	0	800	0	48	
23	2	1	93	31	1	400	0.75	0.720978	0	0	0	
23	2	1	196	32	1	200	0.6	0.646422	0	0	0	
23	2	1	105	33	2	0	0.6	0	200	150	165	
23	2	1	9	34	1	500	0.05	0.0252526	0	0	0	
23	2	1	104	35	2	0	0.6	0	200	100	130	
23	2	1	132	36	1	300	0.4	0.37862	0	0	0	
23	2	1	251	37	1	200	0.6	0.622897	0	0	0	
23	2	1	253	38	1	400	0.6	0.636082	0	0	0	
23	2	1	57	39	1	300	0.01	0.00192659	0	0	0	
23	2	1	133	40	2	0	0.9	0	150	100	127	
23	2	1	138	41	2	0	0.95	0	75	0	52.5	
23	2	1	121	42	1	200	0.1	0.0987204	0	0	0	
23	2	1	71	43	1	200	0.25	0.182546	0	0	0	
23	2	1	287	44	1	300	0.1	0.0528688	0	0	0	
23	2	1	9	45	2	0	0.01	0	50	25	26.5	
23	2	1	246	46	1	200	0.5	0.592906	0	0	0	
23	2	1	249	47	1	500	0.5	0.466493	0	0	0	
23	2	1	145	48	1	600	0.6	0.637948	0	0	0	
23	2	1	324	49	1	500	0.95	0.965154	0	0	0	
23	2	1	38	50	1	400	0.75	0.841753	0	0	0	
23	2	1	216	51	1	200	0.99	0.996273	0	0	0	
23	2	1	197	52	1	300	0.6	0.588833	0	0	0	
23	2	1	10	53	2	0	0.01	0	75	50	51.5	
23	2	1	102	54	2	0	0.6	0	150	50	76	
23	2	1	36	55	1	200	0.75	0.74671	0	0	0	
23	2	1	19	56	2	0	0.05	0	100	0	26	
23	2	1	268	57	1	400	0.95	0.971315	0	0	0	
23	2	1	35	58	1	600	0.6	0.629487	0	0	0	
23	2	1	8	59	2	0	0.01	0	800	0	176	
23	2	1	48	60	1	400	0.95	0.971399	0	0	0	
23	2	1	297	61	1	300	0.4	0.375161	0	0	0	
23	2	1	88	62	1	400	0.6	0.627378	0	0	0	
23	2	1	45	63	1	600	0.9	0.92599	0	0	0	
23	2	1	12	64	1	300	0.1	0.0705292	0	0	0	
23	2	1	77	65	1	300	0.4	0.314431	0	0	0	
23	2	1	235	66	1	600	0.1	0.0595252	0	0	0	
23	2	1	135	67	1	600	0.4	0.348106	0	0	0	
23	2	1	111	68	2	0	0.75	0	200	0	60	
23	2	1	40	69	2	0	0.1	0	75	50	56.5	
23	2	1	129	70	2	0	0.9	0	50	25	42.5	
23	2	1	264	71	1	500	0.9	0.941138	0	0	0	
23	2	1	204	72	1	500	0.75	0.878206	0	0	0	
23	2	1	21	73	2	0	0.05	0	200	0	44	
23	2	1	143	74	1	400	0.6	0.695613	0	0	0	
23	2	1	172	75	1	300	0.05	0.0121787	0	0	0	
23	2	1	51	76	2	0	0.25	0	200	0	44	
23	2	1	166	77	1	200	0.01	0.00393013	0	0	0	
23	2	1	80	78	2	0	0.5	0	150	0	39	
23	2	1	231	79	1	200	0.1	0.0867433	0	0	0	
23	2	1	81	80	1	200	0.5	0.436457	0	0	0	
23	2	1	241	81	1	200	0.4	0.372782	0	0	0	
23	2	1	13	82	1	400	0.1	0.0671856	0	0	0	
23	2	1	69	83	2	0	0.4	0	50	25	31.5	
23	2	1	73	84	1	400	0.25	0.162688	0	0	0	
23	2	1	40	85	1	600	0.75	0.83204	0	0	0	
23	2	1	187	86	1	300	0.4	0.27869	0	0	0	
23	2	1	21	87	1	200	0.4	0.338248	0	0	0	
23	2	1	140	88	2	0	0.95	0	150	0	81	
23	2	1	161	89	2	0	0.99	0	100	50	87	
23	2	1	308	90	1	400	0.6	0.653778	0	0	0	
23	2	1	258	91	1	400	0.75	0.890501	0	0	0	
23	2	1	107	92	1	300	0.99	0.996242	0	0	0	
23	2	1	212	93	1	300	0.95	0.997989	0	0	0	
23	2	1	139	94	2	0	0.95	0	100	0	74	
23	2	1	92	95	1	300	0.75	0.782916	0	0	0	
23	2	1	60	96	2	0	0.25	0	200	150	163	
23	2	1	295	97	1	600	0.25	0.154081	0	0	0	
23	2	1	85	98	2	0	0.5	0	75	50	56.5	
23	2	1	181	99	1	200	0.25	0.194435	0	0	0	
23	2	2	165	100	1	600	0.99	0.995835	0	0	0	
23	2	2	301	101	1	200	0.5	0.395794	0	0	0	
23	2	2	140	102	1	600	0.5	0.423379	0	0	0	
23	2	2	84	103	1	500	0.5	0.297465	0	0	0	
23	2	2	257	104	1	300	0.75	0.797157	0	0	0	
23	2	2	52	105	2	0	0.25	0	400	0	88	
23	2	2	70	106	2	0	0.4	0	75	50	56.5	
23	2	2	296	107	1	200	0.4	0.382025	0	0	0	
23	2	2	191	108	1	200	0.5	0.463972	0	0	0	
23	2	2	149	109	1	500	0.75	0.685352	0	0	0	
23	2	2	293	110	1	400	0.25	0.159981	0	0	0	
23	2	2	56	111	2	0	0.25	0	100	50	65	
23	2	2	96	112	1	200	0.9	0.901819	0	0	0	
23	2	2	18	113	1	400	0.25	0.172719	0	0	0	
23	2	2	143	114	2	0	0.95	0	800	0	432	
23	2	2	5	115	2	0	0.01	0	150	0	33	
23	2	2	317	116	1	300	0.9	0.916331	0	0	0	
23	2	2	157	117	1	300	0.95	0.986455	0	0	0	
23	2	2	288	118	1	400	0.1	0.0408829	0	0	0	
23	2	2	171	119	1	200	0.05	0.0121124	0	0	0	
23	2	2	15	120	2	0	0.01	0	200	150	163	
23	2	2	124	121	1	500	0.1	0.0564558	0	0	0	
23	2	2	244	122	1	500	0.4	0.373604	0	0	0	
23	2	2	150	123	1	600	0.75	0.749492	0	0	0	
23	2	2	128	124	2	0	0.9	0	800	0	400	
23	2	2	270	125	1	600	0.95	0.959887	0	0	0	
23	2	2	183	126	1	400	0.25	0.2444	0	0	0	
23	2	2	126	127	2	0	0.9	0	200	0	132	
23	2	2	243	128	1	400	0.4	0.339407	0	0	0	
23	2	2	113	129	2	0	0.75	0	800	0	208	
23	2	2	164	130	1	500	0.99	0.995322	0	0	0	
23	2	2	93	131	2	0	0.6	0	75	0	34.5	
23	2	2	162	132	1	300	0.99	0.997437	0	0	0	
23	2	2	266	133	1	200	0.95	0.99507	0	0	0	
23	2	2	190	134	1	600	0.4	0.360756	0	0	0	
23	2	2	110	135	1	600	0.99	0.00301018	0	0	0	
23	2	2	67	136	2	0	0.4	0	400	0	120	
23	2	2	135	137	2	0	0.9	0	200	150	175	
23	2	2	94	138	2	0	0.6	0	100	0	30	
23	2	2	118	139	2	0	0.75	0	150	100	123	
23	2	2	261	140	1	200	0.9	0.880824	0	0	0	
23	2	2	86	141	1	200	0.6	0.675839	0	0	0	
23	2	2	144	142	2	0	0.95	0	50	25	37.5	
23	2	2	85	143	1	600	0.5	0.618598	0	0	0	
23	2	2	87	144	2	0	0.5	0	150	50	76	
23	2	2	300	145	1	600	0.4	0.459801	0	0	0	
23	2	2	230	146	1	600	0.05	0.0477737	0	0	0	
23	2	2	139	147	1	500	0.5	0.593211	0	0	0	
23	2	2	260	148	1	600	0.75	0.780129	0	0	0	
23	2	2	136	149	1	200	0.5	0.607218	0	0	0	
23	2	2	194	150	1	500	0.5	0.372552	0	0	0	
23	2	2	198	151	1	400	0.6	0.723641	0	0	0	
23	2	2	98	152	1	400	0.9	0.962412	0	0	0	
23	2	2	179	153	1	500	0.1	0.0441735	0	0	0	
23	2	2	18	154	2	0	0.05	0	75	0	16.5	
23	2	2	225	155	1	600	0.01	0.0102813	0	0	0	
23	2	2	58	156	1	400	0.01	0.00559312	0	0	0	
23	2	2	6	157	2	0	0.01	0	200	0	12	
23	2	2	247	158	1	300	0.5	0.272025	0	0	0	
23	2	2	71	159	2	0	0.4	0	100	50	63	
23	2	2	4	160	2	0	0.01	0	100	0	6	
23	2	2	159	161	2	0	0.99	0	50	25	43.5	
23	2	2	276	162	1	200	0.01	0.00734899	0	0	0	
23	2	2	74	163	1	500	0.25	0.281715	0	0	0	
23	2	2	146	164	2	0	0.95	0	100	50	83	
23	2	2	80	165	1	600	0.4	0.547391	0	0	0	
23	2	2	17	166	2	0	0.05	0	50	0	13	
23	2	2	91	167	1	200	0.75	0.730881	0	0	0	
23	2	2	59	168	1	500	0.01	0.00261213	0	0	0	
23	2	2	117	169	2	0	0.75	0	150	50	80	
23	2	2	28	170	1	400	0.5	0.575918	0	0	0	
23	2	2	229	171	1	500	0.05	0.0268758	0	0	0	
23	2	2	20	172	1	600	0.25	0.121387	0	0	0	
23	2	2	63	173	1	400	0.05	0.0179948	0	0	0	
23	2	2	154	174	1	500	0.9	0.97457	0	0	0	
23	2	2	10	175	1	600	0.05	0.0134525	0	0	0	
23	2	2	7	176	1	300	0.05	0.0258984	0	0	0	
23	2	2	207	177	1	300	0.9	0.927595	0	0	0	
23	2	2	214	178	1	500	0.95	0.98082	0	0	0	
23	2	2	176	179	1	200	0.1	0.085328	0	0	0	
23	2	2	75	180	2	0	0.4	0	200	150	163	
23	2	2	79	181	1	500	0.4	0.399398	0	0	0	
23	2	2	95	182	1	600	0.75	0.780218	0	0	0	
23	2	2	256	183	1	200	0.75	0.725388	0	0	0	
23	2	2	51	184	1	200	0.99	0.998082	0	0	0	
23	2	2	78	185	2	0	0.5	0	75	0	19.5	
23	2	2	95	186	2	0	0.6	0	150	0	45	
23	2	2	228	187	1	400	0.05	0.0263672	0	0	0	
23	2	2	83	188	1	400	0.5	0.618988	0	0	0	
23	2	2	193	189	1	400	0.5	0.66606	0	0	0	
23	2	2	14	190	2	0	0.01	0	200	100	106	
23	2	2	154	191	2	0	0.99	0	100	0	74	
23	2	2	163	192	2	0	0.99	0	150	100	137	
23	2	2	210	193	1	600	0.9	0.973421	0	0	0	
23	2	2	26	194	2	0	0.05	0	100	50	55	
23	2	2	37	195	2	0	0.1	0	400	0	24	
23	2	2	97	196	2	0	0.6	0	400	0	88	
23	2	2	188	197	1	400	0.4	0.336656	0	0	0	
23	2	2	245	198	1	600	0.4	0.365471	0	0	0	
23	2	3	54	199	1	500	0.99	0.9968	0	0	0	
23	2	3	195	200	1	600	0.5	0.352078	0	0	0	
23	2	3	160	201	1	600	0.95	0.972549	0	0	0	
23	2	3	86	202	2	0	0.5	0	100	50	63	
23	2	3	55	203	2	0	0.25	0	75	50	56.5	
23	2	3	41	204	2	0	0.1	0	100	50	55	
23	2	3	94	205	1	500	0.75	0.846604	0	0	0	
23	2	3	111	206	1	200	0.01	0.00356746	0	0	0	
23	2	3	115	207	2	0	0.75	0	75	50	62.5	
23	2	3	13	208	2	0	0.01	0	150	100	103	
23	2	3	274	209	1	500	0.99	0.998082	0	0	0	
23	2	3	30	210	1	600	0.5	0.673061	0	0	0	
23	2	3	223	211	1	400	0.01	0.00153738	0	0	0	
23	2	3	33	212	2	0	0.1	0	75	0	7.5	
23	2	3	2	213	1	300	0.01	0.00541178	0	0	0	
23	2	3	68	214	1	400	0.1	0.0287467	0	0	0	
23	2	3	134	215	1	500	0.4	0.282839	0	0	0	
23	2	3	151	216	2	0	0.99	0	25	0	17.5	
23	2	3	42	217	2	0	0.1	0	150	50	56	
23	2	3	105	218	1	600	0.95	0.966295	0	0	0	
23	2	3	119	219	2	0	0.75	0	200	100	130	
23	2	3	326	220	1	200	0.99	0.996552	0	0	0	
23	2	3	16	221	1	200	0.25	0.167787	0	0	0	
23	2	3	289	222	1	500	0.1	0.0555181	0	0	0	
23	2	3	109	223	1	500	0.99	0.996605	0	0	0	
23	2	3	236	224	1	200	0.25	0.175766	0	0	0	
23	2	3	137	225	2	0	0.95	0	50	0	27	
23	2	3	100	226	1	600	0.9	0.947591	0	0	0	
23	2	3	150	227	2	0	0.95	0	200	150	175	
23	2	3	112	228	2	0	0.75	0	400	0	104	
23	2	3	209	229	1	500	0.9	0.958989	0	0	0	
23	2	3	23	230	1	400	0.4	0.34827	0	0	0	
23	2	3	159	231	1	500	0.95	0.932673	0	0	0	
23	2	3	278	232	1	400	0.01	0.000462629	0	0	0	
23	2	3	1	233	2	0	0.01	0	25	0	2.5	
23	2	3	130	234	2	0	0.9	0	75	50	62.5	
23	2	3	240	235	1	600	0.25	0.268916	0	0	0	
23	2	3	78	236	1	400	0.4	0.364365	0	0	0	
23	2	3	24	237	1	500	0.4	0.248203	0	0	0	
23	2	3	302	238	1	300	0.5	0.586581	0	0	0	
23	2	3	82	239	1	300	0.5	0.681469	0	0	0	
23	2	3	112	240	1	300	0.01	0.00563293	0	0	0	
23	2	3	164	241	2	0	0.99	0	200	100	174	
23	2	3	131	242	1	200	0.4	0.450186	0	0	0	
23	2	3	50	243	2	0	0.25	0	150	0	33	
23	2	3	44	244	1	500	0.9	0.926587	0	0	0	
23	2	3	200	245	1	600	0.6	0.733283	0	0	0	
23	2	3	248	246	1	400	0.5	0.588811	0	0	0	
23	2	3	82	247	2	0	0.5	0	400	0	88	
23	2	3	33	248	1	400	0.6	0.694171	0	0	0	
23	2	3	217	249	1	300	0.99	0.997826	0	0	0	
23	2	3	47	250	2	0	0.25	0	50	0	11	
23	2	3	281	251	1	200	0.05	0.0369068	0	0	0	
23	2	3	298	252	1	400	0.4	0.37961	0	0	0	
23	2	3	70	253	1	600	0.1	0.015027	0	0	0	
23	2	3	53	254	2	0	0.25	0	800	0	48	
23	2	3	101	255	1	200	0.95	0.984517	0	0	0	
23	2	3	157	256	2	0	0.99	0	400	0	296	
23	2	3	47	257	1	300	0.95	0.972359	0	0	0	
23	2	3	283	258	1	400	0.05	0.0182601	0	0	0	
23	2	3	126	259	1	200	0.25	0.0636384	0	0	0	
23	2	3	265	260	1	600	0.9	0.964371	0	0	0	
23	2	3	180	261	1	600	0.1	0.0386936	0	0	0	
23	2	3	147	262	2	0	0.95	0	150	50	100	
23	2	3	275	263	1	600	0.99	0.996048	0	0	0	
23	2	3	173	264	1	400	0.05	0.0877739	0	0	0	
23	2	3	54	265	2	0	0.25	0	50	25	31.5	
23	2	3	313	266	1	400	0.75	0.815273	0	0	0	
23	2	3	91	267	2	0	0.6	0	25	0	6.5	
23	2	3	327	268	1	300	0.99	0.997525	0	0	0	
23	2	3	46	269	2	0	0.25	0	25	0	6.5	
23	2	3	141	270	1	200	0.6	0.592937	0	0	0	
23	2	3	89	271	1	500	0.6	0.534299	0	0	0	
23	2	3	238	272	1	400	0.25	0.261972	0	0	0	
23	2	3	127	273	2	0	0.9	0	400	0	280	
23	2	3	114	274	2	0	0.75	0	50	25	37.5	
23	2	3	114	275	1	500	0.01	0.0060354	0	0	0	
23	2	3	222	276	1	300	0.01	0.00271385	0	0	0	
23	2	3	306	277	1	200	0.6	0.749236	0	0	0	
23	2	3	153	278	2	0	0.99	0	75	0	55.5	
23	2	3	27	279	2	0	0.05	0	150	50	56	
23	2	3	43	280	2	0	0.1	0	150	100	111	
23	2	3	206	281	1	200	0.9	0.923473	0	0	0	
23	2	3	155	282	1	600	0.9	0.965393	0	0	0	
23	2	3	234	283	1	500	0.1	0.0435322	0	0	0	
23	2	3	182	284	1	300	0.25	0.123329	0	0	0	
23	2	3	100	285	2	0	0.6	0	75	50	57.5	
23	2	3	61	286	1	200	0.05	0.0107015	0	0	0	
23	2	3	161	287	1	200	0.99	0.995871	0	0	0	
23	2	3	84	288	2	0	0.5	0	50	25	32.5	
23	2	3	158	289	2	0	0.99	0	800	0	592	
23	2	3	314	290	1	500	0.75	0.766533	0	0	0	
23	2	3	280	291	1	600	0.01	0.00819817	0	0	0	
23	2	3	320	292	1	600	0.9	0.919864	0	0	0	
23	2	3	185	293	1	600	0.25	0.177655	0	0	0	
23	2	3	55	294	1	600	0.99	0.99385	0	0	0	
23	2	3	99	295	2	0	0.6	0	50	25	37.5	
23	2	3	15	296	1	600	0.1	0.082493	0	0	0	
23	2	3	294	297	1	500	0.25	0.18869	0	0	0	
23	2	4	66	298	2	0	0.4	0	200	0	44	
23	2	4	11	299	2	0	0.01	0	100	50	53	
23	2	4	152	300	1	300	0.9	0.903058	0	0	0	
23	2	4	163	301	1	400	0.99	0.992828	0	0	0	
23	2	4	35	302	2	0	0.1	0	150	0	9	
23	2	4	83	303	2	0	0.5	0	800	0	208	
23	2	4	252	304	1	300	0.6	0.67085	0	0	0	
23	2	4	41	305	1	200	0.9	0.941572	0	0	0	
23	2	4	106	306	2	0	0.75	0	25	0	6.5	
23	2	4	74	307	2	0	0.4	0	200	100	126	
23	2	4	322	308	1	300	0.95	0.921209	0	0	0	
23	2	4	221	309	1	200	0.01	0.00855642	0	0	0	
23	2	4	169	310	1	500	0.01	0.00286423	0	0	0	
23	2	4	57	311	2	0	0.25	0	150	50	76	
23	2	4	61	312	2	0	0.4	0	25	0	6.5	
23	2	4	250	313	1	600	0.5	0.541256	0	0	0	
23	2	4	277	314	1	300	0.01	0.00500046	0	0	0	
23	2	4	307	315	1	300	0.6	0.742252	0	0	0	
23	2	4	186	316	1	200	0.4	0.292949	0	0	0	
23	2	4	45	317	2	0	0.1	0	200	150	155	
23	2	4	27	318	1	300	0.5	0.632862	0	0	0	
23	2	4	72	319	1	300	0.25	0.258911	0	0	0	
23	2	4	32	320	1	300	0.6	0.751854	0	0	0	
23	2	4	77	321	2	0	0.5	0	50	0	13	
23	2	4	90	322	1	600	0.6	0.774521	0	0	0	
23	2	4	152	323	2	0	0.99	0	50	0	37	
23	2	4	224	324	1	500	0.01	0.00685363	0	0	0	
23	2	4	76	325	2	0	0.5	0	25	0	6.5	
23	2	4	145	326	2	0	0.95	0	75	50	63.5	
23	2	4	279	327	1	500	0.01	0.0112986	0	0	0	
23	2	4	26	328	1	200	0.5	0.733367	0	0	0	
23	2	4	134	329	2	0	0.9	0	200	100	154	
23	2	4	76	330	1	200	0.4	0.601548	0	0	0	
23	2	4	103	331	2	0	0.6	0	150	100	113	
23	2	4	271	332	1	200	0.99	0.995092	0	0	0	
23	2	4	133	333	1	400	0.4	0.362211	0	0	0	
23	2	4	259	334	1	500	0.75	0.868502	0	0	0	
23	2	4	92	335	2	0	0.6	0	50	0	13	
23	2	4	255	336	1	600	0.6	0.691199	0	0	0	
23	2	4	30	337	2	0	0.05	0	200	150	161	
23	2	4	215	338	1	600	0.95	0.983505	0	0	0	
23	2	4	120	339	1	600	0.05	0.0214136	0	0	0	
23	2	4	19	340	1	500	0.25	0.0919402	0	0	0	
23	2	4	1	341	1	200	0.01	0.00492085	0	0	0	
23	2	4	125	342	2	0	0.9	0	150	0	75	
23	2	4	262	343	1	300	0.9	0.807931	0	0	0	
23	2	4	124	344	2	0	0.9	0	100	0	70	
23	2	4	282	345	1	300	0.05	0.0315331	0	0	0	
23	2	4	299	346	1	500	0.4	0.442154	0	0	0	
23	2	4	291	347	1	200	0.25	0.351959	0	0	0	
23	2	4	203	348	1	400	0.75	0.815755	0	0	0	
23	2	4	208	349	1	400	0.9	0.916897	0	0	0	
23	2	4	5	350	1	600	0.01	0.00398321	0	0	0	
23	2	4	131	351	2	0	0.9	0	100	50	85	
23	2	4	199	352	1	500	0.6	0.69227	0	0	0	
23	2	4	292	353	1	300	0.25	0.335891	0	0	0	
23	2	4	3	354	2	0	0.01	0	75	0	4.5	
23	2	4	4	355	1	500	0.01	0.00441665	0	0	0	
23	2	4	67	356	1	300	0.1	0.0935324	0	0	0	
23	2	4	2	357	2	0	0.01	0	50	0	3	
23	2	4	153	358	1	400	0.9	0.912558	0	0	0	
23	2	4	123	359	1	400	0.1	0.0709096	0	0	0	
23	2	4	158	360	1	400	0.95	0.977109	0	0	0	
23	2	4	87	361	1	300	0.6	0.661633	0	0	0	
23	2	4	189	362	1	500	0.4	0.353281	0	0	0	
23	2	4	312	363	1	300	0.75	0.797458	0	0	0	
23	2	4	20	364	2	0	0.05	0	150	0	9	
23	2	4	118	365	1	400	0.05	0.074324	0	0	0	
23	2	4	64	366	1	500	0.05	0.0306043	0	0	0	
23	2	4	147	367	1	300	0.75	0.910669	0	0	0	
23	2	4	165	368	2	0	0.99	0	200	150	187	
23	2	4	25	369	2	0	0.05	0	75	50	56.5	
23	2	4	315	370	1	600	0.75	0.875879	0	0	0	
23	2	4	97	371	1	300	0.9	0.920669	0	0	0	
23	2	4	59	372	2	0	0.25	0	200	100	122	
23	2	4	89	373	2	0	0.5	0	200	100	130	
23	2	4	168	374	1	400	0.01	0.00794165	0	0	0	
23	2	4	32	375	2	0	0.1	0	50	0	3	
23	2	4	14	376	1	500	0.1	0.061113	0	0	0	
23	2	4	48	377	2	0	0.25	0	75	0	19.5	
23	2	4	132	378	2	0	0.9	0	150	50	100	
23	2	4	108	379	1	400	0.99	0.997008	0	0	0	
23	2	4	3	380	1	400	0.01	0.00494739	0	0	0	
23	2	4	321	381	1	200	0.95	0.988892	0	0	0	
23	2	4	128	382	1	400	0.25	0.0494854	0	0	0	
23	2	4	12	383	2	0	0.01	0	150	50	56	
23	2	4	125	384	1	600	0.1	0.0431386	0	0	0	
23	2	4	151	385	1	200	0.9	0.905605	0	0	0	
23	2	4	170	386	1	600	0.01	0.0134437	0	0	0	
23	2	4	220	387	1	600	0.99	0.996437	0	0	0	
23	2	4	285	388	1	600	0.05	0.0256816	0	0	0	
23	2	4	46	389	1	200	0.95	0.985681	0	0	0	
23	2	4	330	390	1	600	0.99	0.996269	0	0	0	
23	2	4	304	391	1	500	0.5	0.605715	0	0	0	
23	2	4	75	392	1	600	0.25	0.275041	0	0	0	
23	2	4	29	393	1	500	0.5	0.566183	0	0	0	
23	2	4	218	394	1	400	0.99	0.992567	0	0	0	
23	2	4	63	395	2	0	0.4	0	75	0	19.5	
23	2	4	108	396	2	0	0.75	0	75	0	34.5	
23	2	5	8	397	1	400	0.05	0.0247529	0	0	0	
23	2	5	79	398	2	0	0.5	0	100	0	26	
23	2	5	7	399	2	0	0.01	0	400	0	24	
23	2	5	267	400	1	300	0.95	0.965526	0	0	0	
23	2	5	106	401	1	200	0.99	0.994363	0	0	0	
23	2	5	17	402	1	300	0.25	0.281879	0	0	0	
23	2	5	52	403	1	300	0.99	0.994575	0	0	0	
23	2	5	24	404	2	0	0.05	0	50	25	26.5	
23	2	5	103	405	1	400	0.95	0.973323	0	0	0	
23	2	5	64	406	2	0	0.4	0	100	0	26	
23	2	5	205	407	1	600	0.75	0.827812	0	0	0	
23	2	5	305	408	1	600	0.5	0.622915	0	0	0	
23	2	5	319	409	1	500	0.9	0.891868	0	0	0	
23	2	5	175	410	1	600	0.05	0.0394499	0	0	0	
23	2	5	316	411	1	200	0.9	0.128256	0	0	0	
23	2	5	66	412	1	200	0.1	0.155072	0	0	0	
23	2	5	232	413	1	300	0.1	0.183502	0	0	0	
23	2	5	239	414	1	500	0.25	0.334542	0	0	0	
23	2	5	213	415	1	400	0.95	0.828254	0	0	0	
23	2	5	142	416	1	300	0.6	0.776414	0	0	0	
23	2	5	178	417	1	400	0.1	0.069512	0	0	0	
23	2	5	184	418	1	500	0.25	0.147031	0	0	0	
23	2	5	107	419	2	0	0.75	0	50	0	15	
23	2	5	39	420	2	0	0.1	0	50	25	26.5	
23	2	5	90	421	2	0	0.5	0	200	150	175	
23	2	5	72	422	2	0	0.4	0	150	50	76	
23	2	5	149	423	2	0	0.95	0	200	100	150	
23	2	5	104	424	1	500	0.95	0.942629	0	0	0	
23	2	5	120	425	2	0	0.75	0	200	150	165	
23	2	5	56	426	1	200	0.01	0.0102548	0	0	0	
23	2	5	127	427	1	300	0.25	0.192945	0	0	0	
23	2	5	22	428	1	300	0.4	0.326377	0	0	0	
23	2	5	60	429	1	600	0.01	0.00813625	0	0	0	
23	2	5	284	430	1	500	0.05	0.0819357	0	0	0	
23	2	5	202	431	1	300	0.75	0.823274	0	0	0	
23	2	5	102	432	1	300	0.95	0.953553	0	0	0	
23	2	5	269	433	1	500	0.95	0.975008	0	0	0	
23	2	5	98	434	2	0	0.6	0	800	0	240	
23	2	5	254	435	1	500	0.6	0.716047	0	0	0	
23	2	5	141	436	2	0	0.95	0	200	0	148	
23	2	5	25	437	1	600	0.4	0.564096	0	0	0	
23	2	5	96	438	2	0	0.6	0	200	0	60	
23	2	5	73	439	2	0	0.4	0	150	100	115	
23	2	5	174	440	1	500	0.05	0.0207413	0	0	0	
23	2	5	37	441	1	300	0.75	0.924964	0	0	0	
23	2	5	116	442	2	0	0.75	0	100	50	75	
23	2	5	162	443	2	0	0.99	0	150	50	124	
23	2	5	129	444	1	500	0.25	0.208663	0	0	0	
23	2	5	6	445	1	200	0.05	0.0782161	0	0	0	
23	2	5	286	446	1	200	0.1	0.0817809	0	0	0	
23	2	5	31	447	1	200	0.6	0.660009	0	0	0	
23	2	5	167	448	1	300	0.01	0.0046599	0	0	0	
23	2	5	156	449	1	200	0.95	0.986198	0	0	0	
23	2	5	62	450	2	0	0.4	0	50	0	13	
23	2	5	219	451	1	500	0.99	0.996552	0	0	0	
23	2	5	39	452	1	500	0.75	0.889851	0	0	0	
23	2	5	119	453	1	500	0.05	0.975716	0	0	0	
23	2	5	113	454	1	400	0.01	0.0128245	0	0	0	
23	2	5	310	455	1	600	0.6	0.673128	0	0	0	
23	2	5	290	456	1	600	0.1	0.0856421	0	0	0	
23	2	5	99	457	1	500	0.9	0.93281	0	0	0	
23	2	5	109	458	2	0	0.75	0	100	0	30	
23	2	5	22	459	2	0	0.05	0	400	0	24	
23	2	5	144	460	1	500	0.6	0.589562	0	0	0	
23	2	5	29	461	2	0	0.05	0	200	100	106	
23	2	5	68	462	2	0	0.4	0	800	0	368	
23	2	5	148	463	2	0	0.95	0	150	100	135	
23	2	5	36	464	2	0	0.1	0	200	0	12	
23	2	5	28	465	2	0	0.05	0	150	100	113	
23	2	5	49	466	2	0	0.25	0	100	0	26	
23	2	5	65	467	2	0	0.4	0	150	0	69	
23	2	5	146	468	1	200	0.75	0.714278	0	0	0	
23	2	5	160	469	2	0	0.99	0	75	50	67.5	
23	2	5	116	470	1	200	0.05	0.0275746	0	0	0	
23	2	5	303	471	1	400	0.5	0.66694	0	0	0	
23	2	5	121	472	2	0	0.9	0	25	0	17.5	
23	2	5	328	473	1	400	0.99	0.994716	0	0	0	
23	2	5	50	474	1	600	0.95	0.971828	0	0	0	
23	2	5	211	475	1	200	0.95	0.96733	0	0	0	
23	2	5	65	476	1	600	0.05	0.0203344	0	0	0	
23	2	5	117	477	1	300	0.05	0.0612103	0	0	0	
23	2	5	49	478	1	500	0.95	0.951864	0	0	0	
23	2	5	201	479	1	200	0.75	0.688776	0	0	0	
23	2	5	263	480	1	400	0.9	0.875256	0	0	0	
23	2	5	53	481	1	400	0.99	0.993314	0	0	0	
23	2	5	323	482	1	400	0.95	0.980391	0	0	0	
23	2	5	273	483	1	400	0.99	0.992691	0	0	0	
23	2	5	42	484	1	300	0.9	0.919161	0	0	0	
23	2	5	122	485	2	0	0.9	0	50	0	37	
23	2	5	192	486	1	300	0.5	0.565728	0	0	0	
23	2	5	233	487	1	400	0.1	0.188822	0	0	0	
23	2	5	101	488	2	0	0.6	0	100	50	75	
23	2	5	156	489	2	0	0.99	0	200	0	180	
23	2	5	226	490	1	200	0.05	0.0461948	0	0	0	
23	2	5	44	491	2	0	0.1	0	200	100	106	
23	2	5	309	492	1	500	0.6	0.758816	0	0	0	
23	2	5	325	493	1	600	0.95	0.96852	0	0	0	
23	2	5	115	494	1	600	0.01	0.990661	0	0	0	
23	2	5	31	495	2	0	0.1	0	25	0	6.5	
