Subject#	Session#	Block#	Stim#	Trial#	Task	Numerosity	P_true	P_reported	x1	x2	CE	
13	1	1	103	1	2	0	0.6	0	150	100	125	
13	1	1	87	2	2	0	0.5	0	150	50	100	
13	1	1	323	3	1	400	0.95	0.898055	0	0	0	
13	1	1	174	4	1	500	0.05	0.113621	0	0	0	
13	1	1	315	5	1	600	0.75	0.654976	0	0	0	
13	1	1	83	6	2	0	0.5	0	800	0	400	
13	1	1	251	7	1	200	0.6	0.354577	0	0	0	
13	1	1	195	8	1	600	0.5	0.371561	0	0	0	
13	1	1	95	9	2	0	0.6	0	150	0	63	
13	1	1	69	10	1	500	0.1	0.38536	0	0	0	
13	1	1	134	11	2	0	0.9	0	200	100	170	
13	1	1	52	12	1	300	0.99	0.993589	0	0	0	
13	1	1	36	13	1	200	0.75	0.625255	0	0	0	
13	1	1	107	14	2	0	0.75	0	50	0	25	
13	1	1	128	15	2	0	0.9	0	800	0	400	
13	1	1	66	16	2	0	0.4	0	200	0	92	
13	1	1	146	17	1	200	0.75	0.717604	0	0	0	
13	1	1	130	18	2	0	0.9	0	75	50	67.5	
13	1	1	70	19	2	0	0.4	0	75	50	59.5	
13	1	1	273	20	1	400	0.99	0.98722	0	0	0	
13	1	1	70	21	1	600	0.1	0.211277	0	0	0	
13	1	1	160	22	1	600	0.95	0.939453	0	0	0	
13	1	1	85	23	2	0	0.5	0	75	50	60.5	
13	1	1	105	24	2	0	0.6	0	200	150	155	
13	1	1	104	25	1	500	0.95	0.944761	0	0	0	
13	1	1	132	26	1	300	0.4	0.452233	0	0	0	
13	1	1	59	27	2	0	0.25	0	200	100	190	
13	1	1	44	28	1	500	0.9	0.883195	0	0	0	
13	1	1	161	29	2	0	0.99	0	100	50	99	
13	1	1	44	30	2	0	0.1	0	200	100	102	
13	1	1	111	31	1	200	0.01	0.0170262	0	0	0	
13	1	1	54	32	1	500	0.99	0.991466	0	0	0	
13	1	1	126	33	1	200	0.25	0.429942	0	0	0	
13	1	1	47	34	1	300	0.95	0.9299	0	0	0	
13	1	1	325	35	1	600	0.95	0.946883	0	0	0	
13	1	1	263	36	1	400	0.9	0.906547	0	0	0	
13	1	1	80	37	2	0	0.5	0	150	0	75	
13	1	1	24	38	2	0	0.05	0	50	25	25.5	
13	1	1	43	39	2	0	0.1	0	150	100	101	
13	1	1	40	40	2	0	0.1	0	75	50	50.5	
13	1	1	67	41	1	300	0.1	0.107252	0	0	0	
13	1	1	64	42	2	0	0.4	0	100	0	70	
13	1	1	5	43	1	600	0.01	0.358823	0	0	0	
13	1	1	149	44	1	500	0.75	0.67196	0	0	0	
13	1	1	116	45	1	200	0.05	0.0446247	0	0	0	
13	1	1	66	46	1	200	0.1	0.122113	0	0	0	
13	1	1	1	47	2	0	0.01	0	25	0	0.5	
13	1	1	21	48	1	200	0.4	0.307872	0	0	0	
13	1	1	56	49	1	200	0.01	0.00216542	0	0	0	
13	1	1	148	50	2	0	0.95	0	150	100	149	
13	1	1	101	51	1	200	0.95	0.193232	0	0	0	
13	1	1	291	52	1	200	0.25	0.357762	0	0	0	
13	1	1	37	53	2	0	0.1	0	400	0	200	
13	1	1	148	54	1	400	0.75	0.669837	0	0	0	
13	1	1	252	55	1	300	0.6	0.522291	0	0	0	
13	1	1	98	56	1	400	0.9	0.864088	0	0	0	
13	1	1	221	57	1	200	0.01	0.0138417	0	0	0	
13	1	1	150	58	1	600	0.75	0.690005	0	0	0	
13	1	1	278	59	1	400	0.01	0.0117187	0	0	0	
13	1	1	27	60	2	0	0.05	0	150	50	52	
13	1	1	139	61	2	0	0.95	0	100	0	90	
13	1	1	30	62	2	0	0.05	0	200	150	159	
13	1	1	38	63	1	400	0.75	0.742018	0	0	0	
13	1	1	207	64	1	300	0.9	0.871518	0	0	0	
13	1	1	244	65	1	500	0.4	0.358823	0	0	0	
13	1	1	209	66	1	500	0.9	0.817383	0	0	0	
13	1	1	318	67	1	400	0.9	0.893809	0	0	0	
13	1	1	321	68	1	200	0.95	0.963867	0	0	0	
13	1	1	164	69	1	500	0.99	0.989343	0	0	0	
13	1	1	144	70	1	500	0.6	0.401282	0	0	0	
13	1	1	28	71	1	400	0.5	0.495754	0	0	0	
13	1	1	98	72	2	0	0.6	0	800	0	400	
13	1	1	154	73	2	0	0.99	0	100	0	98	
13	1	1	297	74	1	300	0.4	0.368376	0	0	0	
13	1	1	262	75	1	300	0.9	0.922469	0	0	0	
13	1	1	293	76	1	400	0.25	0.303626	0	0	0	
13	1	1	267	77	1	300	0.95	0.887441	0	0	0	
13	1	1	72	78	1	300	0.25	0.100883	0	0	0	
13	1	1	239	79	1	500	0.25	0.352454	0	0	0	
13	1	1	322	80	1	300	0.95	0.935207	0	0	0	
13	1	1	164	81	2	0	0.99	0	200	100	198	
13	1	1	294	82	1	500	0.25	0.196416	0	0	0	
13	1	1	71	83	1	200	0.25	0.253736	0	0	0	
13	1	1	86	84	2	0	0.5	0	100	50	71	
13	1	1	133	85	1	400	0.4	0.42145	0	0	0	
13	1	1	286	86	1	200	0.1	0.080715	0	0	0	
13	1	1	72	87	2	0	0.4	0	150	50	100	
13	1	1	165	88	1	600	0.99	0.992527	0	0	0	
13	1	1	248	89	1	400	0.5	0.5	0	0	0	
13	1	1	198	90	1	400	0.6	0.692128	0	0	0	
13	1	1	61	91	1	200	0.05	0.0573624	0	0	0	
13	1	1	172	92	1	300	0.05	0.0616084	0	0	0	
13	1	1	110	93	1	600	0.99	0.996773	0	0	0	
13	1	1	86	94	1	200	0.6	0.5	0	0	0	
13	1	1	50	95	1	600	0.95	0.973421	0	0	0	
13	1	1	82	96	1	300	0.5	0.5	0	0	0	
13	1	1	17	97	2	0	0.05	0	50	0	7	
13	1	1	290	98	1	600	0.1	0.0584239	0	0	0	
13	1	1	88	99	2	0	0.5	0	150	100	129	
13	1	2	145	100	1	600	0.6	0.715481	0	0	0	
13	1	2	37	101	1	300	0.75	0.804645	0	0	0	
13	1	2	81	102	2	0	0.5	0	200	0	100	
13	1	2	48	103	2	0	0.25	0	75	0	37.5	
13	1	2	10	104	2	0	0.01	0	75	50	64.5	
13	1	2	129	105	2	0	0.9	0	50	25	42.5	
13	1	2	107	106	1	300	0.99	0.997835	0	0	0	
13	1	2	111	107	2	0	0.75	0	200	0	140	
13	1	2	277	108	1	300	0.01	0.0106573	0	0	0	
13	1	2	191	109	1	200	0.5	0.611456	0	0	0	
13	1	2	162	110	2	0	0.99	0	150	50	148	
13	1	2	47	111	2	0	0.25	0	50	0	25	
13	1	2	21	112	2	0	0.05	0	200	0	20	
13	1	2	7	113	2	0	0.01	0	400	0	8	
13	1	2	83	114	1	400	0.5	0.5	0	0	0	
13	1	2	7	115	1	300	0.05	0.0329484	0	0	0	
13	1	2	79	116	2	0	0.5	0	100	0	50	
13	1	2	228	117	1	400	0.05	0.0435632	0	0	0	
13	1	2	84	118	1	500	0.5	0.444803	0	0	0	
13	1	2	13	119	1	400	0.1	0.0499321	0	0	0	
13	1	2	140	120	2	0	0.95	0	150	0	117	
13	1	2	237	121	1	300	0.25	0.283458	0	0	0	
13	1	2	25	122	2	0	0.05	0	75	50	50.5	
13	1	2	138	123	1	400	0.5	0.52866	0	0	0	
13	1	2	183	124	1	400	0.25	0.207031	0	0	0	
13	1	2	125	125	1	600	0.1	0.11999	0	0	0	
13	1	2	194	126	1	500	0.5	0.678329	0	0	0	
13	1	2	118	127	1	400	0.05	0.0488706	0	0	0	
13	1	2	311	128	1	200	0.75	0.898055	0	0	0	
13	1	2	34	129	2	0	0.1	0	100	0	30	
13	1	2	137	130	1	300	0.5	0.894871	0	0	0	
13	1	2	96	131	1	200	0.9	0.959621	0	0	0	
13	1	2	249	132	1	500	0.5	0.5	0	0	0	
13	1	2	210	133	1	600	0.9	0.949006	0	0	0	
13	1	2	329	134	1	500	0.99	0.997835	0	0	0	
13	1	2	15	135	2	0	0.01	0	200	150	151	
13	1	2	275	136	1	600	0.99	0.991466	0	0	0	
13	1	2	89	137	1	500	0.6	0.762186	0	0	0	
13	1	2	250	138	1	600	0.5	0.452233	0	0	0	
13	1	2	320	139	1	600	0.9	0.0870839	0	0	0	
13	1	2	50	140	2	0	0.25	0	150	0	69	
13	1	2	157	141	2	0	0.99	0	400	0	392	
13	1	2	36	142	2	0	0.1	0	200	0	60	
13	1	2	303	143	1	400	0.5	0.759001	0	0	0	
13	1	2	19	144	1	500	0.25	0.424635	0	0	0	
13	1	2	132	145	2	0	0.9	0	150	50	124	
13	1	2	168	146	1	400	0.01	0.00959579	0	0	0	
13	1	2	222	147	1	300	0.01	0.00216542	0	0	0	
13	1	2	305	148	1	600	0.5	0.648607	0	0	0	
13	1	2	143	149	2	0	0.95	0	800	0	784	
13	1	2	40	150	1	600	0.75	0.903363	0	0	0	
13	1	2	81	151	1	200	0.5	0.5	0	0	0	
13	1	2	215	152	1	600	0.95	0.984035	0	0	0	
13	1	2	16	153	1	200	0.25	0.297257	0	0	0	
13	1	2	227	154	1	300	0.05	0.0616084	0	0	0	
13	1	2	330	155	1	600	0.99	0.996773	0	0	0	
13	1	2	170	156	1	600	0.01	0.00216542	0	0	0	
13	1	2	131	157	1	200	0.4	0.5	0	0	0	
13	1	2	92	158	2	0	0.6	0	50	0	23	
13	1	2	180	159	1	600	0.1	0.0870839	0	0	0	
13	1	2	137	160	2	0	0.95	0	50	0	45	
13	1	2	162	161	1	300	0.99	0.996773	0	0	0	
13	1	2	264	162	1	500	0.9	0.959621	0	0	0	
13	1	2	112	163	1	300	0.01	0.00534986	0	0	0	
13	1	2	185	164	1	600	0.25	0.271782	0	0	0	
13	1	2	258	165	1	400	0.75	0.863026	0	0	0	
13	1	2	32	166	1	300	0.6	0.834367	0	0	0	
13	1	2	280	167	1	600	0.01	0.0149032	0	0	0	
13	1	2	23	168	2	0	0.05	0	800	0	112	
13	1	2	94	169	2	0	0.6	0	100	0	70	
13	1	2	295	170	1	600	0.25	0.254798	0	0	0	
13	1	2	23	171	1	400	0.4	0.5	0	0	0	
13	1	2	312	172	1	300	0.75	0.874703	0	0	0	
13	1	2	68	173	1	400	0.1	0.209154	0	0	0	
13	1	2	271	174	1	200	0.99	0.98722	0	0	0	
13	1	2	204	175	1	500	0.75	0.900178	0	0	0	
13	1	2	146	176	2	0	0.95	0	100	50	85	
13	1	2	123	177	2	0	0.9	0	75	0	52.5	
13	1	2	176	178	1	200	0.1	0.115744	0	0	0	
13	1	2	38	179	2	0	0.1	0	800	0	400	
13	1	2	14	180	1	500	0.1	0.0923913	0	0	0	
13	1	2	166	181	1	200	0.01	0.0127802	0	0	0	
13	1	2	289	182	1	500	0.1	0.0923913	0	0	0	
13	1	2	188	183	1	400	0.4	0.505307	0	0	0	
13	1	2	169	184	1	500	0.01	0.00959579	0	0	0	
13	1	2	73	185	2	0	0.4	0	150	100	119	
13	1	2	75	186	2	0	0.4	0	200	150	163	
13	1	2	3	187	1	400	0.01	0.00747283	0	0	0	
13	1	2	67	188	2	0	0.4	0	400	0	296	
13	1	2	53	189	1	400	0.99	0.995712	0	0	0	
13	1	2	46	190	1	200	0.95	0.946883	0	0	0	
13	1	2	5	191	2	0	0.01	0	150	0	45	
13	1	2	76	192	2	0	0.5	0	25	0	12.5	
13	1	2	243	193	1	400	0.4	0.5	0	0	0	
13	1	2	43	194	1	400	0.9	0.903363	0	0	0	
13	1	2	4	195	2	0	0.01	0	100	0	10	
13	1	2	116	196	2	0	0.75	0	100	50	85	
13	1	2	60	197	1	600	0.01	0.00853431	0	0	0	
13	1	2	302	198	1	300	0.5	0.565812	0	0	0	
13	1	3	159	199	2	0	0.99	0	50	25	49.5	
13	1	3	8	200	2	0	0.01	0	800	0	16	
13	1	3	259	201	1	500	0.75	0.90867	0	0	0	
13	1	3	6	202	2	0	0.01	0	200	0	52	
13	1	3	281	203	1	200	0.05	0.0605469	0	0	0	
13	1	3	58	204	1	400	0.01	0.00641135	0	0	0	
13	1	3	32	205	2	0	0.1	0	50	0	19	
13	1	3	241	206	1	200	0.4	0.616763	0	0	0	
13	1	3	202	207	1	300	0.75	0.867272	0	0	0	
13	1	3	171	208	1	200	0.05	0.0361328	0	0	0	
13	1	3	266	209	1	200	0.95	0.960683	0	0	0	
13	1	3	217	210	1	300	0.99	0.993589	0	0	0	
13	1	3	61	211	2	0	0.4	0	25	0	9.5	
13	1	3	11	212	2	0	0.01	0	100	50	51	
13	1	3	245	213	1	600	0.4	0.5	0	0	0	
13	1	3	29	214	1	500	0.5	0.630562	0	0	0	
13	1	3	35	215	2	0	0.1	0	150	0	45	
13	1	3	151	216	2	0	0.99	0	25	0	24.5	
13	1	3	96	217	2	0	0.6	0	200	0	148	
13	1	3	208	218	1	400	0.9	0.939453	0	0	0	
13	1	3	78	219	1	400	0.4	0.5	0	0	0	
13	1	3	57	220	1	300	0.01	0.0106573	0	0	0	
13	1	3	27	221	1	300	0.5	0.5	0	0	0	
13	1	3	246	222	1	200	0.5	0.548828	0	0	0	
13	1	3	84	223	2	0	0.5	0	50	25	37.5	
13	1	3	14	224	2	0	0.01	0	200	100	102	
13	1	3	196	225	1	200	0.6	0.690005	0	0	0	
13	1	3	122	226	2	0	0.9	0	50	0	37	
13	1	3	186	227	1	200	0.4	0.350331	0	0	0	
13	1	3	236	228	1	200	0.25	0.256921	0	0	0	
13	1	3	328	229	1	400	0.99	0.980851	0	0	0	
13	1	3	68	230	2	0	0.4	0	800	0	240	
13	1	3	87	231	1	300	0.6	0.712296	0	0	0	
13	1	3	301	232	1	200	0.5	0.5	0	0	0	
13	1	3	150	233	2	0	0.95	0	200	150	189	
13	1	3	112	234	2	0	0.75	0	400	0	296	
13	1	3	141	235	2	0	0.95	0	200	0	196	
13	1	3	142	236	1	300	0.6	0.5	0	0	0	
13	1	3	134	237	1	500	0.4	0.5	0	0	0	
13	1	3	35	238	1	600	0.6	0.599779	0	0	0	
13	1	3	238	239	1	400	0.25	0.289827	0	0	0	
13	1	3	99	240	2	0	0.6	0	50	25	43.5	
13	1	3	292	241	1	300	0.25	0.653915	0	0	0	
13	1	3	113	242	2	0	0.75	0	800	0	560	
13	1	3	190	243	1	600	0.4	0.403405	0	0	0	
13	1	3	192	244	1	300	0.5	0.663468	0	0	0	
13	1	3	82	245	2	0	0.5	0	400	0	200	
13	1	3	91	246	1	200	0.75	0.868334	0	0	0	
13	1	3	319	247	1	500	0.9	0.93733	0	0	0	
13	1	3	12	248	2	0	0.01	0	150	50	52	
13	1	3	213	249	1	400	0.95	0.956437	0	0	0	
13	1	3	268	250	1	400	0.95	0.971298	0	0	0	
13	1	3	92	251	1	300	0.75	0.699558	0	0	0	
13	1	3	77	252	1	300	0.4	0.316364	0	0	0	
13	1	3	42	253	1	300	0.9	0.840735	0	0	0	
13	1	3	31	254	2	0	0.1	0	25	0	6.5	
13	1	3	12	255	1	300	0.1	0.179433	0	0	0	
13	1	3	88	256	1	400	0.6	0.393852	0	0	0	
13	1	3	8	257	1	400	0.05	0.0849609	0	0	0	
13	1	3	109	258	2	0	0.75	0	100	0	74	
13	1	3	199	259	1	500	0.6	0.667714	0	0	0	
13	1	3	274	260	1	500	0.99	0.98722	0	0	0	
13	1	3	97	261	1	300	0.9	0.968113	0	0	0	
13	1	3	103	262	1	400	0.95	0.980851	0	0	0	
13	1	3	234	263	1	500	0.1	0.0722232	0	0	0	
13	1	3	226	264	1	200	0.05	0.0329484	0	0	0	
13	1	3	193	265	1	400	0.5	0.5	0	0	0	
13	1	3	114	266	1	500	0.01	0.0159647	0	0	0	
13	1	3	229	267	1	500	0.05	0.0308254	0	0	0	
13	1	3	102	268	2	0	0.6	0	150	50	100	
13	1	3	257	269	1	300	0.75	0.909732	0	0	0	
13	1	3	13	270	2	0	0.01	0	150	100	101	
13	1	3	129	271	1	500	0.25	0.196416	0	0	0	
13	1	3	95	272	1	600	0.75	0.771739	0	0	0	
13	1	3	223	273	1	400	0.01	0.0149032	0	0	0	
13	1	3	100	274	2	0	0.6	0	75	50	68.5	
13	1	3	144	275	2	0	0.95	0	50	25	49.5	
13	1	3	115	276	1	600	0.01	0.00959579	0	0	0	
13	1	3	76	277	1	200	0.4	0.5	0	0	0	
13	1	3	71	278	2	0	0.4	0	100	50	85	
13	1	3	124	279	2	0	0.9	0	100	0	74	
13	1	3	242	280	1	300	0.4	0.440557	0	0	0	
13	1	3	1	281	1	200	0.01	0.00641135	0	0	0	
13	1	3	119	282	2	0	0.75	0	200	100	174	
13	1	3	64	283	1	500	0.05	0.0191491	0	0	0	
13	1	3	225	284	1	600	0.01	0.0032269	0	0	0	
13	1	3	231	285	1	200	0.1	0.0159647	0	0	0	
13	1	3	104	286	2	0	0.6	0	200	100	174	
13	1	3	90	287	2	0	0.5	0	200	150	175	
13	1	3	313	288	1	400	0.75	0.817383	0	0	0	
13	1	3	316	289	1	200	0.9	0.924592	0	0	0	
13	1	3	219	290	1	500	0.99	0.977666	0	0	0	
13	1	3	247	291	1	300	0.5	0.5	0	0	0	
13	1	3	11	292	1	200	0.1	0.0764691	0	0	0	
13	1	3	113	293	1	400	0.01	0.00110394	0	0	0	
13	1	3	19	294	2	0	0.05	0	100	0	26	
13	1	3	31	295	1	200	0.6	0.67939	0	0	0	
13	1	3	160	296	2	0	0.99	0	75	50	74.5	
13	1	3	197	297	1	300	0.6	0.657099	0	0	0	
13	1	4	118	298	2	0	0.75	0	150	100	131	
13	1	4	220	299	1	600	0.99	0.998896	0	0	0	
13	1	4	59	300	1	500	0.01	0.0032269	0	0	0	
13	1	4	279	301	1	500	0.01	0.00216542	0	0	0	
13	1	4	89	302	2	0	0.5	0	200	100	158	
13	1	4	108	303	2	0	0.75	0	75	0	55.5	
13	1	4	163	304	1	400	0.99	0.99465	0	0	0	
13	1	4	240	305	1	600	0.25	0.5	0	0	0	
13	1	4	296	306	1	200	0.4	0.5	0	0	0	
13	1	4	34	307	1	500	0.6	0.546705	0	0	0	
13	1	4	254	308	1	500	0.6	0.608271	0	0	0	
13	1	4	175	309	1	600	0.05	0.101945	0	0	0	
13	1	4	73	310	1	400	0.25	0.18474	0	0	0	
13	1	4	121	311	2	0	0.9	0	25	0	18.5	
13	1	4	184	312	1	500	0.25	0.231445	0	0	0	
13	1	4	106	313	2	0	0.75	0	25	0	18.5	
13	1	4	15	314	1	600	0.1	0.188986	0	0	0	
13	1	4	93	315	1	400	0.75	0.839674	0	0	0	
13	1	4	265	316	1	600	0.9	0.902301	0	0	0	
13	1	4	79	317	1	500	0.4	0.5	0	0	0	
13	1	4	94	318	1	500	0.75	0.861965	0	0	0	
13	1	4	117	319	1	300	0.05	0.0329484	0	0	0	
13	1	4	74	320	2	0	0.4	0	200	100	134	
13	1	4	155	321	2	0	0.99	0	150	0	147	
13	1	4	218	322	1	400	0.99	0.986158	0	0	0	
13	1	4	108	323	1	400	0.99	0.997835	0	0	0	
13	1	4	117	324	2	0	0.75	0	150	50	124	
13	1	4	55	325	2	0	0.25	0	75	50	56.5	
13	1	4	101	326	2	0	0.6	0	100	50	87	
13	1	4	306	327	1	200	0.6	0.5	0	0	0	
13	1	4	145	328	2	0	0.95	0	75	50	73.5	
13	1	4	131	329	2	0	0.9	0	100	50	87	
13	1	4	179	330	1	500	0.1	0.145465	0	0	0	
13	1	4	326	331	1	200	0.99	0.989343	0	0	0	
13	1	4	200	332	1	600	0.6	0.5	0	0	0	
13	1	4	139	333	1	500	0.5	0.5	0	0	0	
13	1	4	33	334	2	0	0.1	0	75	0	19.5	
13	1	4	125	335	2	0	0.9	0	150	0	117	
13	1	4	256	336	1	200	0.75	0.813137	0	0	0	
13	1	4	16	337	2	0	0.05	0	25	0	9.5	
13	1	4	93	338	2	0	0.6	0	75	0	55.5	
13	1	4	33	339	1	400	0.6	0.652853	0	0	0	
13	1	4	216	340	1	200	0.99	0.996773	0	0	0	
13	1	4	49	341	2	0	0.25	0	100	0	66	
13	1	4	74	342	1	500	0.25	0.340778	0	0	0	
13	1	4	97	343	2	0	0.6	0	400	0	216	
13	1	4	52	344	2	0	0.25	0	400	0	104	
13	1	4	276	345	1	200	0.01	0.00428838	0	0	0	
13	1	4	106	346	1	200	0.99	0.998896	0	0	0	
13	1	4	65	347	2	0	0.4	0	150	0	39	
13	1	4	4	348	1	500	0.01	0.00747283	0	0	0	
13	1	4	105	349	1	600	0.95	0.986158	0	0	0	
13	1	4	136	350	1	200	0.5	0.422512	0	0	0	
13	1	4	299	351	1	500	0.4	0.5	0	0	0	
13	1	4	283	352	1	400	0.05	0.0945143	0	0	0	
13	1	4	127	353	1	300	0.25	0.253736	0	0	0	
13	1	4	149	354	2	0	0.95	0	200	100	194	
13	1	4	182	355	1	300	0.25	0.296196	0	0	0	
13	1	4	211	356	1	200	0.95	0.959621	0	0	0	
13	1	4	158	357	2	0	0.99	0	800	0	784	
13	1	4	307	358	1	300	0.6	0.773862	0	0	0	
13	1	4	22	359	2	0	0.05	0	400	0	8	
13	1	4	55	360	1	600	0.99	0.998896	0	0	0	
13	1	4	6	361	1	200	0.05	0.0149032	0	0	0	
13	1	4	233	362	1	400	0.1	0.0265795	0	0	0	
13	1	4	212	363	1	300	0.95	0.993589	0	0	0	
13	1	4	2	364	1	300	0.01	0.00110394	0	0	0	
13	1	4	135	365	2	0	0.9	0	200	150	187	
13	1	4	39	366	1	500	0.75	0.764309	0	0	0	
13	1	4	127	367	2	0	0.9	0	400	0	344	
13	1	4	161	368	1	200	0.99	0.998896	0	0	0	
13	1	4	25	369	1	600	0.4	0.5	0	0	0	
13	1	4	62	370	1	300	0.05	0.0764691	0	0	0	
13	1	4	156	371	1	200	0.95	0.934146	0	0	0	
13	1	4	317	372	1	300	0.9	0.96599	0	0	0	
13	1	4	287	373	1	300	0.1	0.0361328	0	0	0	
13	1	4	298	374	1	400	0.4	0.436311	0	0	0	
13	1	4	181	375	1	200	0.25	0.300442	0	0	0	
13	1	4	29	376	2	0	0.05	0	200	100	122	
13	1	4	121	377	1	200	0.1	0.164572	0	0	0	
13	1	4	56	378	2	0	0.25	0	100	50	63	
13	1	4	143	379	1	400	0.6	0.694251	0	0	0	
13	1	4	120	380	2	0	0.75	0	200	150	175	
13	1	4	9	381	2	0	0.01	0	50	25	25.5	
13	1	4	269	382	1	500	0.95	0.993589	0	0	0	
13	1	4	153	383	2	0	0.99	0	75	0	73.5	
13	1	4	206	384	1	200	0.9	0.943699	0	0	0	
13	1	4	99	385	1	500	0.9	0.950068	0	0	0	
13	1	4	75	386	1	600	0.25	0.111498	0	0	0	
13	1	4	91	387	2	0	0.6	0	25	0	18.5	
13	1	4	20	388	2	0	0.05	0	150	0	33	
13	1	4	159	389	1	500	0.95	0.978728	0	0	0	
13	1	4	327	390	1	300	0.99	0.997835	0	0	0	
13	1	4	51	391	1	200	0.99	0.998896	0	0	0	
13	1	4	120	392	1	600	0.05	0.0117187	0	0	0	
13	1	4	136	393	2	0	0.95	0	25	0	24.5	
13	1	4	154	394	1	500	0.9	0.963867	0	0	0	
13	1	4	205	395	1	600	0.75	0.779169	0	0	0	
13	1	4	41	396	1	200	0.9	0.881072	0	0	0	
13	1	5	173	397	1	400	0.05	0.0350713	0	0	0	
13	1	5	203	398	1	400	0.75	0.788723	0	0	0	
13	1	5	133	399	2	0	0.9	0	150	100	111	
13	1	5	114	400	2	0	0.75	0	50	25	43.5	
13	1	5	18	401	2	0	0.05	0	75	0	10.5	
13	1	5	177	402	1	300	0.1	0.116805	0	0	0	
13	1	5	153	403	1	400	0.9	0.913978	0	0	0	
13	1	5	54	404	2	0	0.25	0	50	25	34.5	
13	1	5	260	405	1	600	0.75	0.713358	0	0	0	
13	1	5	45	406	1	600	0.9	0.920346	0	0	0	
13	1	5	232	407	1	300	0.1	0.105129	0	0	0	
13	1	5	255	408	1	600	0.6	0.5	0	0	0	
13	1	5	48	409	1	400	0.95	0.956437	0	0	0	
13	1	5	18	410	1	400	0.25	0.202785	0	0	0	
13	1	5	309	411	1	500	0.6	0.598718	0	0	0	
13	1	5	22	412	1	300	0.4	0.5	0	0	0	
13	1	5	163	413	2	0	0.99	0	150	100	149	
13	1	5	63	414	1	400	0.05	0.0669158	0	0	0	
13	1	5	156	415	2	0	0.99	0	200	0	196	
13	1	5	100	416	1	600	0.9	0.924592	0	0	0	
13	1	5	314	417	1	500	0.75	0.88001	0	0	0	
13	1	5	109	418	1	500	0.99	0.993589	0	0	0	
13	1	5	288	419	1	400	0.1	0.0945143	0	0	0	
13	1	5	9	420	1	500	0.05	0.027641	0	0	0	
13	1	5	58	421	2	0	0.25	0	150	100	115	
13	1	5	201	422	1	200	0.75	0.863026	0	0	0	
13	1	5	78	423	2	0	0.5	0	75	0	37.5	
13	1	5	310	424	1	600	0.6	0.589164	0	0	0	
13	1	5	17	425	1	300	0.25	0.343962	0	0	0	
13	1	5	80	426	1	600	0.4	0.5	0	0	0	
13	1	5	45	427	2	0	0.1	0	200	150	151	
13	1	5	42	428	2	0	0.1	0	150	50	76	
13	1	5	69	429	2	0	0.4	0	50	25	31.5	
13	1	5	102	430	1	300	0.95	0.946883	0	0	0	
13	1	5	285	431	1	600	0.05	0.0754076	0	0	0	
13	1	5	77	432	2	0	0.5	0	50	0	25	
13	1	5	152	433	2	0	0.99	0	50	0	49	
13	1	5	126	434	2	0	0.9	0	200	0	188	
13	1	5	49	435	1	500	0.95	0.920346	0	0	0	
13	1	5	26	436	2	0	0.05	0	100	50	55	
13	1	5	157	437	1	300	0.95	0.98722	0	0	0	
13	1	5	147	438	2	0	0.95	0	150	50	140	
13	1	5	124	439	1	500	0.1	0.109375	0	0	0	
13	1	5	3	440	2	0	0.01	0	75	0	7.5	
13	1	5	123	441	1	400	0.1	0.363069	0	0	0	
13	1	5	140	442	1	600	0.5	0.5	0	0	0	
13	1	5	304	443	1	500	0.5	0.616763	0	0	0	
13	1	5	2	444	2	0	0.01	0	50	0	7	
13	1	5	62	445	2	0	0.4	0	50	0	19	
13	1	5	60	446	2	0	0.25	0	200	150	163	
13	1	5	230	447	1	600	0.05	0.0594854	0	0	0	
13	1	5	122	448	1	300	0.1	0.107252	0	0	0	
13	1	5	51	449	2	0	0.25	0	200	0	68	
13	1	5	53	450	2	0	0.25	0	800	0	208	
13	1	5	324	451	1	500	0.95	0.932023	0	0	0	
13	1	5	46	452	2	0	0.25	0	25	0	9.5	
13	1	5	152	453	1	300	0.9	0.961744	0	0	0	
13	1	5	261	454	1	200	0.9	0.923531	0	0	0	
13	1	5	65	455	1	600	0.05	0.0403787	0	0	0	
13	1	5	85	456	1	600	0.5	0.5	0	0	0	
13	1	5	142	457	2	0	0.95	0	400	0	376	
13	1	5	147	458	1	300	0.75	0.659222	0	0	0	
13	1	5	308	459	1	400	0.6	0.702743	0	0	0	
13	1	5	151	460	1	200	0.9	0.90867	0	0	0	
13	1	5	28	461	2	0	0.05	0	150	100	101	
13	1	5	178	462	1	400	0.1	0.121051	0	0	0	
13	1	5	141	463	1	200	0.6	0.647546	0	0	0	
13	1	5	115	464	2	0	0.75	0	75	50	68.5	
13	1	5	235	465	1	600	0.1	0.116805	0	0	0	
13	1	5	253	466	1	400	0.6	0.619947	0	0	0	
13	1	5	214	467	1	500	0.95	0.996773	0	0	0	
13	1	5	300	468	1	600	0.4	0.44268	0	0	0	
13	1	5	26	469	1	200	0.5	0.520168	0	0	0	
13	1	5	135	470	1	600	0.4	0.481955	0	0	0	
13	1	5	224	471	1	500	0.01	0.0117187	0	0	0	
13	1	5	41	472	2	0	0.1	0	100	50	51	
13	1	5	158	473	1	400	0.95	0.964929	0	0	0	
13	1	5	24	474	1	500	0.4	0.5	0	0	0	
13	1	5	128	475	1	400	0.25	0.311056	0	0	0	
13	1	5	10	476	1	600	0.05	0.140158	0	0	0	
13	1	5	57	477	2	0	0.25	0	150	50	76	
13	1	5	119	478	1	500	0.05	0.0669158	0	0	0	
13	1	5	282	479	1	300	0.05	0.0106573	0	0	0	
13	1	5	284	480	1	500	0.05	0.00216542	0	0	0	
13	1	5	138	481	2	0	0.95	0	75	0	70.5	
13	1	5	189	482	1	500	0.4	0.568996	0	0	0	
13	1	5	130	483	1	600	0.25	0.345024	0	0	0	
13	1	5	272	484	1	300	0.99	0.992527	0	0	0	
13	1	5	165	485	2	0	0.99	0	200	150	199	
13	1	5	110	486	2	0	0.75	0	150	0	111	
13	1	5	187	487	1	300	0.4	0.418266	0	0	0	
13	1	5	90	488	1	600	0.6	0.759001	0	0	0	
13	1	5	155	489	1	600	0.9	0.913978	0	0	0	
13	1	5	20	490	1	600	0.25	0.277089	0	0	0	
13	1	5	167	491	1	300	0.01	0.00534986	0	0	0	
13	1	5	270	492	1	600	0.95	0.970236	0	0	0	
13	1	5	30	493	1	600	0.5	0.480893	0	0	0	
13	1	5	63	494	2	0	0.4	0	75	0	19.5	
13	1	5	39	495	2	0	0.1	0	50	25	31.5	
13	2	1	14	1	1	500	0.1	0.274966	0	0	0	
13	2	1	61	2	2	0	0.4	0	25	0	9.5	
13	2	1	155	3	2	0	0.99	0	150	0	147	
13	2	1	274	4	1	500	0.99	0.991466	0	0	0	
13	2	1	31	5	1	200	0.6	0.616763	0	0	0	
13	2	1	114	6	2	0	0.75	0	50	25	42.5	
13	2	1	74	7	2	0	0.4	0	200	100	126	
13	2	1	114	8	1	500	0.01	0.0159647	0	0	0	
13	2	1	206	9	1	200	0.9	0.950068	0	0	0	
13	2	1	26	10	2	0	0.05	0	100	50	51	
13	2	1	131	11	1	200	0.4	0.423573	0	0	0	
13	2	1	59	12	2	0	0.25	0	200	100	126	
13	2	1	201	13	1	200	0.75	0.749448	0	0	0	
13	2	1	305	14	1	600	0.5	0.438434	0	0	0	
13	2	1	103	15	1	400	0.95	0.981912	0	0	0	
13	2	1	92	16	2	0	0.6	0	50	0	37	
13	2	1	63	17	1	400	0.05	0.0488706	0	0	0	
13	2	1	284	18	1	500	0.05	0.0361328	0	0	0	
13	2	1	14	19	2	0	0.01	0	200	100	102	
13	2	1	282	20	1	300	0.05	0.0265795	0	0	0	
13	2	1	210	21	1	600	0.9	0.988281	0	0	0	
13	2	1	30	22	2	0	0.05	0	200	150	151	
13	2	1	6	23	1	200	0.05	0.0297639	0	0	0	
13	2	1	74	24	1	500	0.25	0.441619	0	0	0	
13	2	1	3	25	2	0	0.01	0	75	0	1.5	
13	2	1	298	26	1	400	0.4	0.429942	0	0	0	
13	2	1	93	27	1	400	0.75	0.640115	0	0	0	
13	2	1	169	28	1	500	0.01	0.00747283	0	0	0	
13	2	1	78	29	2	0	0.5	0	75	0	37.5	
13	2	1	228	30	1	400	0.05	0.023395	0	0	0	
13	2	1	91	31	1	200	0.75	0.964929	0	0	0	
13	2	1	189	32	1	500	0.4	0.5	0	0	0	
13	2	1	280	33	1	600	0.01	0.00747283	0	0	0	
13	2	1	156	34	1	200	0.95	0.98722	0	0	0	
13	2	1	50	35	1	600	0.95	0.977666	0	0	0	
13	2	1	146	36	1	200	0.75	0.648607	0	0	0	
13	2	1	116	37	2	0	0.75	0	100	50	67	
13	2	1	159	38	1	500	0.95	0.911855	0	0	0	
13	2	1	3	39	1	400	0.01	0.00428838	0	0	0	
13	2	1	272	40	1	300	0.99	0.993589	0	0	0	
13	2	1	9	41	1	500	0.05	0.0149032	0	0	0	
13	2	1	117	42	1	300	0.05	0.0106573	0	0	0	
13	2	1	301	43	1	200	0.5	0.632685	0	0	0	
13	2	1	327	44	1	300	0.99	0.997835	0	0	0	
13	2	1	195	45	1	600	0.5	0.5	0	0	0	
13	2	1	45	46	1	600	0.9	0.6433	0	0	0	
13	2	1	149	47	2	0	0.95	0	200	100	194	
13	2	1	152	48	1	300	0.9	0.809952	0	0	0	
13	2	1	319	49	1	500	0.9	0.953252	0	0	0	
13	2	1	97	50	2	0	0.6	0	400	0	296	
13	2	1	24	51	2	0	0.05	0	50	25	25.5	
13	2	1	141	52	1	200	0.6	0.613578	0	0	0	
13	2	1	53	53	1	400	0.99	0.991466	0	0	0	
13	2	1	203	54	1	400	0.75	0.602964	0	0	0	
13	2	1	278	55	1	400	0.01	0.0170262	0	0	0	
13	2	1	154	56	2	0	0.99	0	100	0	98	
13	2	1	43	57	1	400	0.9	0.970236	0	0	0	
13	2	1	140	58	2	0	0.95	0	150	0	147	
13	2	1	16	59	1	200	0.25	0.398098	0	0	0	
13	2	1	307	60	1	300	0.6	0.52866	0	0	0	
13	2	1	98	61	1	400	0.9	0.75051	0	0	0	
13	2	1	110	62	2	0	0.75	0	150	0	111	
13	2	1	90	63	1	600	0.6	0.5	0	0	0	
13	2	1	156	64	2	0	0.99	0	200	0	196	
13	2	1	288	65	1	400	0.1	0.0669158	0	0	0	
13	2	1	69	66	2	0	0.4	0	50	25	43.5	
13	2	1	123	67	2	0	0.9	0	75	0	70.5	
13	2	1	314	68	1	500	0.75	0.644361	0	0	0	
13	2	1	147	69	2	0	0.95	0	150	50	144	
13	2	1	20	70	2	0	0.05	0	150	0	9	
13	2	1	110	71	1	600	0.99	0.995712	0	0	0	
13	2	1	176	72	1	200	0.1	0.0361328	0	0	0	
13	2	1	207	73	1	300	0.9	0.941576	0	0	0	
13	2	1	58	74	2	0	0.25	0	150	100	113	
13	2	1	39	75	2	0	0.1	0	50	25	26.5	
13	2	1	243	76	1	400	0.4	0.5	0	0	0	
13	2	1	38	77	1	400	0.75	0.683636	0	0	0	
13	2	1	112	78	2	0	0.75	0	400	0	296	
13	2	1	130	79	2	0	0.9	0	75	50	67.5	
13	2	1	325	80	1	600	0.95	0.938392	0	0	0	
13	2	1	235	81	1	600	0.1	0.0531165	0	0	0	
13	2	1	300	82	1	600	0.4	0.420389	0	0	0	
13	2	1	320	83	1	600	0.9	0.890625	0	0	0	
13	2	1	180	84	1	600	0.1	0.114682	0	0	0	
13	2	1	113	85	2	0	0.75	0	800	0	592	
13	2	1	247	86	1	300	0.5	0.5	0	0	0	
13	2	1	86	87	2	0	0.5	0	100	50	75	
13	2	1	88	88	2	0	0.5	0	150	100	125	
13	2	1	218	89	1	400	0.99	0.979789	0	0	0	
13	2	1	250	90	1	600	0.5	0.5	0	0	0	
13	2	1	10	91	1	600	0.05	0.0870839	0	0	0	
13	2	1	60	92	1	600	0.01	0.0032269	0	0	0	
13	2	1	252	93	1	300	0.6	0.625255	0	0	0	
13	2	1	105	94	1	600	0.95	0.941576	0	0	0	
13	2	1	277	95	1	300	0.01	0.00216542	0	0	0	
13	2	1	112	96	1	300	0.01	0.00110394	0	0	0	
13	2	1	81	97	2	0	0.5	0	200	0	100	
13	2	1	62	98	2	0	0.4	0	50	0	23	
13	2	1	96	99	2	0	0.6	0	200	0	148	
13	2	2	84	100	1	500	0.5	0.539275	0	0	0	
13	2	2	7	101	1	300	0.05	0.00428838	0	0	0	
13	2	2	39	102	1	500	0.75	0.590226	0	0	0	
13	2	2	229	103	1	500	0.05	0.501061	0	0	0	
13	2	2	119	104	1	500	0.05	0.0711617	0	0	0	
13	2	2	11	105	2	0	0.01	0	100	50	51	
13	2	2	12	106	1	300	0.1	0.0308254	0	0	0	
13	2	2	281	107	1	200	0.05	0.0202106	0	0	0	
13	2	2	191	108	1	200	0.5	0.550951	0	0	0	
13	2	2	217	109	1	300	0.99	0.992527	0	0	0	
13	2	2	135	110	2	0	0.9	0	200	150	187	
13	2	2	84	111	2	0	0.5	0	50	25	37.5	
13	2	2	162	112	1	300	0.99	0.996773	0	0	0	
13	2	2	68	113	2	0	0.4	0	800	0	208	
13	2	2	242	114	1	300	0.4	0.390667	0	0	0	
13	2	2	71	115	2	0	0.4	0	100	50	63	
13	2	2	29	116	2	0	0.05	0	200	100	106	
13	2	2	118	117	1	400	0.05	0.056301	0	0	0	
13	2	2	197	118	1	300	0.6	0.584918	0	0	0	
13	2	2	297	119	1	300	0.4	0.444803	0	0	0	
13	2	2	90	120	2	0	0.5	0	200	150	175	
13	2	2	279	121	1	500	0.01	0.0244565	0	0	0	
13	2	2	225	122	1	600	0.01	0.0032269	0	0	0	
13	2	2	24	123	1	500	0.4	0.558381	0	0	0	
13	2	2	121	124	2	0	0.9	0	25	0	18.5	
13	2	2	89	125	2	0	0.5	0	200	100	150	
13	2	2	223	126	1	400	0.01	0.023395	0	0	0	
13	2	2	28	127	2	0	0.05	0	150	100	103	
13	2	2	160	128	2	0	0.99	0	75	50	74.5	
13	2	2	161	129	1	200	0.99	0.997835	0	0	0	
13	2	2	163	130	2	0	0.99	0	150	100	149	
13	2	2	127	131	1	300	0.25	0.446926	0	0	0	
13	2	2	21	132	1	200	0.4	0.543521	0	0	0	
13	2	2	76	133	2	0	0.5	0	25	0	12.5	
13	2	2	28	134	1	400	0.5	0.5	0	0	0	
13	2	2	165	135	2	0	0.99	0	200	150	199	
13	2	2	175	136	1	600	0.05	0.0149032	0	0	0	
13	2	2	4	137	1	500	0.01	0.0032269	0	0	0	
13	2	2	97	138	1	300	0.9	0.977666	0	0	0	
13	2	2	255	139	1	600	0.6	0.566873	0	0	0	
13	2	2	17	140	1	300	0.25	0.44268	0	0	0	
13	2	2	13	141	1	400	0.1	0.384299	0	0	0	
13	2	2	324	142	1	500	0.95	0.962806	0	0	0	
13	2	2	91	143	2	0	0.6	0	25	0	18.5	
13	2	2	316	144	1	200	0.9	0.924592	0	0	0	
13	2	2	43	145	2	0	0.1	0	150	100	115	
13	2	2	157	146	1	300	0.95	0.977666	0	0	0	
13	2	2	32	147	2	0	0.1	0	50	0	13	
13	2	2	33	148	1	400	0.6	0.541398	0	0	0	
13	2	2	128	149	2	0	0.9	0	800	0	592	
13	2	2	295	150	1	600	0.25	0.321671	0	0	0	
13	2	2	79	151	1	500	0.4	0.436311	0	0	0	
13	2	2	26	152	1	200	0.5	0.596595	0	0	0	
13	2	2	2	153	1	300	0.01	0.0138417	0	0	0	
13	2	2	101	154	1	200	0.95	0.957498	0	0	0	
13	2	2	231	155	1	200	0.1	0.0467476	0	0	0	
13	2	2	322	156	1	300	0.95	0.975543	0	0	0	
13	2	2	69	157	1	500	0.1	0.025518	0	0	0	
13	2	2	141	158	2	0	0.95	0	200	0	196	
13	2	2	234	159	1	500	0.1	0.161388	0	0	0	
13	2	2	306	160	1	200	0.6	0.588103	0	0	0	
13	2	2	265	161	1	600	0.9	0.954314	0	0	0	
13	2	2	27	162	1	300	0.5	0.545644	0	0	0	
13	2	2	292	163	1	300	0.25	0.461787	0	0	0	
13	2	2	248	164	1	400	0.5	0.548828	0	0	0	
13	2	2	260	165	1	600	0.75	0.766432	0	0	0	
13	2	2	275	166	1	600	0.99	0.978728	0	0	0	
13	2	2	49	167	1	500	0.95	0.954314	0	0	0	
13	2	2	27	168	2	0	0.05	0	150	50	52	
13	2	2	64	169	1	500	0.05	0.0265795	0	0	0	
13	2	2	10	170	2	0	0.01	0	75	50	50.5	
13	2	2	269	171	1	500	0.95	0.918224	0	0	0	
13	2	2	323	172	1	400	0.95	0.982974	0	0	0	
13	2	2	133	173	1	400	0.4	0.560504	0	0	0	
13	2	2	136	174	1	200	0.5	0.483016	0	0	0	
13	2	2	137	175	2	0	0.95	0	50	0	39	
13	2	2	100	176	2	0	0.6	0	75	50	68.5	
13	2	2	35	177	2	0	0.1	0	150	0	39	
13	2	2	290	178	1	600	0.1	0.0870839	0	0	0	
13	2	2	52	179	2	0	0.25	0	400	0	104	
13	2	2	50	180	2	0	0.25	0	150	0	39	
13	2	2	317	181	1	300	0.9	0.95856	0	0	0	
13	2	2	211	182	1	200	0.95	0.992527	0	0	0	
13	2	2	40	183	1	600	0.75	0.955375	0	0	0	
13	2	2	237	184	1	300	0.25	0.474524	0	0	0	
13	2	2	128	185	1	400	0.25	0.449049	0	0	0	
13	2	2	102	186	2	0	0.6	0	150	50	84	
13	2	2	124	187	2	0	0.9	0	100	0	74	
13	2	2	41	188	1	200	0.9	0.973421	0	0	0	
13	2	2	313	189	1	400	0.75	0.54989	0	0	0	
13	2	2	143	190	2	0	0.95	0	800	0	784	
13	2	2	1	191	1	200	0.01	0.00428838	0	0	0	
13	2	2	127	192	2	0	0.9	0	400	0	376	
13	2	2	145	193	2	0	0.95	0	75	50	74.5	
13	2	2	148	194	2	0	0.95	0	150	100	149	
13	2	2	106	195	2	0	0.75	0	25	0	18.5	
13	2	2	198	196	1	400	0.6	0.621009	0	0	0	
13	2	2	308	197	1	400	0.6	0.676206	0	0	0	
13	2	2	194	198	1	500	0.5	0.464971	0	0	0	
13	2	3	199	199	1	500	0.6	0.611456	0	0	0	
13	2	3	192	200	1	300	0.5	0.546705	0	0	0	
13	2	3	271	201	1	200	0.99	0.996773	0	0	0	
13	2	3	77	202	2	0	0.5	0	50	0	25	
13	2	3	212	203	1	300	0.95	0.892748	0	0	0	
13	2	3	12	204	2	0	0.01	0	150	50	52	
13	2	3	330	205	1	600	0.99	0.99465	0	0	0	
13	2	3	42	206	1	300	0.9	0.942638	0	0	0	
13	2	3	108	207	1	400	0.99	0.980851	0	0	0	
13	2	3	190	208	1	600	0.4	0.5	0	0	0	
13	2	3	144	209	1	500	0.6	0.579611	0	0	0	
13	2	3	230	210	1	600	0.05	0.0287024	0	0	0	
13	2	3	160	211	1	600	0.95	0.969175	0	0	0	
13	2	3	321	212	1	200	0.95	0.967052	0	0	0	
13	2	3	109	213	2	0	0.75	0	100	0	74	
13	2	3	108	214	2	0	0.75	0	75	0	55.5	
13	2	3	152	215	2	0	0.99	0	50	0	49	
13	2	3	42	216	2	0	0.1	0	150	50	52	
13	2	3	145	217	1	600	0.6	0.600841	0	0	0	
13	2	3	125	218	1	600	0.1	0.20597	0	0	0	
13	2	3	161	219	2	0	0.99	0	100	50	99	
13	2	3	136	220	2	0	0.95	0	25	0	23.5	
13	2	3	44	221	2	0	0.1	0	200	100	126	
13	2	3	11	222	1	200	0.1	0.111498	0	0	0	
13	2	3	85	223	1	600	0.5	0.60721	0	0	0	
13	2	3	158	224	2	0	0.99	0	800	0	784	
13	2	3	151	225	2	0	0.99	0	25	0	24.5	
13	2	3	72	226	1	300	0.25	0.316364	0	0	0	
13	2	3	67	227	1	300	0.1	0.108314	0	0	0	
13	2	3	287	228	1	300	0.1	0.0690387	0	0	0	
13	2	3	166	229	1	200	0.01	0.00959579	0	0	0	
13	2	3	133	230	2	0	0.9	0	150	100	137	
13	2	3	232	231	1	300	0.1	0.350331	0	0	0	
13	2	3	165	232	1	600	0.99	0.995712	0	0	0	
13	2	3	193	233	1	400	0.5	0.540336	0	0	0	
13	2	3	146	234	2	0	0.95	0	100	50	97	
13	2	3	213	235	1	400	0.95	0.951129	0	0	0	
13	2	3	2	236	2	0	0.01	0	50	0	3	
13	2	3	62	237	1	300	0.05	0.0732846	0	0	0	
13	2	3	40	238	2	0	0.1	0	75	50	56.5	
13	2	3	19	239	2	0	0.05	0	100	0	22	
13	2	3	120	240	2	0	0.75	0	200	150	173	
13	2	3	20	241	1	600	0.25	0.319548	0	0	0	
13	2	3	67	242	2	0	0.4	0	400	0	184	
13	2	3	157	243	2	0	0.99	0	400	0	392	
13	2	3	119	244	2	0	0.75	0	200	100	174	
13	2	3	99	245	2	0	0.6	0	50	25	31.5	
13	2	3	122	246	2	0	0.9	0	50	0	39	
13	2	3	139	247	1	500	0.5	0.600841	0	0	0	
13	2	3	63	248	2	0	0.4	0	75	0	19.5	
13	2	3	15	249	1	600	0.1	0.108314	0	0	0	
13	2	3	151	250	1	200	0.9	0.911855	0	0	0	
13	2	3	257	251	1	300	0.75	0.892748	0	0	0	
13	2	3	140	252	1	600	0.5	0.531844	0	0	0	
13	2	3	291	253	1	200	0.25	0.443742	0	0	0	
13	2	3	216	254	1	200	0.99	0.993589	0	0	0	
13	2	3	264	255	1	500	0.9	0.967052	0	0	0	
13	2	3	46	256	2	0	0.25	0	25	0	8.5	
13	2	3	294	257	1	500	0.25	0.366253	0	0	0	
13	2	3	147	258	1	300	0.75	0.739895	0	0	0	
13	2	3	80	259	2	0	0.5	0	150	0	75	
13	2	3	204	260	1	500	0.75	0.718665	0	0	0	
13	2	3	34	261	1	500	0.6	0.67196	0	0	0	
13	2	3	186	262	1	200	0.4	0.5	0	0	0	
13	2	3	226	263	1	200	0.05	0.159265	0	0	0	
13	2	3	66	264	1	200	0.1	0.0679772	0	0	0	
13	2	3	273	265	1	400	0.99	0.997835	0	0	0	
13	2	3	254	266	1	500	0.6	0.631624	0	0	0	
13	2	3	81	267	1	200	0.5	0.547767	0	0	0	
13	2	3	75	268	2	0	0.4	0	200	150	163	
13	2	3	56	269	1	200	0.01	0.0478091	0	0	0	
13	2	3	106	270	1	200	0.99	0.975543	0	0	0	
13	2	3	32	271	1	300	0.6	0.572181	0	0	0	
13	2	3	256	272	1	200	0.75	0.674083	0	0	0	
13	2	3	262	273	1	300	0.9	0.669837	0	0	0	
13	2	3	92	274	1	300	0.75	0.652853	0	0	0	
13	2	3	163	275	1	400	0.99	0.984035	0	0	0	
13	2	3	22	276	2	0	0.05	0	400	0	24	
13	2	3	87	277	1	300	0.6	0.5	0	0	0	
13	2	3	109	278	1	500	0.99	0.997835	0	0	0	
13	2	3	219	279	1	500	0.99	0.997835	0	0	0	
13	2	3	117	280	2	0	0.75	0	150	50	100	
13	2	3	259	281	1	500	0.75	0.747325	0	0	0	
13	2	3	238	282	1	400	0.25	0.383237	0	0	0	
13	2	3	61	283	1	200	0.05	0.0265795	0	0	0	
13	2	3	55	284	2	0	0.25	0	75	50	56.5	
13	2	3	241	285	1	200	0.4	0.452233	0	0	0	
13	2	3	134	286	2	0	0.9	0	200	100	174	
13	2	3	120	287	1	600	0.05	0.0244565	0	0	0	
13	2	3	4	288	2	0	0.01	0	100	0	6	
13	2	3	173	289	1	400	0.05	0.0456861	0	0	0	
13	2	3	239	290	1	500	0.25	0.363069	0	0	0	
13	2	3	162	291	2	0	0.99	0	150	50	148	
13	2	3	23	292	1	400	0.4	0.405528	0	0	0	
13	2	3	310	293	1	600	0.6	0.612517	0	0	0	
13	2	3	103	294	2	0	0.6	0	150	100	123	
13	2	3	311	295	1	200	0.75	0.727157	0	0	0	
13	2	3	52	296	1	300	0.99	0.993589	0	0	0	
13	2	3	303	297	1	400	0.5	0.5	0	0	0	
13	2	4	96	298	1	200	0.9	0.849227	0	0	0	
13	2	4	58	299	1	400	0.01	0.0180876	0	0	0	
13	2	4	129	300	2	0	0.9	0	50	25	43.5	
13	2	4	111	301	2	0	0.75	0	200	0	140	
13	2	4	54	302	2	0	0.25	0	50	25	31.5	
13	2	4	64	303	2	0	0.4	0	100	0	26	
13	2	4	178	304	1	400	0.1	0.100883	0	0	0	
13	2	4	22	305	1	300	0.4	0.5	0	0	0	
13	2	4	329	306	1	500	0.99	0.993589	0	0	0	
13	2	4	246	307	1	200	0.5	0.543521	0	0	0	
13	2	4	99	308	1	500	0.9	0.951129	0	0	0	
13	2	4	49	309	2	0	0.25	0	100	0	26	
13	2	4	164	310	2	0	0.99	0	200	100	198	
13	2	4	150	311	2	0	0.95	0	200	150	187	
13	2	4	7	312	2	0	0.01	0	400	0	24	
13	2	4	73	313	2	0	0.4	0	150	100	113	
13	2	4	29	314	1	500	0.5	0.5	0	0	0	
13	2	4	94	315	2	0	0.6	0	100	0	50	
13	2	4	149	316	1	500	0.75	0.63587	0	0	0	
13	2	4	37	317	1	300	0.75	0.722911	0	0	0	
13	2	4	56	318	2	0	0.25	0	100	50	63	
13	2	4	139	319	2	0	0.95	0	100	0	78	
13	2	4	153	320	1	400	0.9	0.863026	0	0	0	
13	2	4	55	321	1	600	0.99	0.992527	0	0	0	
13	2	4	95	322	1	600	0.75	0.654976	0	0	0	
13	2	4	88	323	1	400	0.6	0.5	0	0	0	
13	2	4	164	324	1	500	0.99	0.99465	0	0	0	
13	2	4	215	325	1	600	0.95	0.988281	0	0	0	
13	2	4	135	326	1	600	0.4	0.382176	0	0	0	
13	2	4	158	327	1	400	0.95	0.972359	0	0	0	
13	2	4	209	328	1	500	0.9	0.947945	0	0	0	
13	2	4	138	329	2	0	0.95	0	75	0	58.5	
13	2	4	41	330	2	0	0.1	0	100	50	63	
13	2	4	132	331	1	300	0.4	0.386422	0	0	0	
13	2	4	46	332	1	200	0.95	0.95856	0	0	0	
13	2	4	6	333	2	0	0.01	0	200	0	12	
13	2	4	240	334	1	600	0.25	0.371561	0	0	0	
13	2	4	174	335	1	500	0.05	0.023395	0	0	0	
13	2	4	104	336	2	0	0.6	0	200	100	130	
13	2	4	205	337	1	600	0.75	0.641177	0	0	0	
13	2	4	68	338	1	400	0.1	0.229322	0	0	0	
13	2	4	142	339	2	0	0.95	0	400	0	312	
13	2	4	1	340	2	0	0.01	0	25	0	4.5	
13	2	4	170	341	1	600	0.01	0.0180876	0	0	0	
13	2	4	270	342	1	600	0.95	0.956437	0	0	0	
13	2	4	302	343	1	300	0.5	0.5	0	0	0	
13	2	4	276	344	1	200	0.01	0.0138417	0	0	0	
13	2	4	244	345	1	500	0.4	0.426758	0	0	0	
13	2	4	159	346	2	0	0.99	0	50	25	48.5	
13	2	4	77	347	1	300	0.4	0.5	0	0	0	
13	2	4	51	348	2	0	0.25	0	200	0	44	
13	2	4	328	349	1	400	0.99	0.991466	0	0	0	
13	2	4	57	350	1	300	0.01	0.0149032	0	0	0	
13	2	4	283	351	1	400	0.05	0.00853431	0	0	0	
13	2	4	153	352	2	0	0.99	0	75	0	73.5	
13	2	4	48	353	2	0	0.25	0	75	0	19.5	
13	2	4	25	354	1	600	0.4	0.428881	0	0	0	
13	2	4	83	355	1	400	0.5	0.555197	0	0	0	
13	2	4	187	356	1	300	0.4	0.472401	0	0	0	
13	2	4	253	357	1	400	0.6	0.554136	0	0	0	
13	2	4	105	358	2	0	0.6	0	200	150	173	
13	2	4	8	359	1	400	0.05	0.0860224	0	0	0	
13	2	4	268	360	1	400	0.95	0.974482	0	0	0	
13	2	4	107	361	1	300	0.99	0.981912	0	0	0	
13	2	4	296	362	1	200	0.4	0.459664	0	0	0	
13	2	4	51	363	1	200	0.99	0.980851	0	0	0	
13	2	4	37	364	2	0	0.1	0	400	0	24	
13	2	4	95	365	2	0	0.6	0	150	0	39	
13	2	4	121	366	1	200	0.1	0.130605	0	0	0	
13	2	4	36	367	2	0	0.1	0	200	0	52	
13	2	4	80	368	1	600	0.4	0.5	0	0	0	
13	2	4	184	369	1	500	0.25	0.433127	0	0	0	
13	2	4	177	370	1	300	0.1	0.147588	0	0	0	
13	2	4	289	371	1	500	0.1	0.155019	0	0	0	
13	2	4	89	372	1	500	0.6	0.566873	0	0	0	
13	2	4	148	373	1	400	0.75	0.631624	0	0	0	
13	2	4	172	374	1	300	0.05	0.0265795	0	0	0	
13	2	4	83	375	2	0	0.5	0	800	0	400	
13	2	4	36	376	1	200	0.75	0.633747	0	0	0	
13	2	4	123	377	1	400	0.1	0.27815	0	0	0	
13	2	4	73	378	1	400	0.25	0.416143	0	0	0	
13	2	4	25	379	2	0	0.05	0	75	50	56.5	
13	2	4	227	380	1	300	0.05	0.0350713	0	0	0	
13	2	4	93	381	2	0	0.6	0	75	0	22.5	
13	2	4	224	382	1	500	0.01	0.00641135	0	0	0	
13	2	4	34	383	2	0	0.1	0	100	0	6	
13	2	4	13	384	2	0	0.01	0	150	100	103	
13	2	4	129	385	1	500	0.25	0.412959	0	0	0	
13	2	4	285	386	1	600	0.05	0.161388	0	0	0	
13	2	4	222	387	1	300	0.01	0.0106573	0	0	0	
13	2	4	122	388	1	300	0.1	0.0605469	0	0	0	
13	2	4	48	389	1	400	0.95	0.967052	0	0	0	
13	2	4	44	390	1	500	0.9	0.934146	0	0	0	
13	2	4	30	391	1	600	0.5	0.5	0	0	0	
13	2	4	82	392	2	0	0.5	0	400	0	200	
13	2	4	86	393	1	200	0.6	0.576427	0	0	0	
13	2	4	312	394	1	300	0.75	0.662407	0	0	0	
13	2	4	236	395	1	200	0.25	0.279212	0	0	0	
13	2	4	47	396	2	0	0.25	0	50	0	13	
13	2	5	53	397	2	0	0.25	0	800	0	208	
13	2	5	104	398	1	500	0.95	0.933084	0	0	0	
13	2	5	82	399	1	300	0.5	0.5	0	0	0	
13	2	5	33	400	2	0	0.1	0	75	0	4.5	
13	2	5	31	401	2	0	0.1	0	25	0	6.5	
13	2	5	102	402	1	300	0.95	0.927777	0	0	0	
13	2	5	251	403	1	200	0.6	0.5	0	0	0	
13	2	5	171	404	1	200	0.05	0.109375	0	0	0	
13	2	5	54	405	1	500	0.99	0.996773	0	0	0	
13	2	5	214	406	1	500	0.95	0.938392	0	0	0	
13	2	5	75	407	1	600	0.25	0.253736	0	0	0	
13	2	5	183	408	1	400	0.25	0.417204	0	0	0	
13	2	5	208	409	1	400	0.9	0.858781	0	0	0	
13	2	5	94	410	1	500	0.75	0.570058	0	0	0	
13	2	5	65	411	1	600	0.05	0.165633	0	0	0	
13	2	5	304	412	1	500	0.5	0.5	0	0	0	
13	2	5	21	413	2	0	0.05	0	200	0	52	
13	2	5	221	414	1	200	0.01	0.0998217	0	0	0	
13	2	5	16	415	2	0	0.05	0	25	0	6.5	
13	2	5	17	416	2	0	0.05	0	50	0	3	
13	2	5	318	417	1	400	0.9	0.882133	0	0	0	
13	2	5	115	418	2	0	0.75	0	75	50	56.5	
13	2	5	100	419	1	600	0.9	0.919285	0	0	0	
13	2	5	138	420	1	400	0.5	0.5	0	0	0	
13	2	5	9	421	2	0	0.01	0	50	25	25.5	
13	2	5	57	422	2	0	0.25	0	150	50	76	
13	2	5	85	423	2	0	0.5	0	75	50	62.5	
13	2	5	70	424	2	0	0.4	0	75	50	56.5	
13	2	5	126	425	1	200	0.25	0.330163	0	0	0	
13	2	5	266	426	1	200	0.95	0.940515	0	0	0	
13	2	5	131	427	2	0	0.9	0	100	50	87	
13	2	5	261	428	1	200	0.9	0.955375	0	0	0	
13	2	5	126	429	2	0	0.9	0	200	0	148	
13	2	5	47	430	1	300	0.95	0.953252	0	0	0	
13	2	5	150	431	1	600	0.75	0.633747	0	0	0	
13	2	5	137	432	1	300	0.5	0.5	0	0	0	
13	2	5	72	433	2	0	0.4	0	150	50	76	
13	2	5	15	434	2	0	0.01	0	200	150	151	
13	2	5	18	435	1	400	0.25	0.403405	0	0	0	
13	2	5	155	436	1	600	0.9	0.798276	0	0	0	
13	2	5	115	437	1	600	0.01	0.0308254	0	0	0	
13	2	5	70	438	1	600	0.1	0.0626698	0	0	0	
13	2	5	116	439	1	200	0.05	0.0329484	0	0	0	
13	2	5	263	440	1	400	0.9	0.970236	0	0	0	
13	2	5	8	441	2	0	0.01	0	800	0	16	
13	2	5	23	442	2	0	0.05	0	800	0	16	
13	2	5	196	443	1	200	0.6	0.56475	0	0	0	
13	2	5	87	444	2	0	0.5	0	150	50	100	
13	2	5	78	445	1	400	0.4	0.445864	0	0	0	
13	2	5	19	446	1	500	0.25	0.337593	0	0	0	
13	2	5	76	447	1	200	0.4	0.362007	0	0	0	
13	2	5	233	448	1	400	0.1	0.193232	0	0	0	
13	2	5	5	449	1	600	0.01	0.025518	0	0	0	
13	2	5	59	450	1	500	0.01	0.00534986	0	0	0	
13	2	5	60	451	2	0	0.25	0	200	150	163	
13	2	5	315	452	1	600	0.75	0.747325	0	0	0	
13	2	5	71	453	1	200	0.25	0.382176	0	0	0	
13	2	5	79	454	2	0	0.5	0	100	0	50	
13	2	5	299	455	1	500	0.4	0.372622	0	0	0	
13	2	5	18	456	2	0	0.05	0	75	0	4.5	
13	2	5	220	457	1	600	0.99	0.993589	0	0	0	
13	2	5	309	458	1	500	0.6	0.5	0	0	0	
13	2	5	38	459	2	0	0.1	0	800	0	48	
13	2	5	182	460	1	300	0.25	0.37793	0	0	0	
13	2	5	65	461	2	0	0.4	0	150	0	39	
13	2	5	144	462	2	0	0.95	0	50	25	49.5	
13	2	5	179	463	1	500	0.1	0.0945143	0	0	0	
13	2	5	107	464	2	0	0.75	0	50	0	37	
13	2	5	118	465	2	0	0.75	0	150	100	137	
13	2	5	5	466	2	0	0.01	0	150	0	9	
13	2	5	200	467	1	600	0.6	0.501061	0	0	0	
13	2	5	35	468	1	600	0.6	0.554136	0	0	0	
13	2	5	188	469	1	400	0.4	0.470279	0	0	0	
13	2	5	154	470	1	500	0.9	0.712296	0	0	0	
13	2	5	326	471	1	200	0.99	0.989343	0	0	0	
13	2	5	130	472	1	600	0.25	0.311056	0	0	0	
13	2	5	167	473	1	300	0.01	0.0180876	0	0	0	
13	2	5	132	474	2	0	0.9	0	150	50	124	
13	2	5	66	475	2	0	0.4	0	200	0	52	
13	2	5	45	476	2	0	0.1	0	200	150	151	
13	2	5	113	477	1	400	0.01	0.0106573	0	0	0	
13	2	5	98	478	2	0	0.6	0	800	0	240	
13	2	5	143	479	1	400	0.6	0.654976	0	0	0	
13	2	5	245	480	1	600	0.4	0.5	0	0	0	
13	2	5	286	481	1	200	0.1	0.109375	0	0	0	
13	2	5	124	482	1	500	0.1	0.166695	0	0	0	
13	2	5	202	483	1	300	0.75	0.644361	0	0	0	
13	2	5	185	484	1	600	0.25	0.318487	0	0	0	
13	2	5	267	485	1	300	0.95	0.84392	0	0	0	
13	2	5	101	486	2	0	0.6	0	100	50	75	
13	2	5	249	487	1	500	0.5	0.580673	0	0	0	
13	2	5	125	488	2	0	0.9	0	150	0	111	
13	2	5	293	489	1	400	0.25	0.438434	0	0	0	
13	2	5	134	490	1	500	0.4	0.529721	0	0	0	
13	2	5	142	491	1	300	0.6	0.604025	0	0	0	
13	2	5	111	492	1	200	0.01	0.00747283	0	0	0	
13	2	5	258	493	1	400	0.75	0.668775	0	0	0	
13	2	5	168	494	1	400	0.01	0.0159647	0	0	0	
13	2	5	181	495	1	200	0.25	0.343962	0	0	0	
