Subject#	Session#	Block#	Stim#	Trial#	Task	Numerosity	P_true	P_reported	x1	x2	CE	
8	1	1	131	1	1	200	0.4	0.480035	0	0	0	
8	1	1	68	2	2	0	0.4	0	800	0	400	
8	1	1	140	3	2	0	0.95	0	150	0	111	
8	1	1	9	4	1	500	0.05	0.0280036	0	0	0	
8	1	1	19	5	1	500	0.25	0.20141	0	0	0	
8	1	1	29	6	2	0	0.05	0	200	100	114	
8	1	1	124	7	2	0	0.9	0	100	0	74	
8	1	1	274	8	1	500	0.99	0.995362	0	0	0	
8	1	1	182	9	1	300	0.25	0.107402	0	0	0	
8	1	1	75	10	2	0	0.4	0	200	150	175	
8	1	1	220	11	1	600	0.99	0.995942	0	0	0	
8	1	1	270	12	1	600	0.95	0.976105	0	0	0	
8	1	1	152	13	1	300	0.9	0.974654	0	0	0	
8	1	1	169	14	1	500	0.01	0.00705266	0	0	0	
8	1	1	18	15	1	400	0.25	0.367165	0	0	0	
8	1	1	8	16	2	0	0.01	0	800	0	80	
8	1	1	189	17	1	500	0.4	0.498045	0	0	0	
8	1	1	156	18	2	0	0.99	0	200	0	188	
8	1	1	210	19	1	600	0.9	0.948684	0	0	0	
8	1	1	54	20	2	0	0.25	0	50	25	34.5	
8	1	1	13	21	1	400	0.1	0.100737	0	0	0	
8	1	1	54	22	1	500	0.99	0.983129	0	0	0	
8	1	1	95	23	2	0	0.6	0	150	0	81	
8	1	1	286	24	1	200	0.1	0.0791759	0	0	0	
8	1	1	201	25	1	200	0.75	0.721478	0	0	0	
8	1	1	241	26	1	200	0.4	0.493591	0	0	0	
8	1	1	190	27	1	600	0.4	0.5	0	0	0	
8	1	1	299	28	1	500	0.4	0.5	0	0	0	
8	1	1	245	29	1	600	0.4	0.5	0	0	0	
8	1	1	51	30	1	200	0.99	0.992766	0	0	0	
8	1	1	296	31	1	200	0.4	0.471902	0	0	0	
8	1	1	171	32	1	200	0.05	0.026438	0	0	0	
8	1	1	30	33	2	0	0.05	0	200	150	165	
8	1	1	89	34	2	0	0.5	0	200	100	150	
8	1	1	7	35	1	300	0.05	0.0493438	0	0	0	
8	1	1	101	36	1	200	0.95	0.975468	0	0	0	
8	1	1	83	37	1	400	0.5	0.497731	0	0	0	
8	1	1	116	38	1	200	0.05	0.0148324	0	0	0	
8	1	1	47	39	2	0	0.25	0	50	0	17	
8	1	1	107	40	1	300	0.99	0.99496	0	0	0	
8	1	1	114	41	1	500	0.01	0.00468644	0	0	0	
8	1	1	195	42	1	600	0.5	0.5	0	0	0	
8	1	1	17	43	2	0	0.05	0	50	0	15	
8	1	1	61	44	1	200	0.05	0.146368	0	0	0	
8	1	1	42	45	2	0	0.1	0	150	50	60	
8	1	1	49	46	1	500	0.95	0.96664	0	0	0	
8	1	1	44	47	1	500	0.9	0.937251	0	0	0	
8	1	1	152	48	2	0	0.99	0	50	0	43	
8	1	1	4	49	1	500	0.01	0.00804337	0	0	0	
8	1	1	112	50	2	0	0.75	0	400	0	280	
8	1	1	100	51	2	0	0.6	0	75	50	62.5	
8	1	1	193	52	1	400	0.5	0.49494	0	0	0	
8	1	1	121	53	2	0	0.9	0	25	0	17.5	
8	1	1	71	54	1	200	0.25	0.299004	0	0	0	
8	1	1	147	55	2	0	0.95	0	150	50	120	
8	1	1	115	56	1	600	0.01	0.00358515	0	0	0	
8	1	1	160	57	1	600	0.95	0.958467	0	0	0	
8	1	1	32	58	2	0	0.1	0	50	0	15	
8	1	1	317	59	1	300	0.9	0.95013	0	0	0	
8	1	1	122	60	1	300	0.1	0.0430457	0	0	0	
8	1	1	126	61	1	200	0.25	0.155762	0	0	0	
8	1	1	28	62	1	400	0.5	0.472472	0	0	0	
8	1	1	117	63	1	300	0.05	0.0657172	0	0	0	
8	1	1	191	64	1	200	0.5	0.5	0	0	0	
8	1	1	33	65	2	0	0.1	0	75	0	19.5	
8	1	1	180	66	1	600	0.1	0.108114	0	0	0	
8	1	1	97	67	1	300	0.9	0.929095	0	0	0	
8	1	1	124	68	1	500	0.1	0.0863232	0	0	0	
8	1	1	94	69	2	0	0.6	0	100	0	54	
8	1	1	330	70	1	600	0.99	0.991948	0	0	0	
8	1	1	305	71	1	600	0.5	0.499429	0	0	0	
8	1	1	202	72	1	300	0.75	0.624848	0	0	0	
8	1	1	5	73	1	600	0.01	0.00718092	0	0	0	
8	1	1	135	74	2	0	0.9	0	200	150	175	
8	1	1	138	75	2	0	0.95	0	75	0	49.5	
8	1	1	163	76	2	0	0.99	0	150	100	145	
8	1	1	244	77	1	500	0.4	0.499354	0	0	0	
8	1	1	26	78	2	0	0.05	0	100	50	65	
8	1	1	264	79	1	500	0.9	0.850594	0	0	0	
8	1	1	57	80	2	0	0.25	0	150	50	76	
8	1	1	168	81	1	400	0.01	0.0082999	0	0	0	
8	1	1	66	82	2	0	0.4	0	200	0	76	
8	1	1	81	83	1	200	0.5	0.529708	0	0	0	
8	1	1	205	84	1	600	0.75	0.689634	0	0	0	
8	1	1	144	85	1	500	0.6	0.610602	0	0	0	
8	1	1	234	86	1	500	0.1	0.0847486	0	0	0	
8	1	1	265	87	1	600	0.9	0.830028	0	0	0	
8	1	1	7	88	2	0	0.01	0	400	0	40	
8	1	1	43	89	1	400	0.9	0.88549	0	0	0	
8	1	1	61	90	2	0	0.4	0	25	0	13.5	
8	1	1	300	91	1	600	0.4	0.5	0	0	0	
8	1	1	176	92	1	200	0.1	0.122467	0	0	0	
8	1	1	23	93	2	0	0.05	0	800	0	80	
8	1	1	136	94	1	200	0.5	0.507205	0	0	0	
8	1	1	46	95	2	0	0.25	0	25	0	8.5	
8	1	1	121	96	1	200	0.1	0.05581	0	0	0	
8	1	1	143	97	2	0	0.95	0	800	0	592	
8	1	1	20	98	1	600	0.25	0.391455	0	0	0	
8	1	1	314	99	1	500	0.75	0.701474	0	0	0	
8	1	2	130	100	2	0	0.9	0	75	50	62.5	
8	1	2	51	101	2	0	0.25	0	200	0	52	
8	1	2	102	102	1	300	0.95	0.978104	0	0	0	
8	1	2	128	103	1	400	0.25	0.192175	0	0	0	
8	1	2	249	104	1	500	0.5	0.603114	0	0	0	
8	1	2	151	105	1	200	0.9	0.775008	0	0	0	
8	1	2	64	106	2	0	0.4	0	100	0	38	
8	1	2	131	107	2	0	0.9	0	100	50	75	
8	1	2	236	108	1	200	0.25	0.223834	0	0	0	
8	1	2	153	109	2	0	0.99	0	75	0	58.5	
8	1	2	231	110	1	200	0.1	0.128964	0	0	0	
8	1	2	144	111	2	0	0.95	0	50	25	37.5	
8	1	2	273	112	1	400	0.99	0.99542	0	0	0	
8	1	2	38	113	2	0	0.1	0	800	0	336	
8	1	2	105	114	1	600	0.95	0.967136	0	0	0	
8	1	2	185	115	1	600	0.25	0.310994	0	0	0	
8	1	2	120	116	1	600	0.05	0.106005	0	0	0	
8	1	2	90	117	1	600	0.6	0.814619	0	0	0	
8	1	2	141	118	1	200	0.6	0.560429	0	0	0	
8	1	2	123	119	2	0	0.9	0	75	0	37.5	
8	1	2	83	120	2	0	0.5	0	800	0	400	
8	1	2	323	121	1	400	0.95	0.949749	0	0	0	
8	1	2	85	122	2	0	0.5	0	75	50	62.5	
8	1	2	86	123	2	0	0.5	0	100	50	71	
8	1	2	198	124	1	400	0.6	0.534923	0	0	0	
8	1	2	183	125	1	400	0.25	0.408169	0	0	0	
8	1	2	58	126	2	0	0.25	0	150	100	115	
8	1	2	277	127	1	300	0.01	0.0509316	0	0	0	
8	1	2	57	128	1	300	0.01	0.0156551	0	0	0	
8	1	2	96	129	1	200	0.9	0.949555	0	0	0	
8	1	2	141	130	2	0	0.95	0	200	0	156	
8	1	2	16	131	1	200	0.25	0.323215	0	0	0	
8	1	2	10	132	1	600	0.05	0.09129	0	0	0	
8	1	2	89	133	1	500	0.6	0.74763	0	0	0	
8	1	2	91	134	1	200	0.75	0.612919	0	0	0	
8	1	2	161	135	1	200	0.99	0.978259	0	0	0	
8	1	2	127	136	2	0	0.9	0	400	0	200	
8	1	2	3	137	1	400	0.01	0.00351881	0	0	0	
8	1	2	294	138	1	500	0.25	0.209221	0	0	0	
8	1	2	37	139	1	300	0.75	0.79744	0	0	0	
8	1	2	142	140	1	300	0.6	0.599952	0	0	0	
8	1	2	163	141	1	400	0.99	0.9822	0	0	0	
8	1	2	204	142	1	500	0.75	0.644543	0	0	0	
8	1	2	39	143	2	0	0.1	0	50	25	37.5	
8	1	2	159	144	1	500	0.95	0.95971	0	0	0	
8	1	2	5	145	2	0	0.01	0	150	0	15	
8	1	2	252	146	1	300	0.6	0.585286	0	0	0	
8	1	2	12	147	1	300	0.1	0.321994	0	0	0	
8	1	2	77	148	1	300	0.4	0.502371	0	0	0	
8	1	2	71	149	2	0	0.4	0	100	50	65	
8	1	2	2	150	1	300	0.01	0.00759667	0	0	0	
8	1	2	98	151	1	400	0.9	0.918825	0	0	0	
8	1	2	132	152	2	0	0.9	0	150	50	100	
8	1	2	106	153	1	200	0.99	0.974787	0	0	0	
8	1	2	125	154	1	600	0.1	0.08378	0	0	0	
8	1	2	212	155	1	300	0.95	0.970886	0	0	0	
8	1	2	36	156	1	200	0.75	0.901917	0	0	0	
8	1	2	242	157	1	300	0.4	0.496824	0	0	0	
8	1	2	12	158	2	0	0.01	0	150	50	60	
8	1	2	36	159	2	0	0.1	0	200	0	52	
8	1	2	27	160	2	0	0.05	0	150	50	64	
8	1	2	159	161	2	0	0.99	0	50	25	42.5	
8	1	2	87	162	1	300	0.6	0.571716	0	0	0	
8	1	2	63	163	2	0	0.4	0	75	0	28.5	
8	1	2	186	164	1	200	0.4	0.482729	0	0	0	
8	1	2	13	165	2	0	0.01	0	150	100	111	
8	1	2	15	166	1	600	0.1	0.0312146	0	0	0	
8	1	2	147	167	1	300	0.75	0.93266	0	0	0	
8	1	2	72	168	1	300	0.25	0.0485831	0	0	0	
8	1	2	28	169	2	0	0.05	0	150	100	111	
8	1	2	66	170	1	200	0.1	0.0925107	0	0	0	
8	1	2	69	171	1	500	0.1	0.0557879	0	0	0	
8	1	2	9	172	2	0	0.01	0	50	25	29.5	
8	1	2	285	173	1	600	0.05	0.0551333	0	0	0	
8	1	2	325	174	1	600	0.95	0.954433	0	0	0	
8	1	2	127	175	1	300	0.25	0.0679153	0	0	0	
8	1	2	122	176	2	0	0.9	0	50	0	39	
8	1	2	287	177	1	300	0.1	0.0544434	0	0	0	
8	1	2	145	178	1	600	0.6	0.567059	0	0	0	
8	1	2	199	179	1	500	0.6	0.626237	0	0	0	
8	1	2	19	180	2	0	0.05	0	100	0	10	
8	1	2	55	181	1	600	0.99	0.981147	0	0	0	
8	1	2	263	182	1	400	0.9	0.976468	0	0	0	
8	1	2	237	183	1	300	0.25	0.406223	0	0	0	
8	1	2	56	184	2	0	0.25	0	100	50	69	
8	1	2	110	185	2	0	0.75	0	150	0	105	
8	1	2	295	186	1	600	0.25	0.299844	0	0	0	
8	1	2	279	187	1	500	0.01	0.0131429	0	0	0	
8	1	2	104	188	1	500	0.95	0.965535	0	0	0	
8	1	2	324	189	1	500	0.95	0.960723	0	0	0	
8	1	2	240	190	1	600	0.25	0.365988	0	0	0	
8	1	2	42	191	1	300	0.9	0.802341	0	0	0	
8	1	2	68	192	1	400	0.1	0.150591	0	0	0	
8	1	2	312	193	1	300	0.75	0.85338	0	0	0	
8	1	2	111	194	2	0	0.75	0	200	0	100	
8	1	2	213	195	1	400	0.95	0.956242	0	0	0	
8	1	2	39	196	1	500	0.75	0.826706	0	0	0	
8	1	2	80	197	2	0	0.5	0	150	0	75	
8	1	2	49	198	2	0	0.25	0	100	0	26	
8	1	3	175	199	1	600	0.05	0.0324132	0	0	0	
8	1	3	272	200	1	300	0.99	0.979745	0	0	0	
8	1	3	145	201	2	0	0.95	0	75	50	69.5	
8	1	3	135	202	1	600	0.4	0.499867	0	0	0	
8	1	3	59	203	1	500	0.01	0.00355861	0	0	0	
8	1	3	84	204	1	500	0.5	0.528288	0	0	0	
8	1	3	192	205	1	300	0.5	0.511557	0	0	0	
8	1	3	128	206	2	0	0.9	0	800	0	624	
8	1	3	221	207	1	200	0.01	0.0072163	0	0	0	
8	1	3	64	208	1	500	0.05	0.0236516	0	0	0	
8	1	3	304	209	1	500	0.5	0.5	0	0	0	
8	1	3	70	210	2	0	0.4	0	75	50	57.5	
8	1	3	101	211	2	0	0.6	0	100	50	81	
8	1	3	283	212	1	400	0.05	0.147615	0	0	0	
8	1	3	206	213	1	200	0.9	0.902235	0	0	0	
8	1	3	60	214	2	0	0.25	0	200	150	165	
8	1	3	55	215	2	0	0.25	0	75	50	55.5	
8	1	3	26	216	1	200	0.5	0.52743	0	0	0	
8	1	3	298	217	1	400	0.4	0.5	0	0	0	
8	1	3	278	218	1	400	0.01	0.00469971	0	0	0	
8	1	3	158	219	1	400	0.95	0.990218	0	0	0	
8	1	3	40	220	2	0	0.1	0	75	50	55.5	
8	1	3	310	221	1	600	0.6	0.577351	0	0	0	
8	1	3	262	222	1	300	0.9	0.92346	0	0	0	
8	1	3	216	223	1	200	0.99	0.991514	0	0	0	
8	1	3	137	224	1	300	0.5	0.507413	0	0	0	
8	1	3	157	225	2	0	0.99	0	400	0	312	
8	1	3	102	226	2	0	0.6	0	150	50	100	
8	1	3	158	227	2	0	0.99	0	800	0	688	
8	1	3	258	228	1	400	0.75	0.613915	0	0	0	
8	1	3	276	229	1	200	0.01	0.00646442	0	0	0	
8	1	3	143	230	1	400	0.6	0.500358	0	0	0	
8	1	3	226	231	1	200	0.05	0.0165175	0	0	0	
8	1	3	232	232	1	300	0.1	0.011878	0	0	0	
8	1	3	133	233	1	400	0.4	0.450071	0	0	0	
8	1	3	40	234	1	600	0.75	0.53812	0	0	0	
8	1	3	154	235	2	0	0.99	0	100	0	90	
8	1	3	4	236	2	0	0.01	0	100	0	10	
8	1	3	282	237	1	300	0.05	0.0285875	0	0	0	
8	1	3	117	238	2	0	0.75	0	150	50	100	
8	1	3	76	239	2	0	0.5	0	25	0	14.5	
8	1	3	170	240	1	600	0.01	0.00946753	0	0	0	
8	1	3	32	241	1	300	0.6	0.455555	0	0	0	
8	1	3	224	242	1	500	0.01	0.00967982	0	0	0	
8	1	3	266	243	1	200	0.95	0.984836	0	0	0	
8	1	3	239	244	1	500	0.25	0.444551	0	0	0	
8	1	3	24	245	2	0	0.05	0	50	25	30.5	
8	1	3	187	246	1	300	0.4	0.498355	0	0	0	
8	1	3	178	247	1	400	0.1	0.387947	0	0	0	
8	1	3	271	248	1	200	0.99	0.996583	0	0	0	
8	1	3	318	249	1	400	0.9	0.966715	0	0	0	
8	1	3	174	250	1	500	0.05	0.0136117	0	0	0	
8	1	3	281	251	1	200	0.05	0.0112632	0	0	0	
8	1	3	322	252	1	300	0.95	0.987711	0	0	0	
8	1	3	95	253	1	600	0.75	0.878935	0	0	0	
8	1	3	87	254	2	0	0.5	0	150	50	100	
8	1	3	73	255	1	400	0.25	0.416497	0	0	0	
8	1	3	259	256	1	500	0.75	0.712893	0	0	0	
8	1	3	184	257	1	500	0.25	0.210777	0	0	0	
8	1	3	99	258	1	500	0.9	0.856096	0	0	0	
8	1	3	114	259	2	0	0.75	0	50	25	40.5	
8	1	3	119	260	2	0	0.75	0	200	100	170	
8	1	3	113	261	1	400	0.01	0.00427511	0	0	0	
8	1	3	35	262	1	600	0.6	0.559182	0	0	0	
8	1	3	37	263	2	0	0.1	0	400	0	88	
8	1	3	58	264	1	400	0.01	0.0167166	0	0	0	
8	1	3	188	265	1	400	0.4	0.500349	0	0	0	
8	1	3	106	266	2	0	0.75	0	25	0	18.5	
8	1	3	50	267	2	0	0.25	0	150	0	45	
8	1	3	111	268	1	200	0.01	0.00534544	0	0	0	
8	1	3	82	269	2	0	0.5	0	400	0	200	
8	1	3	134	270	2	0	0.9	0	200	100	162	
8	1	3	92	271	1	300	0.75	0.891974	0	0	0	
8	1	3	154	272	1	500	0.9	0.910024	0	0	0	
8	1	3	291	273	1	200	0.25	0.36816	0	0	0	
8	1	3	146	274	1	200	0.75	0.668523	0	0	0	
8	1	3	79	275	1	500	0.4	0.466325	0	0	0	
8	1	3	303	276	1	400	0.5	0.5	0	0	0	
8	1	3	96	277	2	0	0.6	0	200	0	100	
8	1	3	200	278	1	600	0.6	0.526192	0	0	0	
8	1	3	52	279	2	0	0.25	0	400	0	104	
8	1	3	27	280	1	300	0.5	0.629788	0	0	0	
8	1	3	41	281	2	0	0.1	0	100	50	65	
8	1	3	315	282	1	600	0.75	0.654344	0	0	0	
8	1	3	105	283	2	0	0.6	0	200	150	177	
8	1	3	156	284	1	200	0.95	0.96833	0	0	0	
8	1	3	2	285	2	0	0.01	0	50	0	5	
8	1	3	316	286	1	200	0.9	0.975291	0	0	0	
8	1	3	81	287	2	0	0.5	0	200	0	100	
8	1	3	125	288	2	0	0.9	0	150	0	105	
8	1	3	275	289	1	600	0.99	0.979688	0	0	0	
8	1	3	22	290	1	300	0.4	0.46663	0	0	0	
8	1	3	162	291	2	0	0.99	0	150	50	128	
8	1	3	23	292	1	400	0.4	0.462163	0	0	0	
8	1	3	103	293	1	400	0.95	0.968962	0	0	0	
8	1	3	181	294	1	200	0.25	0.489164	0	0	0	
8	1	3	79	295	2	0	0.5	0	100	0	50	
8	1	3	3	296	2	0	0.01	0	75	0	7.5	
8	1	3	308	297	1	400	0.6	0.523711	0	0	0	
8	1	4	313	298	1	400	0.75	0.637506	0	0	0	
8	1	4	91	299	2	0	0.6	0	25	0	14.5	
8	1	4	53	300	2	0	0.25	0	800	0	240	
8	1	4	149	301	2	0	0.95	0	200	100	178	
8	1	4	82	302	1	300	0.5	0.502167	0	0	0	
8	1	4	41	303	1	200	0.9	0.969882	0	0	0	
8	1	4	129	304	2	0	0.9	0	50	25	45.5	
8	1	4	69	305	2	0	0.4	0	50	25	36.5	
8	1	4	108	306	1	400	0.99	0.97791	0	0	0	
8	1	4	86	307	1	200	0.6	0.492216	0	0	0	
8	1	4	78	308	1	400	0.4	0.5	0	0	0	
8	1	4	327	309	1	300	0.99	0.997525	0	0	0	
8	1	4	267	310	1	300	0.95	0.98519	0	0	0	
8	1	4	194	311	1	500	0.5	0.5	0	0	0	
8	1	4	70	312	1	600	0.1	0.251087	0	0	0	
8	1	4	1	313	2	0	0.01	0	25	0	5.5	
8	1	4	138	314	1	400	0.5	0.960758	0	0	0	
8	1	4	247	315	1	300	0.5	0.5	0	0	0	
8	1	4	17	316	1	300	0.25	0.395055	0	0	0	
8	1	4	166	317	1	200	0.01	0.00316941	0	0	0	
8	1	4	217	318	1	300	0.99	0.996004	0	0	0	
8	1	4	53	319	1	400	0.99	0.985521	0	0	0	
8	1	4	6	320	1	200	0.05	0.0123866	0	0	0	
8	1	4	22	321	2	0	0.05	0	400	0	24	
8	1	4	77	322	2	0	0.5	0	50	0	25	
8	1	4	35	323	2	0	0.1	0	150	0	27	
8	1	4	88	324	2	0	0.5	0	150	100	125	
8	1	4	328	325	1	400	0.99	0.991112	0	0	0	
8	1	4	196	326	1	200	0.6	0.5	0	0	0	
8	1	4	109	327	2	0	0.75	0	100	0	74	
8	1	4	29	328	1	500	0.5	0.496479	0	0	0	
8	1	4	98	329	2	0	0.6	0	800	0	400	
8	1	4	118	330	1	400	0.05	0.0176011	0	0	0	
8	1	4	119	331	1	500	0.05	0.0166369	0	0	0	
8	1	4	108	332	2	0	0.75	0	75	0	40.5	
8	1	4	136	333	2	0	0.95	0	25	0	17.5	
8	1	4	164	334	2	0	0.99	0	200	100	182	
8	1	4	103	335	2	0	0.6	0	150	100	129	
8	1	4	20	336	2	0	0.05	0	150	0	15	
8	1	4	256	337	1	200	0.75	0.596475	0	0	0	
8	1	4	52	338	1	300	0.99	0.996994	0	0	0	
8	1	4	67	339	1	300	0.1	0.0197949	0	0	0	
8	1	4	150	340	1	600	0.75	0.932337	0	0	0	
8	1	4	33	341	1	400	0.6	0.540429	0	0	0	
8	1	4	251	342	1	200	0.6	0.569531	0	0	0	
8	1	4	177	343	1	300	0.1	0.0651112	0	0	0	
8	1	4	233	344	1	400	0.1	0.0273358	0	0	0	
8	1	4	74	345	2	0	0.4	0	200	100	130	
8	1	4	133	346	2	0	0.9	0	150	100	129	
8	1	4	50	347	1	600	0.95	0.966853	0	0	0	
8	1	4	11	348	1	200	0.1	0.0556464	0	0	0	
8	1	4	321	349	1	200	0.95	0.956485	0	0	0	
8	1	4	56	350	1	200	0.01	0.0133773	0	0	0	
8	1	4	302	351	1	300	0.5	0.5	0	0	0	
8	1	4	211	352	1	200	0.95	0.969237	0	0	0	
8	1	4	179	353	1	500	0.1	0.025863	0	0	0	
8	1	4	11	354	2	0	0.01	0	100	50	55	
8	1	4	297	355	1	300	0.4	0.5	0	0	0	
8	1	4	218	356	1	400	0.99	0.986804	0	0	0	
8	1	4	48	357	1	400	0.95	0.967481	0	0	0	
8	1	4	293	358	1	400	0.25	0.389115	0	0	0	
8	1	4	45	359	2	0	0.1	0	200	150	161	
8	1	4	155	360	2	0	0.99	0	150	0	135	
8	1	4	31	361	2	0	0.1	0	25	0	7.5	
8	1	4	48	362	2	0	0.25	0	75	0	19.5	
8	1	4	301	363	1	200	0.5	0.5	0	0	0	
8	1	4	14	364	1	500	0.1	0.152139	0	0	0	
8	1	4	207	365	1	300	0.9	0.898082	0	0	0	
8	1	4	31	366	1	200	0.6	0.748435	0	0	0	
8	1	4	214	367	1	500	0.95	0.986587	0	0	0	
8	1	4	161	368	2	0	0.99	0	100	50	89	
8	1	4	284	369	1	500	0.05	0.0111305	0	0	0	
8	1	4	92	370	2	0	0.6	0	50	0	29	
8	1	4	76	371	1	200	0.4	0.5	0	0	0	
8	1	4	73	372	2	0	0.4	0	150	100	121	
8	1	4	62	373	1	300	0.05	0.0198391	0	0	0	
8	1	4	80	374	1	600	0.4	0.509381	0	0	0	
8	1	4	162	375	1	300	0.99	0.985725	0	0	0	
8	1	4	222	376	1	300	0.01	0.00937022	0	0	0	
8	1	4	34	377	2	0	0.1	0	100	0	22	
8	1	4	99	378	2	0	0.6	0	50	25	39.5	
8	1	4	24	379	1	500	0.4	0.5	0	0	0	
8	1	4	6	380	2	0	0.01	0	200	0	4	
8	1	4	67	381	2	0	0.4	0	400	0	200	
8	1	4	142	382	2	0	0.95	0	400	0	328	
8	1	4	85	383	1	600	0.5	0.5	0	0	0	
8	1	4	254	384	1	500	0.6	0.547855	0	0	0	
8	1	4	307	385	1	300	0.6	0.5	0	0	0	
8	1	4	38	386	1	400	0.75	0.643181	0	0	0	
8	1	4	208	387	1	400	0.9	0.686184	0	0	0	
8	1	4	59	388	2	0	0.25	0	200	100	130	
8	1	4	132	389	1	300	0.4	0.469359	0	0	0	
8	1	4	123	390	1	400	0.1	0.0931343	0	0	0	
8	1	4	223	391	1	400	0.01	0.00707919	0	0	0	
8	1	4	1	392	1	200	0.01	0.00972847	0	0	0	
8	1	4	140	393	1	600	0.5	0.500358	0	0	0	
8	1	4	253	394	1	400	0.6	0.532026	0	0	0	
8	1	4	100	395	1	600	0.9	0.888007	0	0	0	
8	1	4	246	396	1	200	0.5	0.5	0	0	0	
8	1	5	250	397	1	600	0.5	0.5	0	0	0	
8	1	5	255	398	1	600	0.6	0.5	0	0	0	
8	1	5	160	399	2	0	0.99	0	75	50	70.5	
8	1	5	260	400	1	600	0.75	0.904062	0	0	0	
8	1	5	139	401	2	0	0.95	0	100	0	90	
8	1	5	155	402	1	600	0.9	0.944805	0	0	0	
8	1	5	320	403	1	600	0.9	0.946866	0	0	0	
8	1	5	148	404	1	400	0.75	0.919201	0	0	0	
8	1	5	25	405	2	0	0.05	0	75	50	57.5	
8	1	5	329	406	1	500	0.99	0.987631	0	0	0	
8	1	5	290	407	1	600	0.1	0.0388175	0	0	0	
8	1	5	215	408	1	600	0.95	0.78204	0	0	0	
8	1	5	151	409	2	0	0.99	0	25	0	19.5	
8	1	5	129	410	1	500	0.25	0.346996	0	0	0	
8	1	5	230	411	1	600	0.05	0.0579595	0	0	0	
8	1	5	165	412	2	0	0.99	0	200	150	191	
8	1	5	280	413	1	600	0.01	0.00969309	0	0	0	
8	1	5	289	414	1	500	0.1	0.0553456	0	0	0	
8	1	5	84	415	2	0	0.5	0	50	25	37.5	
8	1	5	60	416	1	600	0.01	0.0160089	0	0	0	
8	1	5	197	417	1	300	0.6	0.527404	0	0	0	
8	1	5	134	418	1	500	0.4	0.5	0	0	0	
8	1	5	148	419	2	0	0.95	0	150	100	139	
8	1	5	149	420	1	500	0.75	0.603742	0	0	0	
8	1	5	326	421	1	200	0.99	0.997038	0	0	0	
8	1	5	209	422	1	500	0.9	0.963	0	0	0	
8	1	5	14	423	2	0	0.01	0	200	100	102	
8	1	5	153	424	1	400	0.9	0.905499	0	0	0	
8	1	5	238	425	1	400	0.25	0.413074	0	0	0	
8	1	5	229	426	1	500	0.05	0.038729	0	0	0	
8	1	5	306	427	1	200	0.6	0.5	0	0	0	
8	1	5	62	428	2	0	0.4	0	50	0	21	
8	1	5	261	429	1	200	0.9	0.810067	0	0	0	
8	1	5	15	430	2	0	0.01	0	200	150	155	
8	1	5	72	431	2	0	0.4	0	150	50	84	
8	1	5	257	432	1	300	0.75	0.887648	0	0	0	
8	1	5	164	433	1	500	0.99	0.983841	0	0	0	
8	1	5	319	434	1	500	0.9	0.947233	0	0	0	
8	1	5	311	435	1	200	0.75	0.90147	0	0	0	
8	1	5	65	436	2	0	0.4	0	150	0	45	
8	1	5	10	437	2	0	0.01	0	75	50	55.5	
8	1	5	118	438	2	0	0.75	0	150	100	135	
8	1	5	243	439	1	400	0.4	0.505754	0	0	0	
8	1	5	167	440	1	300	0.01	0.00333747	0	0	0	
8	1	5	45	441	1	600	0.9	0.968675	0	0	0	
8	1	5	46	442	1	200	0.95	0.966587	0	0	0	
8	1	5	47	443	1	300	0.95	0.988166	0	0	0	
8	1	5	248	444	1	400	0.5	0.5	0	0	0	
8	1	5	173	445	1	400	0.05	0.0227228	0	0	0	
8	1	5	150	446	2	0	0.95	0	200	150	189	
8	1	5	227	447	1	300	0.05	0.0696977	0	0	0	
8	1	5	90	448	2	0	0.5	0	200	150	175	
8	1	5	292	449	1	300	0.25	0.367735	0	0	0	
8	1	5	228	450	1	400	0.05	0.128464	0	0	0	
8	1	5	126	451	2	0	0.9	0	200	0	164	
8	1	5	172	452	1	300	0.05	0.0548503	0	0	0	
8	1	5	104	453	2	0	0.6	0	200	100	158	
8	1	5	110	454	1	600	0.99	0.974787	0	0	0	
8	1	5	18	455	2	0	0.05	0	75	0	4.5	
8	1	5	16	456	2	0	0.05	0	25	0	5.5	
8	1	5	165	457	1	600	0.99	0.984385	0	0	0	
8	1	5	109	458	1	500	0.99	0.985424	0	0	0	
8	1	5	203	459	1	400	0.75	0.594609	0	0	0	
8	1	5	21	460	2	0	0.05	0	200	0	12	
8	1	5	309	461	1	500	0.6	0.5	0	0	0	
8	1	5	74	462	1	500	0.25	0.434657	0	0	0	
8	1	5	88	463	1	400	0.6	0.5	0	0	0	
8	1	5	8	464	1	400	0.05	0.0417675	0	0	0	
8	1	5	235	465	1	600	0.1	0.0465707	0	0	0	
8	1	5	116	466	2	0	0.75	0	100	50	85	
8	1	5	269	467	1	500	0.95	0.966401	0	0	0	
8	1	5	139	468	1	500	0.5	0.5	0	0	0	
8	1	5	120	469	2	0	0.75	0	200	150	185	
8	1	5	107	470	2	0	0.75	0	50	0	37	
8	1	5	65	471	1	600	0.05	0.0448325	0	0	0	
8	1	5	97	472	2	0	0.6	0	400	0	200	
8	1	5	146	473	2	0	0.95	0	100	50	89	
8	1	5	113	474	2	0	0.75	0	800	0	400	
8	1	5	43	475	2	0	0.1	0	150	100	119	
8	1	5	115	476	2	0	0.75	0	75	50	64.5	
8	1	5	63	477	1	400	0.05	0.0547132	0	0	0	
8	1	5	25	478	1	600	0.4	0.5	0	0	0	
8	1	5	137	479	2	0	0.95	0	50	0	45	
8	1	5	219	480	1	500	0.99	0.977879	0	0	0	
8	1	5	130	481	1	600	0.25	0.449734	0	0	0	
8	1	5	94	482	1	500	0.75	0.536882	0	0	0	
8	1	5	34	483	1	500	0.6	0.537391	0	0	0	
8	1	5	21	484	1	200	0.4	0.5	0	0	0	
8	1	5	93	485	1	400	0.75	0.608023	0	0	0	
8	1	5	93	486	2	0	0.6	0	75	0	31.5	
8	1	5	30	487	1	600	0.5	0.486723	0	0	0	
8	1	5	157	488	1	300	0.95	0.97929	0	0	0	
8	1	5	78	489	2	0	0.5	0	75	0	34.5	
8	1	5	225	490	1	600	0.01	0.0140894	0	0	0	
8	1	5	268	491	1	400	0.95	0.982372	0	0	0	
8	1	5	112	492	1	300	0.01	0.0103034	0	0	0	
8	1	5	44	493	2	0	0.1	0	200	100	110	
8	1	5	75	494	1	600	0.25	0.444431	0	0	0	
8	1	5	288	495	1	400	0.1	0.361331	0	0	0	
8	2	1	57	1	1	300	0.01	0.00764089	0	0	0	
8	2	1	182	2	1	300	0.25	0.41417	0	0	0	
8	2	1	79	3	1	500	0.4	0.5	0	0	0	
8	2	1	16	4	1	200	0.25	0.40509	0	0	0	
8	2	1	98	5	2	0	0.6	0	800	0	336	
8	2	1	163	6	1	400	0.99	0.994429	0	0	0	
8	2	1	85	7	1	600	0.5	0.5	0	0	0	
8	2	1	156	8	2	0	0.99	0	200	0	180	
8	2	1	222	9	1	300	0.01	0.00556658	0	0	0	
8	2	1	200	10	1	600	0.6	0.547453	0	0	0	
8	2	1	7	11	1	300	0.05	0.0209183	0	0	0	
8	2	1	20	12	2	0	0.05	0	150	0	33	
8	2	1	296	13	1	200	0.4	0.484914	0	0	0	
8	2	1	169	14	1	500	0.01	0.0149209	0	0	0	
8	2	1	4	15	1	500	0.01	0.0132225	0	0	0	
8	2	1	116	16	1	200	0.05	0.0259647	0	0	0	
8	2	1	52	17	1	300	0.99	0.984929	0	0	0	
8	2	1	5	18	2	0	0.01	0	150	0	9	
8	2	1	135	19	2	0	0.9	0	200	150	185	
8	2	1	35	20	2	0	0.1	0	150	0	15	
8	2	1	15	21	1	600	0.1	0.21141	0	0	0	
8	2	1	328	22	1	400	0.99	0.975614	0	0	0	
8	2	1	129	23	2	0	0.9	0	50	25	40.5	
8	2	1	135	24	1	600	0.4	0.5	0	0	0	
8	2	1	43	25	1	400	0.9	0.919042	0	0	0	
8	2	1	38	26	1	400	0.75	0.670952	0	0	0	
8	2	1	125	27	2	0	0.9	0	150	0	99	
8	2	1	141	28	1	200	0.6	0.566652	0	0	0	
8	2	1	311	29	1	200	0.75	0.682274	0	0	0	
8	2	1	120	30	2	0	0.75	0	200	150	179	
8	2	1	24	31	2	0	0.05	0	50	25	32.5	
8	2	1	27	32	2	0	0.05	0	150	50	60	
8	2	1	165	33	1	600	0.99	0.984341	0	0	0	
8	2	1	78	34	2	0	0.5	0	75	0	31.5	
8	2	1	92	35	1	300	0.75	0.571491	0	0	0	
8	2	1	158	36	1	400	0.95	0.927335	0	0	0	
8	2	1	2	37	1	300	0.01	0.0257215	0	0	0	
8	2	1	326	38	1	200	0.99	0.985645	0	0	0	
8	2	1	240	39	1	600	0.25	0.383264	0	0	0	
8	2	1	258	40	1	400	0.75	0.654755	0	0	0	
8	2	1	61	41	2	0	0.4	0	25	0	10.5	
8	2	1	49	42	1	500	0.95	0.954057	0	0	0	
8	2	1	142	43	1	300	0.6	0.680814	0	0	0	
8	2	1	114	44	2	0	0.75	0	50	25	39.5	
8	2	1	69	45	2	0	0.4	0	50	25	34.5	
8	2	1	275	46	1	600	0.99	0.989922	0	0	0	
8	2	1	241	47	1	200	0.4	0.498355	0	0	0	
8	2	1	251	48	1	200	0.6	0.541026	0	0	0	
8	2	1	148	49	2	0	0.95	0	150	100	141	
8	2	1	143	50	2	0	0.95	0	800	0	560	
8	2	1	130	51	2	0	0.9	0	75	50	65.5	
8	2	1	45	52	2	0	0.1	0	200	150	161	
8	2	1	162	53	1	300	0.99	0.982381	0	0	0	
8	2	1	153	54	1	400	0.9	0.952248	0	0	0	
8	2	1	177	55	1	300	0.1	0.0407635	0	0	0	
8	2	1	155	56	1	600	0.9	0.930355	0	0	0	
8	2	1	51	57	2	0	0.25	0	200	0	52	
8	2	1	158	58	2	0	0.99	0	800	0	656	
8	2	1	164	59	1	500	0.99	0.962527	0	0	0	
8	2	1	211	60	1	200	0.95	0.965791	0	0	0	
8	2	1	235	61	1	600	0.1	0.0242088	0	0	0	
8	2	1	29	62	1	500	0.5	0.5	0	0	0	
8	2	1	5	63	1	600	0.01	0.0162168	0	0	0	
8	2	1	157	64	1	300	0.95	0.966171	0	0	0	
8	2	1	108	65	1	400	0.99	0.982602	0	0	0	
8	2	1	39	66	1	500	0.75	0.592729	0	0	0	
8	2	1	13	67	2	0	0.01	0	150	100	105	
8	2	1	137	68	2	0	0.95	0	50	0	39	
8	2	1	30	69	1	600	0.5	0.495719	0	0	0	
8	2	1	38	70	2	0	0.1	0	800	0	144	
8	2	1	243	71	1	400	0.4	0.503812	0	0	0	
8	2	1	299	72	1	500	0.4	0.5	0	0	0	
8	2	1	324	73	1	500	0.95	0.914486	0	0	0	
8	2	1	266	74	1	200	0.95	0.973288	0	0	0	
8	2	1	261	75	1	200	0.9	0.971359	0	0	0	
8	2	1	128	76	2	0	0.9	0	800	0	656	
8	2	1	113	77	2	0	0.75	0	800	0	400	
8	2	1	281	78	1	200	0.05	0.0365663	0	0	0	
8	2	1	330	79	1	600	0.99	0.990793	0	0	0	
8	2	1	216	80	1	200	0.99	0.946715	0	0	0	
8	2	1	72	81	2	0	0.4	0	150	50	92	
8	2	1	247	82	1	300	0.5	0.5	0	0	0	
8	2	1	36	83	1	200	0.75	0.56391	0	0	0	
8	2	1	60	84	1	600	0.01	0.0124529	0	0	0	
8	2	1	66	85	2	0	0.4	0	200	0	84	
8	2	1	30	86	2	0	0.05	0	200	150	165	
8	2	1	14	87	2	0	0.01	0	200	100	122	
8	2	1	122	88	1	300	0.1	0.0665664	0	0	0	
8	2	1	131	89	1	200	0.4	0.489721	0	0	0	
8	2	1	46	90	1	200	0.95	0.842336	0	0	0	
8	2	1	301	91	1	200	0.5	0.5	0	0	0	
8	2	1	293	92	1	400	0.25	0.417709	0	0	0	
8	2	1	304	93	1	500	0.5	0.5	0	0	0	
8	2	1	320	94	1	600	0.9	0.64161	0	0	0	
8	2	1	74	95	1	500	0.25	0.419597	0	0	0	
8	2	1	236	96	1	200	0.25	0.505445	0	0	0	
8	2	1	36	97	2	0	0.1	0	200	0	20	
8	2	1	43	98	2	0	0.1	0	150	100	115	
8	2	1	134	99	2	0	0.9	0	200	100	178	
8	2	2	186	100	1	200	0.4	0.461238	0	0	0	
8	2	2	209	101	1	500	0.9	0.110711	0	0	0	
8	2	2	111	102	1	200	0.01	0.0374154	0	0	0	
8	2	2	145	103	2	0	0.95	0	75	50	69.5	
8	2	2	12	104	1	300	0.1	0.0603036	0	0	0	
8	2	2	10	105	1	600	0.05	0.0437534	0	0	0	
8	2	2	218	106	1	400	0.99	0.985778	0	0	0	
8	2	2	267	107	1	300	0.95	0.94442	0	0	0	
8	2	2	46	108	2	0	0.25	0	25	0	7.5	
8	2	2	149	109	1	500	0.75	0.642597	0	0	0	
8	2	2	88	110	1	400	0.6	0.499637	0	0	0	
8	2	2	63	111	2	0	0.4	0	75	0	25.5	
8	2	2	270	112	1	600	0.95	0.951665	0	0	0	
8	2	2	144	113	1	500	0.6	0.5	0	0	0	
8	2	2	133	114	1	400	0.4	0.44314	0	0	0	
8	2	2	249	115	1	500	0.5	0.5	0	0	0	
8	2	2	189	116	1	500	0.4	0.470429	0	0	0	
8	2	2	14	117	1	500	0.1	0.102533	0	0	0	
8	2	2	48	118	2	0	0.25	0	75	0	19.5	
8	2	2	122	119	2	0	0.9	0	50	0	39	
8	2	2	151	120	2	0	0.99	0	25	0	20.5	
8	2	2	181	121	1	200	0.25	0.41797	0	0	0	
8	2	2	150	122	1	600	0.75	0.557408	0	0	0	
8	2	2	159	123	2	0	0.99	0	50	25	44.5	
8	2	2	191	124	1	200	0.5	0.5	0	0	0	
8	2	2	172	125	1	300	0.05	0.047044	0	0	0	
8	2	2	242	126	1	300	0.4	0.456585	0	0	0	
8	2	2	55	127	2	0	0.25	0	75	50	57.5	
8	2	2	124	128	2	0	0.9	0	100	0	82	
8	2	2	54	129	1	500	0.99	0.974088	0	0	0	
8	2	2	40	130	1	600	0.75	0.581526	0	0	0	
8	2	2	31	131	1	200	0.6	0.498355	0	0	0	
8	2	2	213	132	1	400	0.95	0.96484	0	0	0	
8	2	2	45	133	1	600	0.9	0.949511	0	0	0	
8	2	2	103	134	1	400	0.95	0.977091	0	0	0	
8	2	2	29	135	2	0	0.05	0	200	100	118	
8	2	2	315	136	1	600	0.75	0.56046	0	0	0	
8	2	2	76	137	2	0	0.5	0	25	0	12.5	
8	2	2	274	138	1	500	0.99	0.982554	0	0	0	
8	2	2	195	139	1	600	0.5	0.5	0	0	0	
8	2	2	82	140	2	0	0.5	0	400	0	184	
8	2	2	317	141	1	300	0.9	0.947392	0	0	0	
8	2	2	11	142	2	0	0.01	0	100	50	55	
8	2	2	327	143	1	300	0.99	0.982793	0	0	0	
8	2	2	81	144	2	0	0.5	0	200	0	84	
8	2	2	66	145	1	200	0.1	0.0605469	0	0	0	
8	2	2	54	146	2	0	0.25	0	50	25	30.5	
8	2	2	19	147	1	500	0.25	0.408912	0	0	0	
8	2	2	89	148	2	0	0.5	0	200	100	142	
8	2	2	208	149	1	400	0.9	0.948219	0	0	0	
8	2	2	53	150	1	400	0.99	0.971833	0	0	0	
8	2	2	61	151	1	200	0.05	0.0195826	0	0	0	
8	2	2	108	152	2	0	0.75	0	75	0	37.5	
8	2	2	231	153	1	200	0.1	0.0611926	0	0	0	
8	2	2	215	154	1	600	0.95	0.967547	0	0	0	
8	2	2	263	155	1	400	0.9	0.96339	0	0	0	
8	2	2	73	156	2	0	0.4	0	150	100	121	
8	2	2	130	157	1	600	0.25	0.41329	0	0	0	
8	2	2	254	158	1	500	0.6	0.526502	0	0	0	
8	2	2	24	159	1	500	0.4	0.5	0	0	0	
8	2	2	255	160	1	600	0.6	0.570058	0	0	0	
8	2	2	33	161	2	0	0.1	0	75	0	16.5	
8	2	2	103	162	2	0	0.6	0	150	100	125	
8	2	2	170	163	1	600	0.01	0.00824682	0	0	0	
8	2	2	238	164	1	400	0.25	0.126589	0	0	0	
8	2	2	3	165	1	400	0.01	0.00937907	0	0	0	
8	2	2	40	166	2	0	0.1	0	75	50	57.5	
8	2	2	132	167	1	300	0.4	0.5	0	0	0	
8	2	2	159	168	1	500	0.95	0.964654	0	0	0	
8	2	2	140	169	2	0	0.95	0	150	0	111	
8	2	2	156	170	1	200	0.95	0.80982	0	0	0	
8	2	2	138	171	2	0	0.95	0	75	0	49.5	
8	2	2	57	172	2	0	0.25	0	150	50	72	
8	2	2	178	173	1	400	0.1	0.0667963	0	0	0	
8	2	2	90	174	2	0	0.5	0	200	150	173	
8	2	2	18	175	1	400	0.25	0.45724	0	0	0	
8	2	2	316	176	1	200	0.9	0.946127	0	0	0	
8	2	2	131	177	2	0	0.9	0	100	50	89	
8	2	2	183	178	1	400	0.25	0.335258	0	0	0	
8	2	2	35	179	1	600	0.6	0.565462	0	0	0	
8	2	2	223	180	1	400	0.01	0.0166679	0	0	0	
8	2	2	291	181	1	200	0.25	0.311879	0	0	0	
8	2	2	161	182	1	200	0.99	0.981766	0	0	0	
8	2	2	11	183	1	200	0.1	0.0903612	0	0	0	
8	2	2	106	184	1	200	0.99	0.959838	0	0	0	
8	2	2	163	185	2	0	0.99	0	150	100	141	
8	2	2	329	186	1	500	0.99	0.959188	0	0	0	
8	2	2	145	187	1	600	0.6	0.58334	0	0	0	
8	2	2	256	188	1	200	0.75	0.663658	0	0	0	
8	2	2	55	189	1	600	0.99	0.975437	0	0	0	
8	2	2	39	190	2	0	0.1	0	50	25	32.5	
8	2	2	113	191	1	400	0.01	0.0165043	0	0	0	
8	2	2	164	192	2	0	0.99	0	200	100	182	
8	2	2	71	193	1	200	0.25	0.42111	0	0	0	
8	2	2	153	194	2	0	0.99	0	75	0	52.5	
8	2	2	47	195	2	0	0.25	0	50	0	21	
8	2	2	92	196	2	0	0.6	0	50	0	25	
8	2	2	106	197	2	0	0.75	0	25	0	14.5	
8	2	2	265	198	1	600	0.9	0.932527	0	0	0	
8	2	3	91	199	1	200	0.75	0.602247	0	0	0	
8	2	3	285	200	1	600	0.05	0.928215	0	0	0	
8	2	3	32	201	1	300	0.6	0.549208	0	0	0	
8	2	3	77	202	1	300	0.4	0.5	0	0	0	
8	2	3	124	203	1	500	0.1	0.0849654	0	0	0	
8	2	3	64	204	1	500	0.05	0.057243	0	0	0	
8	2	3	52	205	2	0	0.25	0	400	0	104	
8	2	3	121	206	2	0	0.9	0	25	0	15.5	
8	2	3	22	207	2	0	0.05	0	400	0	40	
8	2	3	144	208	2	0	0.95	0	50	25	42.5	
8	2	3	65	209	1	600	0.05	0.173325	0	0	0	
8	2	3	138	210	1	400	0.5	0.545993	0	0	0	
8	2	3	143	211	1	400	0.6	0.551929	0	0	0	
8	2	3	229	212	1	500	0.05	0.0479462	0	0	0	
8	2	3	116	213	2	0	0.75	0	100	50	81	
8	2	3	97	214	2	0	0.6	0	400	0	168	
8	2	3	277	215	1	300	0.01	0.0119576	0	0	0	
8	2	3	253	216	1	400	0.6	0.625498	0	0	0	
8	2	3	219	217	1	500	0.99	0.982934	0	0	0	
8	2	3	20	218	1	600	0.25	0.459615	0	0	0	
8	2	3	201	219	1	200	0.75	0.581177	0	0	0	
8	2	3	13	220	1	400	0.1	0.24003	0	0	0	
8	2	3	289	221	1	500	0.1	0.259327	0	0	0	
8	2	3	257	222	1	300	0.75	0.588687	0	0	0	
8	2	3	99	223	2	0	0.6	0	50	25	37.5	
8	2	3	167	224	1	300	0.01	0.0201664	0	0	0	
8	2	3	294	225	1	500	0.25	0.425289	0	0	0	
8	2	3	184	226	1	500	0.25	0.41747	0	0	0	
8	2	3	226	227	1	200	0.05	0.0276763	0	0	0	
8	2	3	224	228	1	500	0.01	0.0213473	0	0	0	
8	2	3	175	229	1	600	0.05	0.0243061	0	0	0	
8	2	3	212	230	1	300	0.95	0.974637	0	0	0	
8	2	3	157	231	2	0	0.99	0	400	0	296	
8	2	3	155	232	2	0	0.99	0	150	0	141	
8	2	3	12	233	2	0	0.01	0	150	50	60	
8	2	3	58	234	2	0	0.25	0	150	100	119	
8	2	3	123	235	1	400	0.1	0.083612	0	0	0	
8	2	3	50	236	1	600	0.95	0.948485	0	0	0	
8	2	3	71	237	2	0	0.4	0	100	50	71	
8	2	3	252	238	1	300	0.6	0.5	0	0	0	
8	2	3	42	239	2	0	0.1	0	150	50	60	
8	2	3	136	240	1	200	0.5	0.5	0	0	0	
8	2	3	118	241	2	0	0.75	0	150	100	119	
8	2	3	146	242	2	0	0.95	0	100	50	91	
8	2	3	174	243	1	500	0.05	0.0451377	0	0	0	
8	2	3	115	244	2	0	0.75	0	75	50	65.5	
8	2	3	69	245	1	500	0.1	0.0905735	0	0	0	
8	2	3	83	246	1	400	0.5	0.5	0	0	0	
8	2	3	27	247	1	300	0.5	0.5	0	0	0	
8	2	3	117	248	2	0	0.75	0	150	50	108	
8	2	3	62	249	1	300	0.05	0.0345362	0	0	0	
8	2	3	290	250	1	600	0.1	0.0657393	0	0	0	
8	2	3	67	251	1	300	0.1	0.0470086	0	0	0	
8	2	3	245	252	1	600	0.4	0.446904	0	0	0	
8	2	3	244	253	1	500	0.4	0.5	0	0	0	
8	2	3	114	254	1	500	0.01	0.0140894	0	0	0	
8	2	3	25	255	2	0	0.05	0	75	50	55.5	
8	2	3	25	256	1	600	0.4	0.500712	0	0	0	
8	2	3	284	257	1	500	0.05	0.0340673	0	0	0	
8	2	3	323	258	1	400	0.95	0.966388	0	0	0	
8	2	3	283	259	1	400	0.05	0.033572	0	0	0	
8	2	3	85	260	2	0	0.5	0	75	50	62.5	
8	2	3	230	261	1	600	0.05	0.0341779	0	0	0	
8	2	3	205	262	1	600	0.75	0.666321	0	0	0	
8	2	3	112	263	1	300	0.01	0.0129837	0	0	0	
8	2	3	160	264	1	600	0.95	0.95837	0	0	0	
8	2	3	47	265	1	300	0.95	0.94047	0	0	0	
8	2	3	99	266	1	500	0.9	0.94427	0	0	0	
8	2	3	298	267	1	400	0.4	0.5	0	0	0	
8	2	3	104	268	2	0	0.6	0	200	100	150	
8	2	3	70	269	1	600	0.1	0.0474995	0	0	0	
8	2	3	4	270	2	0	0.01	0	100	0	10	
8	2	3	44	271	1	500	0.9	0.917489	0	0	0	
8	2	3	95	272	1	600	0.75	0.604193	0	0	0	
8	2	3	115	273	1	600	0.01	0.0327803	0	0	0	
8	2	3	185	274	1	600	0.25	0.390499	0	0	0	
8	2	3	139	275	2	0	0.95	0	100	0	70	
8	2	3	217	276	1	300	0.99	0.968423	0	0	0	
8	2	3	19	277	2	0	0.05	0	100	0	10	
8	2	3	50	278	2	0	0.25	0	150	0	45	
8	2	3	1	279	2	0	0.01	0	25	0	4.5	
8	2	3	319	280	1	500	0.9	0.8338	0	0	0	
8	2	3	206	281	1	200	0.9	0.876627	0	0	0	
8	2	3	105	282	2	0	0.6	0	200	150	179	
8	2	3	41	283	1	200	0.9	0.883752	0	0	0	
8	2	3	269	284	1	500	0.95	0.924606	0	0	0	
8	2	3	91	285	2	0	0.6	0	25	0	12.5	
8	2	3	134	286	1	500	0.4	0.5	0	0	0	
8	2	3	133	287	2	0	0.9	0	150	100	139	
8	2	3	111	288	2	0	0.75	0	200	0	116	
8	2	3	18	289	2	0	0.05	0	75	0	13.5	
8	2	3	80	290	1	600	0.4	0.5	0	0	0	
8	2	3	120	291	1	600	0.05	0.0625504	0	0	0	
8	2	3	96	292	2	0	0.6	0	200	0	100	
8	2	3	86	293	2	0	0.5	0	100	50	75	
8	2	3	313	294	1	400	0.75	0.618674	0	0	0	
8	2	3	127	295	2	0	0.9	0	400	0	296	
8	2	3	202	296	1	300	0.75	0.582654	0	0	0	
8	2	3	102	297	1	300	0.95	0.939944	0	0	0	
8	2	4	221	298	1	200	0.01	0.037066	0	0	0	
8	2	4	140	299	1	600	0.5	0.5	0	0	0	
8	2	4	104	300	1	500	0.95	0.939573	0	0	0	
8	2	4	147	301	2	0	0.95	0	150	50	128	
8	2	4	292	302	1	300	0.25	0.38682	0	0	0	
8	2	4	309	303	1	500	0.6	0.536369	0	0	0	
8	2	4	154	304	1	500	0.9	0.800182	0	0	0	
8	2	4	271	305	1	200	0.99	0.944	0	0	0	
8	2	4	59	306	2	0	0.25	0	200	100	122	
8	2	4	171	307	1	200	0.05	0.0364822	0	0	0	
8	2	4	154	308	2	0	0.99	0	100	0	90	
8	2	4	194	309	1	500	0.5	0.553083	0	0	0	
8	2	4	162	310	2	0	0.99	0	150	50	132	
8	2	4	220	311	1	600	0.99	0.956844	0	0	0	
8	2	4	190	312	1	600	0.4	0.5	0	0	0	
8	2	4	234	313	1	500	0.1	0.102015	0	0	0	
8	2	4	6	314	2	0	0.01	0	200	0	4	
8	2	4	168	315	1	400	0.01	0.0495561	0	0	0	
8	2	4	56	316	2	0	0.25	0	100	50	65	
8	2	4	72	317	1	300	0.25	0.397426	0	0	0	
8	2	4	26	318	1	200	0.5	0.5	0	0	0	
8	2	4	16	319	2	0	0.05	0	25	0	7.5	
8	2	4	300	320	1	600	0.4	0.5	0	0	0	
8	2	4	48	321	1	400	0.95	0.943779	0	0	0	
8	2	4	198	322	1	400	0.6	0.5	0	0	0	
8	2	4	118	323	1	400	0.05	0.0474818	0	0	0	
8	2	4	64	324	2	0	0.4	0	100	0	42	
8	2	4	63	325	1	400	0.05	0.0640409	0	0	0	
8	2	4	77	326	2	0	0.5	0	50	0	25	
8	2	4	83	327	2	0	0.5	0	800	0	272	
8	2	4	59	328	1	500	0.01	0.034231	0	0	0	
8	2	4	9	329	2	0	0.01	0	50	25	30.5	
8	2	4	166	330	1	200	0.01	0.0238816	0	0	0	
8	2	4	22	331	1	300	0.4	0.5	0	0	0	
8	2	4	132	332	2	0	0.9	0	150	50	112	
8	2	4	146	333	1	200	0.75	0.564812	0	0	0	
8	2	4	152	334	1	300	0.9	0.830205	0	0	0	
8	2	4	288	335	1	400	0.1	0.0971989	0	0	0	
8	2	4	199	336	1	500	0.6	0.5	0	0	0	
8	2	4	89	337	1	500	0.6	0.5	0	0	0	
8	2	4	227	338	1	300	0.05	0.0543593	0	0	0	
8	2	4	1	339	1	200	0.01	0.0331607	0	0	0	
8	2	4	8	340	1	400	0.05	0.0474685	0	0	0	
8	2	4	76	341	1	200	0.4	0.453538	0	0	0	
8	2	4	123	342	2	0	0.9	0	75	0	55.5	
8	2	4	28	343	2	0	0.05	0	150	100	109	
8	2	4	151	344	1	200	0.9	0.877432	0	0	0	
8	2	4	109	345	1	500	0.99	0.96879	0	0	0	
8	2	4	101	346	2	0	0.6	0	100	50	79	
8	2	4	204	347	1	500	0.75	0.588443	0	0	0	
8	2	4	129	348	1	500	0.25	0.43038	0	0	0	
8	2	4	56	349	1	200	0.01	0.0333597	0	0	0	
8	2	4	173	350	1	400	0.05	0.0523646	0	0	0	
8	2	4	102	351	2	0	0.6	0	150	50	100	
8	2	4	10	352	2	0	0.01	0	75	50	54.5	
8	2	4	81	353	1	200	0.5	0.498912	0	0	0	
8	2	4	98	354	1	400	0.9	0.828546	0	0	0	
8	2	4	303	355	1	400	0.5	0.5	0	0	0	
8	2	4	119	356	1	500	0.05	0.0578976	0	0	0	
8	2	4	148	357	1	400	0.75	0.598806	0	0	0	
8	2	4	75	358	2	0	0.4	0	200	150	169	
8	2	4	214	359	1	500	0.95	0.936764	0	0	0	
8	2	4	188	360	1	400	0.4	0.472216	0	0	0	
8	2	4	282	361	1	300	0.05	0.0864426	0	0	0	
8	2	4	322	362	1	300	0.95	0.939542	0	0	0	
8	2	4	28	363	1	400	0.5	0.5	0	0	0	
8	2	4	41	364	2	0	0.1	0	100	50	55	
8	2	4	3	365	2	0	0.01	0	75	0	10.5	
8	2	4	279	366	1	500	0.01	0.0213252	0	0	0	
8	2	4	312	367	1	300	0.75	0.641035	0	0	0	
8	2	4	34	368	2	0	0.1	0	100	0	10	
8	2	4	100	369	1	600	0.9	0.892943	0	0	0	
8	2	4	65	370	2	0	0.4	0	150	0	63	
8	2	4	192	371	1	300	0.5	0.5	0	0	0	
8	2	4	87	372	1	300	0.6	0.5	0	0	0	
8	2	4	95	373	2	0	0.6	0	150	0	81	
8	2	4	80	374	2	0	0.5	0	150	0	69	
8	2	4	73	375	1	400	0.25	0.0480922	0	0	0	
8	2	4	141	376	2	0	0.95	0	200	0	172	
8	2	4	17	377	2	0	0.05	0	50	0	5	
8	2	4	78	378	1	400	0.4	0.5	0	0	0	
8	2	4	248	379	1	400	0.5	0.5	0	0	0	
8	2	4	196	380	1	200	0.6	0.5	0	0	0	
8	2	4	297	381	1	300	0.4	0.5	0	0	0	
8	2	4	239	382	1	500	0.25	0.42306	0	0	0	
8	2	4	107	383	1	300	0.99	0.982669	0	0	0	
8	2	4	142	384	2	0	0.95	0	400	0	280	
8	2	4	307	385	1	300	0.6	0.597563	0	0	0	
8	2	4	94	386	2	0	0.6	0	100	0	50	
8	2	4	295	387	1	600	0.25	0.5	0	0	0	
8	2	4	93	388	1	400	0.75	0.649315	0	0	0	
8	2	4	32	389	2	0	0.1	0	50	0	11	
8	2	4	93	390	2	0	0.6	0	75	0	40.5	
8	2	4	23	391	2	0	0.05	0	800	0	48	
8	2	4	152	392	2	0	0.99	0	50	0	39	
8	2	4	137	393	1	300	0.5	0.5	0	0	0	
8	2	4	203	394	1	400	0.75	0.665724	0	0	0	
8	2	4	160	395	2	0	0.99	0	75	50	67.5	
8	2	4	68	396	1	400	0.1	0.0505424	0	0	0	
8	2	5	225	397	1	600	0.01	0.027066	0	0	0	
8	2	5	21	398	1	200	0.4	0.5	0	0	0	
8	2	5	232	399	1	300	0.1	0.348942	0	0	0	
8	2	5	62	400	2	0	0.4	0	50	0	21	
8	2	5	161	401	2	0	0.99	0	100	50	95	
8	2	5	7	402	2	0	0.01	0	400	0	24	
8	2	5	125	403	1	600	0.1	0.0468051	0	0	0	
8	2	5	228	404	1	400	0.05	0.0326918	0	0	0	
8	2	5	179	405	1	500	0.1	0.0685257	0	0	0	
8	2	5	176	406	1	200	0.1	0.0623647	0	0	0	
8	2	5	260	407	1	600	0.75	0.599226	0	0	0	
8	2	5	119	408	2	0	0.75	0	200	100	154	
8	2	5	321	409	1	200	0.95	0.946972	0	0	0	
8	2	5	97	410	1	300	0.9	0.942885	0	0	0	
8	2	5	100	411	2	0	0.6	0	75	50	64.5	
8	2	5	101	412	1	200	0.95	0.945234	0	0	0	
8	2	5	90	413	1	600	0.6	0.53697	0	0	0	
8	2	5	128	414	1	400	0.25	0.5	0	0	0	
8	2	5	53	415	2	0	0.25	0	800	0	176	
8	2	5	58	416	1	400	0.01	0.0217276	0	0	0	
8	2	5	276	417	1	200	0.01	0.0535101	0	0	0	
8	2	5	250	418	1	600	0.5	0.534547	0	0	0	
8	2	5	165	419	2	0	0.99	0	200	150	189	
8	2	5	21	420	2	0	0.05	0	200	0	12	
8	2	5	197	421	1	300	0.6	0.586931	0	0	0	
8	2	5	325	422	1	600	0.95	0.937971	0	0	0	
8	2	5	74	423	2	0	0.4	0	200	100	142	
8	2	5	259	424	1	500	0.75	0.594936	0	0	0	
8	2	5	150	425	2	0	0.95	0	200	150	185	
8	2	5	82	426	1	300	0.5	0.5	0	0	0	
8	2	5	264	427	1	500	0.9	0.897724	0	0	0	
8	2	5	139	428	1	500	0.5	0.5	0	0	0	
8	2	5	149	429	2	0	0.95	0	200	100	186	
8	2	5	302	430	1	300	0.5	0.5	0	0	0	
8	2	5	268	431	1	400	0.95	0.955106	0	0	0	
8	2	5	126	432	1	200	0.25	0.5	0	0	0	
8	2	5	8	433	2	0	0.01	0	800	0	16	
8	2	5	70	434	2	0	0.4	0	75	50	59.5	
8	2	5	273	435	1	400	0.99	0.984035	0	0	0	
8	2	5	6	436	1	200	0.05	0.0280567	0	0	0	
8	2	5	305	437	1	600	0.5	0.5	0	0	0	
8	2	5	34	438	1	500	0.6	0.52996	0	0	0	
8	2	5	147	439	1	300	0.75	0.578713	0	0	0	
8	2	5	237	440	1	300	0.25	0.402667	0	0	0	
8	2	5	193	441	1	400	0.5	0.515847	0	0	0	
8	2	5	187	442	1	300	0.4	0.5	0	0	0	
8	2	5	126	443	2	0	0.9	0	200	0	156	
8	2	5	136	444	2	0	0.95	0	25	0	20.5	
8	2	5	110	445	2	0	0.75	0	150	0	93	
8	2	5	207	446	1	300	0.9	0.941488	0	0	0	
8	2	5	287	447	1	300	0.1	0.0695164	0	0	0	
8	2	5	37	448	2	0	0.1	0	400	0	40	
8	2	5	42	449	1	300	0.9	0.919387	0	0	0	
8	2	5	26	450	2	0	0.05	0	100	50	61	
8	2	5	79	451	2	0	0.5	0	100	0	46	
8	2	5	60	452	2	0	0.25	0	200	150	165	
8	2	5	96	453	1	200	0.9	0.908604	0	0	0	
8	2	5	17	454	1	300	0.25	0.344338	0	0	0	
8	2	5	318	455	1	400	0.9	0.832367	0	0	0	
8	2	5	117	456	1	300	0.05	0.10167	0	0	0	
8	2	5	310	457	1	600	0.6	0.618196	0	0	0	
8	2	5	86	458	1	200	0.6	0.541517	0	0	0	
8	2	5	110	459	1	600	0.99	0.976087	0	0	0	
8	2	5	87	460	2	0	0.5	0	150	50	96	
8	2	5	44	461	2	0	0.1	0	200	100	118	
8	2	5	314	462	1	500	0.75	0.586688	0	0	0	
8	2	5	246	463	1	200	0.5	0.5	0	0	0	
8	2	5	94	464	1	500	0.75	0.677289	0	0	0	
8	2	5	49	465	2	0	0.25	0	100	0	30	
8	2	5	84	466	1	500	0.5	0.5	0	0	0	
8	2	5	51	467	1	200	0.99	0.984513	0	0	0	
8	2	5	105	468	1	600	0.95	0.984942	0	0	0	
8	2	5	68	469	2	0	0.4	0	800	0	208	
8	2	5	31	470	2	0	0.1	0	25	0	9.5	
8	2	5	280	471	1	600	0.01	0.0122981	0	0	0	
8	2	5	107	472	2	0	0.75	0	50	0	31	
8	2	5	180	473	1	600	0.1	0.0621479	0	0	0	
8	2	5	210	474	1	600	0.9	0.906795	0	0	0	
8	2	5	23	475	1	400	0.4	0.499721	0	0	0	
8	2	5	262	476	1	300	0.9	0.948361	0	0	0	
8	2	5	9	477	1	500	0.05	0.0237621	0	0	0	
8	2	5	33	478	1	400	0.6	0.5	0	0	0	
8	2	5	272	479	1	300	0.99	0.976344	0	0	0	
8	2	5	37	480	1	300	0.75	0.646706	0	0	0	
8	2	5	84	481	2	0	0.5	0	50	25	35.5	
8	2	5	233	482	1	400	0.1	0.0450006	0	0	0	
8	2	5	75	483	1	600	0.25	0.436192	0	0	0	
8	2	5	306	484	1	200	0.6	0.498912	0	0	0	
8	2	5	112	485	2	0	0.75	0	400	0	200	
8	2	5	15	486	2	0	0.01	0	200	150	159	
8	2	5	2	487	2	0	0.01	0	50	0	5	
8	2	5	67	488	2	0	0.4	0	400	0	120	
8	2	5	88	489	2	0	0.5	0	150	100	125	
8	2	5	121	490	1	200	0.1	0.0692068	0	0	0	
8	2	5	286	491	1	200	0.1	0.0510201	0	0	0	
8	2	5	278	492	1	400	0.01	0.0166369	0	0	0	
8	2	5	109	493	2	0	0.75	0	100	0	70	
8	2	5	308	494	1	400	0.6	0.55119	0	0	0	
8	2	5	127	495	1	300	0.25	0.5	0	0	0	
