Subject#	Session#	Block#	Stim#	Trial#	Task	Numerosity	P_true	P_reported	x1	x2	CE	
27	1	1	150	1	1	600	0.75	0.602964	0	0	0	
27	1	1	133	2	2	0	0.9	0	150	100	139	
27	1	1	193	3	1	400	0.5	0.485139	0	0	0	
27	1	1	132	4	2	0	0.9	0	150	50	140	
27	1	1	309	5	1	500	0.6	0.496816	0	0	0	
27	1	1	102	6	2	0	0.6	0	150	50	108	
27	1	1	31	7	1	200	0.6	0.498939	0	0	0	
27	1	1	157	8	1	300	0.95	0.90124	0	0	0	
27	1	1	98	9	1	400	0.9	0.899117	0	0	0	
27	1	1	120	10	1	600	0.05	0.0785921	0	0	0	
27	1	1	14	11	1	500	0.1	0.103006	0	0	0	
27	1	1	52	12	1	300	0.99	0.973421	0	0	0	
27	1	1	43	13	2	0	0.1	0	150	100	109	
27	1	1	151	14	2	0	0.99	0	25	0	22.5	
27	1	1	42	15	1	300	0.9	0.861965	0	0	0	
27	1	1	234	16	1	500	0.1	0.201724	0	0	0	
27	1	1	92	17	1	300	0.75	0.595533	0	0	0	
27	1	1	50	18	2	0	0.25	0	150	0	39	
27	1	1	47	19	2	0	0.25	0	50	0	23	
27	1	1	108	20	1	400	0.99	0.980851	0	0	0	
27	1	1	20	21	2	0	0.05	0	150	0	39	
27	1	1	187	22	1	300	0.4	0.398098	0	0	0	
27	1	1	153	23	2	0	0.99	0	75	0	67.5	
27	1	1	14	24	2	0	0.01	0	200	100	106	
27	1	1	156	25	1	200	0.95	0.821629	0	0	0	
27	1	1	5	26	2	0	0.01	0	150	0	3	
27	1	1	82	27	2	0	0.5	0	400	0	104	
27	1	1	312	28	1	300	0.75	0.657099	0	0	0	
27	1	1	31	29	2	0	0.1	0	25	0	6.5	
27	1	1	87	30	2	0	0.5	0	150	50	80	
27	1	1	158	31	1	400	0.95	0.898055	0	0	0	
27	1	1	325	32	1	600	0.95	0.878949	0	0	0	
27	1	1	124	33	2	0	0.9	0	100	0	78	
27	1	1	155	34	1	600	0.9	0.861965	0	0	0	
27	1	1	103	35	2	0	0.6	0	150	100	133	
27	1	1	70	36	1	600	0.1	0.158203	0	0	0	
27	1	1	1	37	1	200	0.01	0.0478091	0	0	0	
27	1	1	270	38	1	600	0.95	0.899117	0	0	0	
27	1	1	55	39	2	0	0.25	0	75	50	57.5	
27	1	1	231	40	1	200	0.1	0.201724	0	0	0	
27	1	1	121	41	2	0	0.9	0	25	0	17.5	
27	1	1	91	42	1	200	0.75	0.598718	0	0	0	
27	1	1	136	43	1	200	0.5	0.498939	0	0	0	
27	1	1	146	44	1	200	0.75	0.601902	0	0	0	
27	1	1	37	45	2	0	0.1	0	400	0	104	
27	1	1	284	46	1	500	0.05	0.100883	0	0	0	
27	1	1	30	47	1	600	0.5	0.496816	0	0	0	
27	1	1	233	48	1	400	0.1	0.233568	0	0	0	
27	1	1	23	49	2	0	0.05	0	800	0	48	
27	1	1	184	50	1	500	0.25	0.300442	0	0	0	
27	1	1	285	51	1	600	0.05	0.101945	0	0	0	
27	1	1	160	52	1	600	0.95	0.871518	0	0	0	
27	1	1	19	53	2	0	0.05	0	100	0	26	
27	1	1	106	54	1	200	0.99	0.962806	0	0	0	
27	1	1	71	55	1	200	0.25	0.382176	0	0	0	
27	1	1	160	56	2	0	0.99	0	75	50	66.5	
27	1	1	264	57	1	500	0.9	0.762186	0	0	0	
27	1	1	209	58	1	500	0.9	0.802522	0	0	0	
27	1	1	81	59	2	0	0.5	0	200	0	108	
27	1	1	238	60	1	400	0.25	0.362007	0	0	0	
27	1	1	22	61	1	300	0.4	0.474524	0	0	0	
27	1	1	211	62	1	200	0.95	0.887441	0	0	0	
27	1	1	136	63	2	0	0.95	0	25	0	18.5	
27	1	1	10	64	2	0	0.01	0	75	50	52.5	
27	1	1	138	65	1	400	0.5	0.495754	0	0	0	
27	1	1	277	66	1	300	0.01	0.0180876	0	0	0	
27	1	1	72	67	1	300	0.25	0.29938	0	0	0	
27	1	1	133	68	1	400	0.4	0.494693	0	0	0	
27	1	1	100	69	1	600	0.9	0.902301	0	0	0	
27	1	1	51	70	1	200	0.99	0.988281	0	0	0	
27	1	1	129	71	2	0	0.9	0	50	25	42.5	
27	1	1	38	72	1	400	0.75	0.694251	0	0	0	
27	1	1	42	73	2	0	0.1	0	150	50	76	
27	1	1	175	74	1	600	0.05	0.0509935	0	0	0	
27	1	1	199	75	1	500	0.6	0.501061	0	0	0	
27	1	1	256	76	1	200	0.75	0.698497	0	0	0	
27	1	1	57	77	2	0	0.25	0	150	50	72	
27	1	1	46	78	1	200	0.95	0.919285	0	0	0	
27	1	1	101	79	2	0	0.6	0	100	50	77	
27	1	1	281	80	1	200	0.05	0.0860224	0	0	0	
27	1	1	122	81	1	300	0.1	0.121051	0	0	0	
27	1	1	222	82	1	300	0.01	0.0180876	0	0	0	
27	1	1	18	83	2	0	0.05	0	75	0	16.5	
27	1	1	95	84	1	600	0.75	0.601902	0	0	0	
27	1	1	119	85	1	500	0.05	0.0785921	0	0	0	
27	1	1	110	86	1	600	0.99	0.955375	0	0	0	
27	1	1	273	87	1	400	0.99	0.963867	0	0	0	
27	1	1	303	88	1	400	0.5	0.501061	0	0	0	
27	1	1	25	89	1	600	0.4	0.486201	0	0	0	
27	1	1	59	90	2	0	0.25	0	200	100	122	
27	1	1	49	91	1	500	0.95	0.9299	0	0	0	
27	1	1	154	92	2	0	0.99	0	100	0	90	
27	1	1	268	93	1	400	0.95	0.898055	0	0	0	
27	1	1	73	94	1	400	0.25	0.350331	0	0	0	
27	1	1	115	95	2	0	0.75	0	75	50	61.5	
27	1	1	167	96	1	300	0.01	0.0605469	0	0	0	
27	1	1	229	97	1	500	0.05	0.0998217	0	0	0	
27	1	1	306	98	1	200	0.6	0.648607	0	0	0	
27	1	1	202	99	1	300	0.75	0.703804	0	0	0	
27	1	2	328	100	1	400	0.99	0.950068	0	0	0	
27	1	2	296	101	1	200	0.4	0.445864	0	0	0	
27	1	2	35	102	2	0	0.1	0	150	0	39	
27	1	2	110	103	2	0	0.75	0	150	0	63	
27	1	2	13	104	2	0	0.01	0	150	100	121	
27	1	2	262	105	1	300	0.9	0.854535	0	0	0	
27	1	2	102	106	1	300	0.95	0.899117	0	0	0	
27	1	2	165	107	2	0	0.99	0	200	150	187	
27	1	2	223	108	1	400	0.01	0.0446247	0	0	0	
27	1	2	232	109	1	300	0.1	0.150773	0	0	0	
27	1	2	314	110	1	500	0.75	0.670898	0	0	0	
27	1	2	300	111	1	600	0.4	0.5	0	0	0	
27	1	2	159	112	1	500	0.95	0.802522	0	0	0	
27	1	2	316	113	1	200	0.9	0.764309	0	0	0	
27	1	2	29	114	2	0	0.05	0	200	100	106	
27	1	2	283	115	1	400	0.05	0.0987602	0	0	0	
27	1	2	200	116	1	600	0.6	0.55732	0	0	0	
27	1	2	106	117	2	0	0.75	0	25	0	13.5	
27	1	2	22	118	2	0	0.05	0	400	0	88	
27	1	2	304	119	1	500	0.5	0.537152	0	0	0	
27	1	2	144	120	2	0	0.95	0	50	25	43.5	
27	1	2	280	121	1	600	0.01	0.0340099	0	0	0	
27	1	2	1	122	2	0	0.01	0	25	0	5.5	
27	1	2	195	123	1	600	0.5	0.496816	0	0	0	
27	1	2	124	124	1	500	0.1	0.243122	0	0	0	
27	1	2	330	125	1	600	0.99	0.944761	0	0	0	
27	1	2	61	126	2	0	0.4	0	25	0	11.5	
27	1	2	158	127	2	0	0.99	0	800	0	592	
27	1	2	259	128	1	500	0.75	0.70062	0	0	0	
27	1	2	33	129	1	400	0.6	0.5	0	0	0	
27	1	2	274	130	1	500	0.99	0.947945	0	0	0	
27	1	2	36	131	2	0	0.1	0	200	0	20	
27	1	2	17	132	2	0	0.05	0	50	0	13	
27	1	2	9	133	1	500	0.05	0.0987602	0	0	0	
27	1	2	272	134	1	300	0.99	0.976605	0	0	0	
27	1	2	318	135	1	400	0.9	0.899117	0	0	0	
27	1	2	21	136	2	0	0.05	0	200	0	52	
27	1	2	152	137	2	0	0.99	0	50	0	39	
27	1	2	321	138	1	200	0.95	0.90124	0	0	0	
27	1	2	196	139	1	200	0.6	0.558381	0	0	0	
27	1	2	43	140	1	400	0.9	0.799338	0	0	0	
27	1	2	134	141	1	500	0.4	0.501061	0	0	0	
27	1	2	127	142	1	300	0.25	0.402344	0	0	0	
27	1	2	119	143	2	0	0.75	0	200	100	150	
27	1	2	24	144	2	0	0.05	0	50	25	31.5	
27	1	2	148	145	2	0	0.95	0	150	100	137	
27	1	2	68	146	2	0	0.4	0	800	0	368	
27	1	2	97	147	1	300	0.9	0.798276	0	0	0	
27	1	2	91	148	2	0	0.6	0	25	0	16.5	
27	1	2	7	149	1	300	0.05	0.101945	0	0	0	
27	1	2	254	150	1	500	0.6	0.529721	0	0	0	
27	1	2	155	151	2	0	0.99	0	150	0	141	
27	1	2	204	152	1	500	0.75	0.497877	0	0	0	
27	1	2	215	153	1	600	0.95	0.854535	0	0	0	
27	1	2	8	154	1	400	0.05	0.0976987	0	0	0	
27	1	2	159	155	2	0	0.99	0	50	25	44.5	
27	1	2	137	156	1	300	0.5	0.497877	0	0	0	
27	1	2	271	157	1	200	0.99	0.981912	0	0	0	
27	1	2	251	158	1	200	0.6	0.601902	0	0	0	
27	1	2	217	159	1	300	0.99	0.980851	0	0	0	
27	1	2	180	160	1	600	0.1	0.153957	0	0	0	
27	1	2	327	161	1	300	0.99	0.982974	0	0	0	
27	1	2	48	162	1	400	0.95	0.916101	0	0	0	
27	1	2	166	163	1	200	0.01	0.0425017	0	0	0	
27	1	2	100	164	2	0	0.6	0	75	50	61.5	
27	1	2	58	165	1	400	0.01	0.0403787	0	0	0	
27	1	2	151	166	1	200	0.9	0.84392	0	0	0	
27	1	2	76	167	1	200	0.4	0.5	0	0	0	
27	1	2	247	168	1	300	0.5	0.5	0	0	0	
27	1	2	179	169	1	500	0.1	0.200662	0	0	0	
27	1	2	62	170	1	300	0.05	0.082838	0	0	0	
27	1	2	29	171	1	500	0.5	0.501061	0	0	0	
27	1	2	212	172	1	300	0.95	0.905486	0	0	0	
27	1	2	66	173	2	0	0.4	0	200	0	84	
27	1	2	51	174	2	0	0.25	0	200	0	52	
27	1	2	131	175	2	0	0.9	0	100	50	87	
27	1	2	186	176	1	200	0.4	0.45011	0	0	0	
27	1	2	104	177	1	500	0.95	0.902301	0	0	0	
27	1	2	44	178	1	500	0.9	0.912916	0	0	0	
27	1	2	248	179	1	400	0.5	0.468156	0	0	0	
27	1	2	6	180	1	200	0.05	0.0785921	0	0	0	
27	1	2	109	181	2	0	0.75	0	100	0	74	
27	1	2	130	182	2	0	0.9	0	75	50	68.5	
27	1	2	220	183	1	600	0.99	0.975543	0	0	0	
27	1	2	162	184	2	0	0.99	0	150	50	144	
27	1	2	77	185	1	300	0.4	0.485139	0	0	0	
27	1	2	111	186	1	200	0.01	0.0223336	0	0	0	
27	1	2	81	187	1	200	0.5	0.54989	0	0	0	
27	1	2	174	188	1	500	0.05	0.0849609	0	0	0	
27	1	2	38	189	2	0	0.1	0	800	0	48	
27	1	2	99	190	1	500	0.9	0.803584	0	0	0	
27	1	2	107	191	1	300	0.99	0.952191	0	0	0	
27	1	2	60	192	1	600	0.01	0.0456861	0	0	0	
27	1	2	236	193	1	200	0.25	0.46391	0	0	0	
27	1	2	4	194	2	0	0.01	0	100	0	6	
27	1	2	213	195	1	400	0.95	0.890625	0	0	0	
27	1	2	135	196	2	0	0.9	0	200	150	187	
27	1	2	293	197	1	400	0.25	0.44268	0	0	0	
27	1	2	53	198	2	0	0.25	0	800	0	176	
27	1	3	255	199	1	600	0.6	0.600841	0	0	0	
27	1	3	49	200	2	0	0.25	0	100	0	26	
27	1	3	65	201	2	0	0.4	0	150	0	69	
27	1	3	132	202	1	300	0.4	0.40659	0	0	0	
27	1	3	90	203	1	600	0.6	0.56475	0	0	0	
27	1	3	267	204	1	300	0.95	0.895932	0	0	0	
27	1	3	131	205	1	200	0.4	0.5	0	0	0	
27	1	3	279	206	1	500	0.01	0.056301	0	0	0	
27	1	3	139	207	2	0	0.95	0	100	0	98	
27	1	3	130	208	1	600	0.25	0.397036	0	0	0	
27	1	3	140	209	2	0	0.95	0	150	0	147	
27	1	3	103	210	1	400	0.95	0.898055	0	0	0	
27	1	3	205	211	1	600	0.75	0.598718	0	0	0	
27	1	3	75	212	2	0	0.4	0	200	150	183	
27	1	3	117	213	1	300	0.05	0.0987602	0	0	0	
27	1	3	188	214	1	400	0.4	0.462848	0	0	0	
27	1	3	11	215	2	0	0.01	0	100	50	53	
27	1	3	17	216	1	300	0.25	0.403405	0	0	0	
27	1	3	289	217	1	500	0.1	0.260105	0	0	0	
27	1	3	115	218	1	600	0.01	0.052055	0	0	0	
27	1	3	125	219	2	0	0.9	0	150	0	141	
27	1	3	85	220	1	600	0.5	0.553074	0	0	0	
27	1	3	165	221	1	600	0.99	0.951129	0	0	0	
27	1	3	71	222	2	0	0.4	0	100	50	77	
27	1	3	86	223	1	200	0.6	0.559443	0	0	0	
27	1	3	183	224	1	400	0.25	0.455418	0	0	0	
27	1	3	114	225	2	0	0.75	0	50	25	42.5	
27	1	3	299	226	1	500	0.4	0.454356	0	0	0	
27	1	3	27	227	1	300	0.5	0.512738	0	0	0	
27	1	3	161	228	2	0	0.99	0	100	50	97	
27	1	3	149	229	2	0	0.95	0	200	100	178	
27	1	3	11	230	1	200	0.1	0.0976987	0	0	0	
27	1	3	208	231	1	400	0.9	0.900178	0	0	0	
27	1	3	214	232	1	500	0.95	0.936269	0	0	0	
27	1	3	138	233	2	0	0.95	0	75	0	70.5	
27	1	3	156	234	2	0	0.99	0	200	0	196	
27	1	3	145	235	2	0	0.95	0	75	50	69.5	
27	1	3	164	236	1	500	0.99	0.949006	0	0	0	
27	1	3	201	237	1	200	0.75	0.595533	0	0	0	
27	1	3	96	238	2	0	0.6	0	200	0	92	
27	1	3	63	239	1	400	0.05	0.104068	0	0	0	
27	1	3	84	240	2	0	0.5	0	50	25	30.5	
27	1	3	198	241	1	400	0.6	0.5	0	0	0	
27	1	3	128	242	2	0	0.9	0	800	0	752	
27	1	3	197	243	1	300	0.6	0.532906	0	0	0	
27	1	3	6	244	2	0	0.01	0	200	0	4	
27	1	3	298	245	1	400	0.4	0.5	0	0	0	
27	1	3	50	246	1	600	0.95	0.902301	0	0	0	
27	1	3	111	247	2	0	0.75	0	200	0	140	
27	1	3	146	248	2	0	0.95	0	100	50	97	
27	1	3	87	249	1	300	0.6	0.54989	0	0	0	
27	1	3	92	250	2	0	0.6	0	50	0	25	
27	1	3	323	251	1	400	0.95	0.900178	0	0	0	
27	1	3	20	252	1	600	0.25	0.301503	0	0	0	
27	1	3	10	253	1	600	0.05	0.149711	0	0	0	
27	1	3	263	254	1	400	0.9	0.70062	0	0	0	
27	1	3	121	255	1	200	0.1	0.201724	0	0	0	
27	1	3	235	256	1	600	0.1	0.254798	0	0	0	
27	1	3	286	257	1	200	0.1	0.29938	0	0	0	
27	1	3	56	258	1	200	0.01	0.0318869	0	0	0	
27	1	3	319	259	1	500	0.9	0.849227	0	0	0	
27	1	3	253	260	1	400	0.6	0.547767	0	0	0	
27	1	3	181	261	1	200	0.25	0.45011	0	0	0	
27	1	3	123	262	2	0	0.9	0	75	0	55.5	
27	1	3	301	263	1	200	0.5	0.5	0	0	0	
27	1	3	307	264	1	300	0.6	0.547767	0	0	0	
27	1	3	237	265	1	300	0.25	0.397036	0	0	0	
27	1	3	120	266	2	0	0.75	0	200	150	183	
27	1	3	69	267	1	500	0.1	0.0955757	0	0	0	
27	1	3	154	268	1	500	0.9	0.855596	0	0	0	
27	1	3	105	269	1	600	0.95	0.902301	0	0	0	
27	1	3	77	270	2	0	0.5	0	50	0	35	
27	1	3	63	271	2	0	0.4	0	75	0	37.5	
27	1	3	32	272	2	0	0.1	0	50	0	13	
27	1	3	176	273	1	200	0.1	0.0987602	0	0	0	
27	1	3	239	274	1	500	0.25	0.398098	0	0	0	
27	1	3	123	275	1	400	0.1	0.296196	0	0	0	
27	1	3	57	276	1	300	0.01	0.0785921	0	0	0	
27	1	3	252	277	1	300	0.6	0.558381	0	0	0	
27	1	3	230	278	1	600	0.05	0.0976987	0	0	0	
27	1	3	32	279	1	300	0.6	0.605087	0	0	0	
27	1	3	58	280	2	0	0.25	0	150	100	123	
27	1	3	54	281	1	500	0.99	0.957498	0	0	0	
27	1	3	21	282	1	200	0.4	0.5	0	0	0	
27	1	3	16	283	1	200	0.25	0.44268	0	0	0	
27	1	3	143	284	1	400	0.6	0.5	0	0	0	
27	1	3	178	285	1	400	0.1	0.399159	0	0	0	
27	1	3	4	286	1	500	0.01	0.052055	0	0	0	
27	1	3	192	287	1	300	0.5	0.5	0	0	0	
27	1	3	191	288	1	200	0.5	0.555197	0	0	0	
27	1	3	73	289	2	0	0.4	0	150	100	125	
27	1	3	13	290	1	400	0.1	0.101945	0	0	0	
27	1	3	137	291	2	0	0.95	0	50	0	45	
27	1	3	7	292	2	0	0.01	0	400	0	8	
27	1	3	129	293	1	500	0.25	0.347147	0	0	0	
27	1	3	25	294	2	0	0.05	0	75	50	55.5	
27	1	3	44	295	2	0	0.1	0	200	100	122	
27	1	3	310	296	1	600	0.6	0.55732	0	0	0	
27	1	3	97	297	2	0	0.6	0	400	0	200	
27	1	4	74	298	2	0	0.4	0	200	100	146	
27	1	4	56	299	2	0	0.25	0	100	50	63	
27	1	4	226	300	1	200	0.05	0.0701002	0	0	0	
27	1	4	34	301	2	0	0.1	0	100	0	22	
27	1	4	46	302	2	0	0.25	0	25	0	6.5	
27	1	4	311	303	1	200	0.75	0.802522	0	0	0	
27	1	4	172	304	1	300	0.05	0.100883	0	0	0	
27	1	4	83	305	2	0	0.5	0	800	0	400	
27	1	4	5	306	1	600	0.01	0.0425017	0	0	0	
27	1	4	207	307	1	300	0.9	0.898055	0	0	0	
27	1	4	90	308	2	0	0.5	0	200	150	173	
27	1	4	82	309	1	300	0.5	0.5	0	0	0	
27	1	4	145	310	1	600	0.6	0.601902	0	0	0	
27	1	4	317	311	1	300	0.9	0.75794	0	0	0	
27	1	4	88	312	1	400	0.6	0.554136	0	0	0	
27	1	4	152	313	1	300	0.9	0.800399	0	0	0	
27	1	4	83	314	1	400	0.5	0.5	0	0	0	
27	1	4	75	315	1	600	0.25	0.400221	0	0	0	
27	1	4	89	316	2	0	0.5	0	200	100	130	
27	1	4	147	317	1	300	0.75	0.598718	0	0	0	
27	1	4	88	318	2	0	0.5	0	150	100	125	
27	1	4	52	319	2	0	0.25	0	400	0	88	
27	1	4	144	320	1	500	0.6	0.570058	0	0	0	
27	1	4	216	321	1	200	0.99	0.934146	0	0	0	
27	1	4	34	322	1	500	0.6	0.554136	0	0	0	
27	1	4	161	323	1	200	0.99	0.962806	0	0	0	
27	1	4	305	324	1	600	0.5	0.5	0	0	0	
27	1	4	16	325	2	0	0.05	0	25	0	5.5	
27	1	4	290	326	1	600	0.1	0.0976987	0	0	0	
27	1	4	278	327	1	400	0.01	0.0478091	0	0	0	
27	1	4	36	328	1	200	0.75	0.599779	0	0	0	
27	1	4	118	329	1	400	0.05	0.100883	0	0	0	
27	1	4	67	330	2	0	0.4	0	400	0	168	
27	1	4	294	331	1	500	0.25	0.357762	0	0	0	
27	1	4	128	332	1	400	0.25	0.402344	0	0	0	
27	1	4	94	333	2	0	0.6	0	100	0	50	
27	1	4	329	334	1	500	0.99	0.942638	0	0	0	
27	1	4	74	335	1	500	0.25	0.401282	0	0	0	
27	1	4	250	336	1	600	0.5	0.5	0	0	0	
27	1	4	54	337	2	0	0.25	0	50	25	31.5	
27	1	4	246	338	1	200	0.5	0.47134	0	0	0	
27	1	4	249	339	1	500	0.5	0.5	0	0	0	
27	1	4	41	340	2	0	0.1	0	100	50	61	
27	1	4	182	341	1	300	0.25	0.40659	0	0	0	
27	1	4	150	342	2	0	0.95	0	200	150	185	
27	1	4	169	343	1	500	0.01	0.0552395	0	0	0	
27	1	4	164	344	2	0	0.99	0	200	100	198	
27	1	4	26	345	1	200	0.5	0.5	0	0	0	
27	1	4	141	346	2	0	0.95	0	200	0	188	
27	1	4	257	347	1	300	0.75	0.599779	0	0	0	
27	1	4	163	348	1	400	0.99	0.953252	0	0	0	
27	1	4	69	349	2	0	0.4	0	50	25	36.5	
27	1	4	117	350	2	0	0.75	0	150	50	100	
27	1	4	141	351	1	200	0.6	0.596595	0	0	0	
27	1	4	206	352	1	200	0.9	0.695312	0	0	0	
27	1	4	261	353	1	200	0.9	0.863026	0	0	0	
27	1	4	295	354	1	600	0.25	0.298319	0	0	0	
27	1	4	113	355	1	400	0.01	0.0478091	0	0	0	
27	1	4	125	356	1	600	0.1	0.198539	0	0	0	
27	1	4	35	357	1	600	0.6	0.581734	0	0	0	
27	1	4	24	358	1	500	0.4	0.5	0	0	0	
27	1	4	221	359	1	200	0.01	0.0244565	0	0	0	
27	1	4	55	360	1	600	0.99	0.95856	0	0	0	
27	1	4	224	361	1	500	0.01	0.0488706	0	0	0	
27	1	4	116	362	2	0	0.75	0	100	50	77	
27	1	4	242	363	1	300	0.4	0.5	0	0	0	
27	1	4	79	364	1	500	0.4	0.5	0	0	0	
27	1	4	292	365	1	300	0.25	0.397036	0	0	0	
27	1	4	108	366	2	0	0.75	0	75	0	55.5	
27	1	4	30	367	2	0	0.05	0	200	150	161	
27	1	4	126	368	2	0	0.9	0	200	0	188	
27	1	4	76	369	2	0	0.5	0	25	0	17.5	
27	1	4	104	370	2	0	0.6	0	200	100	150	
27	1	4	3	371	1	400	0.01	0.0329484	0	0	0	
27	1	4	62	372	2	0	0.4	0	50	0	35	
27	1	4	98	373	2	0	0.6	0	800	0	560	
27	1	4	15	374	1	600	0.1	0.298319	0	0	0	
27	1	4	28	375	1	400	0.5	0.5	0	0	0	
27	1	4	112	376	1	300	0.01	0.0679772	0	0	0	
27	1	4	244	377	1	500	0.4	0.5	0	0	0	
27	1	4	171	378	1	200	0.05	0.100883	0	0	0	
27	1	4	243	379	1	400	0.4	0.5	0	0	0	
27	1	4	162	380	1	300	0.99	0.968113	0	0	0	
27	1	4	8	381	2	0	0.01	0	800	0	16	
27	1	4	64	382	2	0	0.4	0	100	0	46	
27	1	4	275	383	1	600	0.99	0.957498	0	0	0	
27	1	4	113	384	2	0	0.75	0	800	0	592	
27	1	4	86	385	2	0	0.5	0	100	50	77	
27	1	4	142	386	1	300	0.6	0.556258	0	0	0	
27	1	4	80	387	1	600	0.4	0.5	0	0	0	
27	1	4	269	388	1	500	0.95	0.846043	0	0	0	
27	1	4	105	389	2	0	0.6	0	200	150	177	
27	1	4	291	390	1	200	0.25	0.401282	0	0	0	
27	1	4	189	391	1	500	0.4	0.452233	0	0	0	
27	1	4	287	392	1	300	0.1	0.301503	0	0	0	
27	1	4	153	393	1	400	0.9	0.801461	0	0	0	
27	1	4	2	394	2	0	0.01	0	50	0	3	
27	1	4	41	395	1	200	0.9	0.799338	0	0	0	
27	1	4	218	396	1	400	0.99	0.943699	0	0	0	
27	1	5	2	397	1	300	0.01	0.0329484	0	0	0	
27	1	5	40	398	1	600	0.75	0.546705	0	0	0	
27	1	5	48	399	2	0	0.25	0	75	0	37.5	
27	1	5	266	400	1	200	0.95	0.90124	0	0	0	
27	1	5	203	401	1	400	0.75	0.596595	0	0	0	
27	1	5	45	402	2	0	0.1	0	200	150	161	
27	1	5	173	403	1	400	0.05	0.0976987	0	0	0	
27	1	5	109	404	1	500	0.99	0.942638	0	0	0	
27	1	5	157	405	2	0	0.99	0	400	0	392	
27	1	5	96	406	1	200	0.9	0.701681	0	0	0	
27	1	5	149	407	1	500	0.75	0.790846	0	0	0	
27	1	5	101	408	1	200	0.95	0.899117	0	0	0	
27	1	5	282	409	1	300	0.05	0.105129	0	0	0	
27	1	5	163	410	2	0	0.99	0	150	100	149	
27	1	5	47	411	1	300	0.95	0.895932	0	0	0	
27	1	5	37	412	1	300	0.75	0.597656	0	0	0	
27	1	5	147	413	2	0	0.95	0	150	50	144	
27	1	5	39	414	2	0	0.1	0	50	25	31.5	
27	1	5	23	415	1	400	0.4	0.5	0	0	0	
27	1	5	28	416	2	0	0.05	0	150	100	111	
27	1	5	324	417	1	500	0.95	0.916101	0	0	0	
27	1	5	19	418	1	500	0.25	0.399159	0	0	0	
27	1	5	265	419	1	600	0.9	0.849227	0	0	0	
27	1	5	93	420	2	0	0.6	0	75	0	37.5	
27	1	5	135	421	1	600	0.4	0.5	0	0	0	
27	1	5	245	422	1	600	0.4	0.5	0	0	0	
27	1	5	148	423	1	400	0.75	0.602964	0	0	0	
27	1	5	18	424	1	400	0.25	0.399159	0	0	0	
27	1	5	112	425	2	0	0.75	0	400	0	296	
27	1	5	134	426	2	0	0.9	0	200	100	178	
27	1	5	219	427	1	500	0.99	0.959621	0	0	0	
27	1	5	308	428	1	400	0.6	0.5	0	0	0	
27	1	5	53	429	1	400	0.99	0.956437	0	0	0	
27	1	5	170	430	1	600	0.01	0.0403787	0	0	0	
27	1	5	12	431	2	0	0.01	0	150	50	56	
27	1	5	143	432	2	0	0.95	0	800	0	784	
27	1	5	72	433	2	0	0.4	0	150	50	72	
27	1	5	12	434	1	300	0.1	0.0998217	0	0	0	
27	1	5	78	435	1	400	0.4	0.449049	0	0	0	
27	1	5	66	436	1	200	0.1	0.199601	0	0	0	
27	1	5	240	437	1	600	0.25	0.37793	0	0	0	
27	1	5	70	438	2	0	0.4	0	75	50	61.5	
27	1	5	168	439	1	400	0.01	0.0393173	0	0	0	
27	1	5	107	440	2	0	0.75	0	50	0	13	
27	1	5	118	441	2	0	0.75	0	150	100	137	
27	1	5	40	442	2	0	0.1	0	75	50	56.5	
27	1	5	78	443	2	0	0.5	0	75	0	34.5	
27	1	5	89	444	1	500	0.6	0.516984	0	0	0	
27	1	5	227	445	1	300	0.05	0.0987602	0	0	0	
27	1	5	276	446	1	200	0.01	0.0467476	0	0	0	
27	1	5	45	447	1	600	0.9	0.853473	0	0	0	
27	1	5	302	448	1	300	0.5	0.5	0	0	0	
27	1	5	142	449	2	0	0.95	0	400	0	376	
27	1	5	68	450	1	400	0.1	0.199601	0	0	0	
27	1	5	185	451	1	600	0.25	0.397036	0	0	0	
27	1	5	140	452	1	600	0.5	0.5	0	0	0	
27	1	5	99	453	2	0	0.6	0	50	25	37.5	
27	1	5	127	454	2	0	0.9	0	400	0	376	
27	1	5	3	455	2	0	0.01	0	75	0	4.5	
27	1	5	116	456	1	200	0.05	0.100883	0	0	0	
27	1	5	297	457	1	300	0.4	0.446926	0	0	0	
27	1	5	93	458	1	400	0.75	0.600841	0	0	0	
27	1	5	64	459	1	500	0.05	0.0998217	0	0	0	
27	1	5	258	460	1	400	0.75	0.602964	0	0	0	
27	1	5	241	461	1	200	0.4	0.5	0	0	0	
27	1	5	122	462	2	0	0.9	0	50	0	47	
27	1	5	313	463	1	400	0.75	0.598718	0	0	0	
27	1	5	194	464	1	500	0.5	0.5	0	0	0	
27	1	5	61	465	1	200	0.05	0.0860224	0	0	0	
27	1	5	190	466	1	600	0.4	0.5	0	0	0	
27	1	5	9	467	2	0	0.01	0	50	25	26.5	
27	1	5	59	468	1	500	0.01	0.0340099	0	0	0	
27	1	5	139	469	1	500	0.5	0.5	0	0	0	
27	1	5	65	470	1	600	0.05	0.153957	0	0	0	
27	1	5	15	471	2	0	0.01	0	200	150	153	
27	1	5	33	472	2	0	0.1	0	75	0	16.5	
27	1	5	26	473	2	0	0.05	0	100	50	53	
27	1	5	322	474	1	300	0.95	0.904424	0	0	0	
27	1	5	288	475	1	400	0.1	0.195355	0	0	0	
27	1	5	85	476	2	0	0.5	0	75	50	62.5	
27	1	5	228	477	1	400	0.05	0.0966372	0	0	0	
27	1	5	67	478	1	300	0.1	0.161388	0	0	0	
27	1	5	95	479	2	0	0.6	0	150	0	39	
27	1	5	210	480	1	600	0.9	0.797215	0	0	0	
27	1	5	315	481	1	600	0.75	0.697435	0	0	0	
27	1	5	326	482	1	200	0.99	0.954314	0	0	0	
27	1	5	320	483	1	600	0.9	0.854535	0	0	0	
27	1	5	94	484	1	500	0.75	0.598718	0	0	0	
27	1	5	27	485	2	0	0.05	0	150	50	56	
27	1	5	80	486	2	0	0.5	0	150	0	33	
27	1	5	260	487	1	600	0.75	0.575365	0	0	0	
27	1	5	225	488	1	600	0.01	0.0679772	0	0	0	
27	1	5	177	489	1	300	0.1	0.200662	0	0	0	
27	1	5	79	490	2	0	0.5	0	100	0	26	
27	1	5	114	491	1	500	0.01	0.0456861	0	0	0	
27	1	5	126	492	1	200	0.25	0.5	0	0	0	
27	1	5	39	493	1	500	0.75	0.553074	0	0	0	
27	1	5	84	494	1	500	0.5	0.553074	0	0	0	
27	1	5	60	495	2	0	0.25	0	200	150	163	
27	2	1	287	1	1	300	0.1	0.148283	0	0	0	
27	2	1	163	2	2	0	0.99	0	150	100	149	
27	2	1	258	3	1	400	0.75	0.648161	0	0	0	
27	2	1	108	4	2	0	0.75	0	75	0	52.5	
27	2	1	301	5	1	200	0.5	0.479597	0	0	0	
27	2	1	52	6	1	300	0.99	0.962907	0	0	0	
27	2	1	93	7	1	400	0.75	0.598634	0	0	0	
27	2	1	3	8	1	400	0.01	0.0369422	0	0	0	
27	2	1	245	9	1	600	0.4	0.460999	0	0	0	
27	2	1	135	10	1	600	0.4	0.470287	0	0	0	
27	2	1	194	11	1	500	0.5	0.5	0	0	0	
27	2	1	88	12	1	400	0.6	0.555148	0	0	0	
27	2	1	154	13	2	0	0.99	0	100	0	98	
27	2	1	53	14	2	0	0.25	0	800	0	176	
27	2	1	24	15	2	0	0.05	0	50	25	26.5	
27	2	1	121	16	1	200	0.1	0.0997332	0	0	0	
27	2	1	64	17	1	500	0.05	0.0704761	0	0	0	
27	2	1	131	18	1	200	0.4	0.395568	0	0	0	
27	2	1	63	19	1	400	0.05	0.0962746	0	0	0	
27	2	1	36	20	1	200	0.75	0.699426	0	0	0	
27	2	1	140	21	2	0	0.95	0	150	0	141	
27	2	1	84	22	1	500	0.5	0.478337	0	0	0	
27	2	1	25	23	2	0	0.05	0	75	50	55.5	
27	2	1	15	24	2	0	0.01	0	200	150	151	
27	2	1	31	25	2	0	0.1	0	25	0	1.5	
27	2	1	77	26	2	0	0.5	0	50	0	11	
27	2	1	81	27	1	200	0.5	0.5	0	0	0	
27	2	1	86	28	1	200	0.6	0.562981	0	0	0	
27	2	1	146	29	2	0	0.95	0	100	50	95	
27	2	1	50	30	2	0	0.25	0	150	0	15	
27	2	1	33	31	2	0	0.1	0	75	0	4.5	
27	2	1	130	32	2	0	0.9	0	75	50	69.5	
27	2	1	73	33	1	400	0.25	0.293122	0	0	0	
27	2	1	249	34	1	500	0.5	0.5	0	0	0	
27	2	1	163	35	1	400	0.99	0.961713	0	0	0	
27	2	1	21	36	1	200	0.4	0.5	0	0	0	
27	2	1	213	37	1	400	0.95	0.896061	0	0	0	
27	2	1	22	38	2	0	0.05	0	400	0	8	
27	2	1	61	39	1	200	0.05	0.070401	0	0	0	
27	2	1	145	40	1	600	0.6	0.550398	0	0	0	
27	2	1	138	41	1	400	0.5	0.5	0	0	0	
27	2	1	45	42	2	0	0.1	0	200	150	161	
27	2	1	134	43	2	0	0.9	0	200	100	194	
27	2	1	67	44	2	0	0.4	0	400	0	104	
27	2	1	164	45	1	500	0.99	0.956397	0	0	0	
27	2	1	220	46	1	600	0.99	0.954991	0	0	0	
27	2	1	312	47	1	300	0.75	0.694795	0	0	0	
27	2	1	264	48	1	500	0.9	0.797484	0	0	0	
27	2	1	155	49	2	0	0.99	0	150	0	147	
27	2	1	10	50	1	600	0.05	0.103232	0	0	0	
27	2	1	161	51	2	0	0.99	0	100	50	99	
27	2	1	174	52	1	500	0.05	0.102033	0	0	0	
27	2	1	53	53	1	400	0.99	0.969953	0	0	0	
27	2	1	74	54	1	500	0.25	0.297399	0	0	0	
27	2	1	98	55	1	400	0.9	0.802818	0	0	0	
27	2	1	153	56	1	400	0.9	0.799842	0	0	0	
27	2	1	134	57	1	500	0.4	0.399111	0	0	0	
27	2	1	116	58	2	0	0.75	0	100	50	87	
27	2	1	284	59	1	500	0.05	0.0989769	0	0	0	
27	2	1	222	60	1	300	0.01	0.055235	0	0	0	
27	2	1	104	61	2	0	0.6	0	200	100	170	
27	2	1	118	62	2	0	0.75	0	150	100	135	
27	2	1	81	63	2	0	0.5	0	200	0	92	
27	2	1	92	64	1	300	0.75	0.602791	0	0	0	
27	2	1	275	65	1	600	0.99	0.952151	0	0	0	
27	2	1	38	66	2	0	0.1	0	800	0	48	
27	2	1	129	67	1	500	0.25	0.403228	0	0	0	
27	2	1	34	68	1	500	0.6	0.5	0	0	0	
27	2	1	139	69	1	500	0.5	0.5	0	0	0	
27	2	1	193	70	1	400	0.5	0.556307	0	0	0	
27	2	1	292	71	1	300	0.25	0.401198	0	0	0	
27	2	1	19	72	2	0	0.05	0	100	0	10	
27	2	1	18	73	1	400	0.25	0.301521	0	0	0	
27	2	1	119	74	1	500	0.05	0.100932	0	0	0	
27	2	1	179	75	1	500	0.1	0.199327	0	0	0	
27	2	1	289	76	1	500	0.1	0.16202	0	0	0	
27	2	1	247	77	1	300	0.5	0.501433	0	0	0	
27	2	1	242	78	1	300	0.4	0.5	0	0	0	
27	2	1	197	79	1	300	0.6	0.598678	0	0	0	
27	2	1	233	80	1	400	0.1	0.296461	0	0	0	
27	2	1	261	81	1	200	0.9	0.801421	0	0	0	
27	2	1	137	82	2	0	0.95	0	50	0	47	
27	2	1	151	83	1	200	0.9	0.900192	0	0	0	
27	2	1	58	84	2	0	0.25	0	150	100	125	
27	2	1	302	85	1	300	0.5	0.5	0	0	0	
27	2	1	142	86	2	0	0.95	0	400	0	376	
27	2	1	227	87	1	300	0.05	0.104054	0	0	0	
27	2	1	257	88	1	300	0.75	0.70257	0	0	0	
27	2	1	185	89	1	600	0.25	0.398757	0	0	0	
27	2	1	211	90	1	200	0.95	0.802199	0	0	0	
27	2	1	299	91	1	500	0.4	0.466877	0	0	0	
27	2	1	44	92	2	0	0.1	0	200	100	126	
27	2	1	54	93	1	500	0.99	0.967821	0	0	0	
27	2	1	28	94	1	400	0.5	0.5	0	0	0	
27	2	1	318	95	1	400	0.9	0.858957	0	0	0	
27	2	1	74	96	2	0	0.4	0	200	100	130	
27	2	1	181	97	1	200	0.25	0.404445	0	0	0	
27	2	1	41	98	2	0	0.1	0	100	50	65	
27	2	1	72	99	2	0	0.4	0	150	50	80	
27	2	2	89	100	2	0	0.5	0	200	100	158	
27	2	2	238	101	1	400	0.25	0.364794	0	0	0	
27	2	2	91	102	2	0	0.6	0	25	0	17.5	
27	2	2	105	103	1	600	0.95	0.897414	0	0	0	
27	2	2	293	104	1	400	0.25	0.398001	0	0	0	
27	2	2	109	105	2	0	0.75	0	100	0	74	
27	2	2	96	106	2	0	0.6	0	200	0	140	
27	2	2	95	107	1	600	0.75	0.700757	0	0	0	
27	2	2	14	108	1	500	0.1	0.158433	0	0	0	
27	2	2	13	109	1	400	0.1	0.100795	0	0	0	
27	2	2	60	110	2	0	0.25	0	200	150	165	
27	2	2	18	111	2	0	0.05	0	75	0	4.5	
27	2	2	98	112	2	0	0.6	0	800	0	400	
27	2	2	116	113	1	200	0.05	0.102586	0	0	0	
27	2	2	122	114	1	300	0.1	0.195125	0	0	0	
27	2	2	67	115	1	300	0.1	0.199857	0	0	0	
27	2	2	317	116	1	300	0.9	0.799811	0	0	0	
27	2	2	272	117	1	300	0.99	0.948462	0	0	0	
27	2	2	2	118	2	0	0.01	0	50	0	3	
27	2	2	277	119	1	300	0.01	0.0812634	0	0	0	
27	2	2	62	120	2	0	0.4	0	50	0	25	
27	2	2	55	121	2	0	0.25	0	75	50	61.5	
27	2	2	31	122	1	200	0.6	0.5979	0	0	0	
27	2	2	130	123	1	600	0.25	0.396545	0	0	0	
27	2	2	63	124	2	0	0.4	0	75	0	40.5	
27	2	2	51	125	2	0	0.25	0	200	0	52	
27	2	2	111	126	2	0	0.75	0	200	0	132	
27	2	2	8	127	2	0	0.01	0	800	0	16	
27	2	2	254	128	1	500	0.6	0.498333	0	0	0	
27	2	2	48	129	2	0	0.25	0	75	0	22.5	
27	2	2	321	130	1	200	0.95	0.797998	0	0	0	
27	2	2	294	131	1	500	0.25	0.397089	0	0	0	
27	2	2	236	132	1	200	0.25	0.39915	0	0	0	
27	2	2	44	133	1	500	0.9	0.802044	0	0	0	
27	2	2	234	134	1	500	0.1	0.100069	0	0	0	
27	2	2	168	135	1	400	0.01	0.0443902	0	0	0	
27	2	2	118	136	1	400	0.05	0.0956111	0	0	0	
27	2	2	79	137	1	500	0.4	0.453989	0	0	0	
27	2	2	22	138	1	300	0.4	0.500358	0	0	0	
27	2	2	274	139	1	500	0.99	0.964623	0	0	0	
27	2	2	75	140	1	600	0.25	0.406983	0	0	0	
27	2	2	69	141	1	500	0.1	0.290994	0	0	0	
27	2	2	25	142	1	600	0.4	0.5	0	0	0	
27	2	2	52	143	2	0	0.25	0	400	0	104	
27	2	2	228	144	1	400	0.05	0.0993307	0	0	0	
27	2	2	27	145	1	300	0.5	0.555042	0	0	0	
27	2	2	248	146	1	400	0.5	0.55786	0	0	0	
27	2	2	187	147	1	300	0.4	0.5	0	0	0	
27	2	2	140	148	1	600	0.5	0.594419	0	0	0	
27	2	2	10	149	2	0	0.01	0	75	50	56.5	
27	2	2	148	150	2	0	0.95	0	150	100	149	
27	2	2	315	151	1	600	0.75	0.702048	0	0	0	
27	2	2	176	152	1	200	0.1	0.197619	0	0	0	
27	2	2	296	153	1	200	0.4	0.446475	0	0	0	
27	2	2	330	154	1	600	0.99	0.955061	0	0	0	
27	2	2	141	155	1	200	0.6	0.5	0	0	0	
27	2	2	80	156	1	600	0.4	0.5	0	0	0	
27	2	2	71	157	1	200	0.25	0.399615	0	0	0	
27	2	2	169	158	1	500	0.01	0.0514933	0	0	0	
27	2	2	291	159	1	200	0.25	0.446652	0	0	0	
27	2	2	47	160	2	0	0.25	0	50	0	15	
27	2	2	88	161	2	0	0.5	0	150	100	135	
27	2	2	29	162	1	500	0.5	0.5	0	0	0	
27	2	2	103	163	2	0	0.6	0	150	100	127	
27	2	2	157	164	2	0	0.99	0	400	0	392	
27	2	2	5	165	2	0	0.01	0	150	0	3	
27	2	2	114	166	1	500	0.01	0.0721745	0	0	0	
27	2	2	191	167	1	200	0.5	0.594021	0	0	0	
27	2	2	329	168	1	500	0.99	0.961961	0	0	0	
27	2	2	225	169	1	600	0.01	0.0556729	0	0	0	
27	2	2	325	170	1	600	0.95	0.900205	0	0	0	
27	2	2	1	171	2	0	0.01	0	25	0	2.5	
27	2	2	125	172	1	600	0.1	0.201361	0	0	0	
27	2	2	230	173	1	600	0.05	0.102781	0	0	0	
27	2	2	109	174	1	500	0.99	0.950369	0	0	0	
27	2	2	35	175	1	600	0.6	0.5	0	0	0	
27	2	2	165	176	1	600	0.99	0.962779	0	0	0	
27	2	2	119	177	2	0	0.75	0	200	100	170	
27	2	2	36	178	2	0	0.1	0	200	0	20	
27	2	2	114	179	2	0	0.75	0	50	25	37.5	
27	2	2	246	180	1	200	0.5	0.5	0	0	0	
27	2	2	127	181	1	300	0.25	0.453268	0	0	0	
27	2	2	12	182	1	300	0.1	0.2957	0	0	0	
27	2	2	9	183	2	0	0.01	0	50	25	26.5	
27	2	2	303	184	1	400	0.5	0.5	0	0	0	
27	2	2	186	185	1	200	0.4	0.400862	0	0	0	
27	2	2	326	186	1	200	0.99	0.957932	0	0	0	
27	2	2	60	187	1	600	0.01	0.0513297	0	0	0	
27	2	2	78	188	1	400	0.4	0.5	0	0	0	
27	2	2	13	189	2	0	0.01	0	150	100	105	
27	2	2	195	190	1	600	0.5	0.5	0	0	0	
27	2	2	280	191	1	600	0.01	0.0546335	0	0	0	
27	2	2	166	192	1	200	0.01	0.0452837	0	0	0	
27	2	2	42	193	2	0	0.1	0	150	50	76	
27	2	2	6	194	1	200	0.05	0.100538	0	0	0	
27	2	2	66	195	2	0	0.4	0	200	0	100	
27	2	2	61	196	2	0	0.4	0	25	0	17.5	
27	2	2	99	197	2	0	0.6	0	50	25	38.5	
27	2	2	237	198	1	300	0.25	0.451021	0	0	0	
27	2	3	101	199	2	0	0.6	0	100	50	75	
27	2	3	309	200	1	500	0.6	0.594587	0	0	0	
27	2	3	253	201	1	400	0.6	0.589178	0	0	0	
27	2	3	42	202	1	300	0.9	0.800023	0	0	0	
27	2	3	94	203	2	0	0.6	0	100	0	74	
27	2	3	28	204	2	0	0.05	0	150	100	111	
27	2	3	40	205	2	0	0.1	0	75	50	57.5	
27	2	3	83	206	1	400	0.5	0.5	0	0	0	
27	2	3	16	207	1	200	0.25	0.359893	0	0	0	
27	2	3	82	208	1	300	0.5	0.5	0	0	0	
27	2	3	71	209	2	0	0.4	0	100	50	77	
27	2	3	117	210	1	300	0.05	0.0980127	0	0	0	
27	2	3	56	211	1	200	0.01	0.0627406	0	0	0	
27	2	3	65	212	1	600	0.05	0.10029	0	0	0	
27	2	3	217	213	1	300	0.99	0.92354	0	0	0	
27	2	3	78	214	2	0	0.5	0	75	0	37.5	
27	2	3	136	215	1	200	0.5	0.5	0	0	0	
27	2	3	307	216	1	300	0.6	0.557351	0	0	0	
27	2	3	106	217	1	200	0.99	0.949126	0	0	0	
27	2	3	155	218	1	600	0.9	0.797843	0	0	0	
27	2	3	26	219	1	200	0.5	0.5	0	0	0	
27	2	3	159	220	1	500	0.95	0.899537	0	0	0	
27	2	3	207	221	1	300	0.9	0.895428	0	0	0	
27	2	3	260	222	1	600	0.75	0.796653	0	0	0	
27	2	3	59	223	2	0	0.25	0	200	100	146	
27	2	3	76	224	1	200	0.4	0.4564	0	0	0	
27	2	3	135	225	2	0	0.9	0	200	150	189	
27	2	3	4	226	2	0	0.01	0	100	0	6	
27	2	3	276	227	1	200	0.01	0.0515331	0	0	0	
27	2	3	178	228	1	400	0.1	0.148552	0	0	0	
27	2	3	137	229	1	300	0.5	0.5	0	0	0	
27	2	3	45	230	1	600	0.9	0.801912	0	0	0	
27	2	3	75	231	2	0	0.4	0	200	150	175	
27	2	3	153	232	2	0	0.99	0	75	0	70.5	
27	2	3	54	233	2	0	0.25	0	50	25	32.5	
27	2	3	129	234	2	0	0.9	0	50	25	43.5	
27	2	3	147	235	1	300	0.75	0.597466	0	0	0	
27	2	3	285	236	1	600	0.05	0.0976589	0	0	0	
27	2	3	221	237	1	200	0.01	0.0520948	0	0	0	
27	2	3	138	238	2	0	0.95	0	75	0	70.5	
27	2	3	73	239	2	0	0.4	0	150	100	125	
27	2	3	158	240	2	0	0.99	0	800	0	784	
27	2	3	214	241	1	500	0.95	0.896715	0	0	0	
27	2	3	262	242	1	300	0.9	0.79963	0	0	0	
27	2	3	300	243	1	600	0.4	0.5	0	0	0	
27	2	3	173	244	1	400	0.05	0.148614	0	0	0	
27	2	3	20	245	2	0	0.05	0	150	0	9	
27	2	3	219	246	1	500	0.99	0.962775	0	0	0	
27	2	3	106	247	2	0	0.75	0	25	0	17.5	
27	2	3	7	248	1	300	0.05	0.0992821	0	0	0	
27	2	3	20	249	1	600	0.25	0.403189	0	0	0	
27	2	3	107	250	1	300	0.99	0.952023	0	0	0	
27	2	3	244	251	1	500	0.4	0.5	0	0	0	
27	2	3	72	252	1	300	0.25	0.445922	0	0	0	
27	2	3	324	253	1	500	0.95	0.798993	0	0	0	
27	2	3	232	254	1	300	0.1	0.201012	0	0	0	
27	2	3	99	255	1	500	0.9	0.797883	0	0	0	
27	2	3	243	256	1	400	0.4	0.404993	0	0	0	
27	2	3	49	257	2	0	0.25	0	100	0	30	
27	2	3	150	258	2	0	0.95	0	200	150	189	
27	2	3	79	259	2	0	0.5	0	100	0	54	
27	2	3	85	260	2	0	0.5	0	75	50	67.5	
27	2	3	111	261	1	200	0.01	0.0540055	0	0	0	
27	2	3	39	262	1	500	0.75	0.603437	0	0	0	
27	2	3	7	263	2	0	0.01	0	400	0	8	
27	2	3	159	264	2	0	0.99	0	50	25	49.5	
27	2	3	147	265	2	0	0.95	0	150	50	144	
27	2	3	172	266	1	300	0.05	0.156195	0	0	0	
27	2	3	110	267	2	0	0.75	0	150	0	105	
27	2	3	212	268	1	300	0.95	0.899192	0	0	0	
27	2	3	265	269	1	600	0.9	0.797095	0	0	0	
27	2	3	85	270	1	600	0.5	0.5	0	0	0	
27	2	3	26	271	2	0	0.05	0	100	50	65	
27	2	3	24	272	1	500	0.4	0.499637	0	0	0	
27	2	3	192	273	1	300	0.5	0.5	0	0	0	
27	2	3	327	274	1	300	0.99	0.954637	0	0	0	
27	2	3	30	275	2	0	0.05	0	200	150	165	
27	2	3	57	276	1	300	0.01	0.0638905	0	0	0	
27	2	3	205	277	1	600	0.75	0.59698	0	0	0	
27	2	3	87	278	1	300	0.6	0.499894	0	0	0	
27	2	3	290	279	1	600	0.1	0.198146	0	0	0	
27	2	3	87	280	2	0	0.5	0	150	50	80	
27	2	3	76	281	2	0	0.5	0	25	0	12.5	
27	2	3	328	282	1	400	0.99	0.92967	0	0	0	
27	2	3	1	283	1	200	0.01	0.0517012	0	0	0	
27	2	3	5	284	1	600	0.01	0.0636473	0	0	0	
27	2	3	270	285	1	600	0.95	0.897679	0	0	0	
27	2	3	124	286	1	500	0.1	0.198283	0	0	0	
27	2	3	95	287	2	0	0.6	0	150	0	69	
27	2	3	308	288	1	400	0.6	0.498355	0	0	0	
27	2	3	9	289	1	500	0.05	0.19654	0	0	0	
27	2	3	305	290	1	600	0.5	0.5	0	0	0	
27	2	3	64	291	2	0	0.4	0	100	0	50	
27	2	3	113	292	1	400	0.01	0.068362	0	0	0	
27	2	3	170	293	1	600	0.01	0.0973228	0	0	0	
27	2	3	167	294	1	300	0.01	0.0710246	0	0	0	
27	2	3	161	295	1	200	0.99	0.936561	0	0	0	
27	2	3	62	296	1	300	0.05	0.0964869	0	0	0	
27	2	3	149	297	2	0	0.95	0	200	100	194	
27	2	4	128	298	2	0	0.9	0	800	0	752	
27	2	4	32	299	1	300	0.6	0.600058	0	0	0	
27	2	4	55	300	1	600	0.99	0.898312	0	0	0	
27	2	4	19	301	1	500	0.25	0.402127	0	0	0	
27	2	4	215	302	1	600	0.95	0.799125	0	0	0	
27	2	4	143	303	1	400	0.6	0.5	0	0	0	
27	2	4	304	304	1	500	0.5	0.5	0	0	0	
27	2	4	268	305	1	400	0.95	0.799298	0	0	0	
27	2	4	125	306	2	0	0.9	0	150	0	141	
27	2	4	105	307	2	0	0.6	0	200	150	175	
27	2	4	250	308	1	600	0.5	0.5	0	0	0	
27	2	4	164	309	2	0	0.99	0	200	100	198	
27	2	4	102	310	2	0	0.6	0	150	50	124	
27	2	4	175	311	1	600	0.05	0.158274	0	0	0	
27	2	4	93	312	2	0	0.6	0	75	0	52.5	
27	2	4	144	313	1	500	0.6	0.55031	0	0	0	
27	2	4	77	314	1	300	0.4	0.5	0	0	0	
27	2	4	241	315	1	200	0.4	0.5	0	0	0	
27	2	4	189	316	1	500	0.4	0.5	0	0	0	
27	2	4	30	317	1	600	0.5	0.5	0	0	0	
27	2	4	271	318	1	200	0.99	0.936251	0	0	0	
27	2	4	136	319	2	0	0.95	0	25	0	23.5	
27	2	4	235	320	1	600	0.1	0.151958	0	0	0	
27	2	4	68	321	1	400	0.1	0.197257	0	0	0	
27	2	4	48	322	1	400	0.95	0.904557	0	0	0	
27	2	4	256	323	1	200	0.75	0.603477	0	0	0	
27	2	4	3	324	2	0	0.01	0	75	0	4.5	
27	2	4	218	325	1	400	0.99	0.965499	0	0	0	
27	2	4	65	326	2	0	0.4	0	150	0	105	
27	2	4	102	327	1	300	0.95	0.794924	0	0	0	
27	2	4	68	328	2	0	0.4	0	800	0	400	
27	2	4	97	329	1	300	0.9	0.796277	0	0	0	
27	2	4	112	330	2	0	0.75	0	400	0	296	
27	2	4	97	331	2	0	0.6	0	400	0	296	
27	2	4	148	332	1	400	0.75	0.598868	0	0	0	
27	2	4	39	333	2	0	0.1	0	50	25	32.5	
27	2	4	158	334	1	400	0.95	0.850382	0	0	0	
27	2	4	177	335	1	300	0.1	0.292118	0	0	0	
27	2	4	252	336	1	300	0.6	0.5	0	0	0	
27	2	4	259	337	1	500	0.75	0.599315	0	0	0	
27	2	4	160	338	1	600	0.95	0.804358	0	0	0	
27	2	4	37	339	2	0	0.1	0	400	0	24	
27	2	4	70	340	1	600	0.1	0.198424	0	0	0	
27	2	4	154	341	1	500	0.9	0.799864	0	0	0	
27	2	4	66	342	1	200	0.1	0.202104	0	0	0	
27	2	4	126	343	1	200	0.25	0.401561	0	0	0	
27	2	4	11	344	1	200	0.1	0.200963	0	0	0	
27	2	4	323	345	1	400	0.95	0.798705	0	0	0	
27	2	4	16	346	2	0	0.05	0	25	0	7.5	
27	2	4	120	347	2	0	0.75	0	200	150	175	
27	2	4	224	348	1	500	0.01	0.0474066	0	0	0	
27	2	4	132	349	2	0	0.9	0	150	50	144	
27	2	4	196	350	1	200	0.6	0.600275	0	0	0	
27	2	4	29	351	2	0	0.05	0	200	100	130	
27	2	4	101	352	1	200	0.95	0.799851	0	0	0	
27	2	4	100	353	1	600	0.9	0.798639	0	0	0	
27	2	4	146	354	1	200	0.75	0.597475	0	0	0	
27	2	4	139	355	2	0	0.95	0	100	0	94	
27	2	4	216	356	1	200	0.99	0.897188	0	0	0	
27	2	4	43	357	2	0	0.1	0	150	100	125	
27	2	4	82	358	2	0	0.5	0	400	0	232	
27	2	4	190	359	1	600	0.4	0.5	0	0	0	
27	2	4	188	360	1	400	0.4	0.5	0	0	0	
27	2	4	107	361	2	0	0.75	0	50	0	35	
27	2	4	156	362	2	0	0.99	0	200	0	196	
27	2	4	281	363	1	200	0.05	0.102055	0	0	0	
27	2	4	204	364	1	500	0.75	0.60276	0	0	0	
27	2	4	288	365	1	400	0.1	0.198946	0	0	0	
27	2	4	251	366	1	200	0.6	0.5	0	0	0	
27	2	4	80	367	2	0	0.5	0	150	0	75	
27	2	4	103	368	1	400	0.95	0.897693	0	0	0	
27	2	4	132	369	1	300	0.4	0.5	0	0	0	
27	2	4	108	370	1	400	0.99	0.958741	0	0	0	
27	2	4	298	371	1	400	0.4	0.5	0	0	0	
27	2	4	157	372	1	300	0.95	0.901112	0	0	0	
27	2	4	141	373	2	0	0.95	0	200	0	188	
27	2	4	123	374	2	0	0.9	0	75	0	70.5	
27	2	4	310	375	1	600	0.6	0.604843	0	0	0	
27	2	4	306	376	1	200	0.6	0.594618	0	0	0	
27	2	4	41	377	1	200	0.9	0.802659	0	0	0	
27	2	4	133	378	1	400	0.4	0.498226	0	0	0	
27	2	4	4	379	1	500	0.01	0.0560621	0	0	0	
27	2	4	255	380	1	600	0.6	0.5013	0	0	0	
27	2	4	6	381	2	0	0.01	0	200	0	12	
27	2	4	15	382	1	600	0.1	0.200304	0	0	0	
27	2	4	279	383	1	500	0.01	0.0515951	0	0	0	
27	2	4	115	384	2	0	0.75	0	75	50	61.5	
27	2	4	231	385	1	200	0.1	0.29827	0	0	0	
27	2	4	282	386	1	300	0.05	0.197469	0	0	0	
27	2	4	126	387	2	0	0.9	0	200	0	188	
27	2	4	162	388	2	0	0.99	0	150	50	148	
27	2	4	50	389	1	600	0.95	0.895649	0	0	0	
27	2	4	21	390	2	0	0.05	0	200	0	12	
27	2	4	150	391	1	600	0.75	0.599014	0	0	0	
27	2	4	91	392	1	200	0.75	0.701752	0	0	0	
27	2	4	127	393	2	0	0.9	0	400	0	376	
27	2	4	142	394	1	300	0.6	0.5	0	0	0	
27	2	4	151	395	2	0	0.99	0	25	0	24.5	
27	2	4	297	396	1	300	0.4	0.5	0	0	0	
27	2	5	319	397	1	500	0.9	0.80032	0	0	0	
27	2	5	286	398	1	200	0.1	0.199331	0	0	0	
27	2	5	46	399	2	0	0.25	0	25	0	12.5	
27	2	5	314	400	1	500	0.75	0.598939	0	0	0	
27	2	5	165	401	2	0	0.99	0	200	150	199	
27	2	5	239	402	1	500	0.25	0.398332	0	0	0	
27	2	5	131	403	2	0	0.9	0	100	50	97	
27	2	5	199	404	1	500	0.6	0.500358	0	0	0	
27	2	5	90	405	2	0	0.5	0	200	150	175	
27	2	5	120	406	1	600	0.05	0.101507	0	0	0	
27	2	5	123	407	1	400	0.1	0.19754	0	0	0	
27	2	5	322	408	1	300	0.95	0.799886	0	0	0	
27	2	5	84	409	2	0	0.5	0	50	25	37.5	
27	2	5	59	410	1	500	0.01	0.0517233	0	0	0	
27	2	5	210	411	1	600	0.9	0.802535	0	0	0	
27	2	5	183	412	1	400	0.25	0.405126	0	0	0	
27	2	5	267	413	1	300	0.95	0.799537	0	0	0	
27	2	5	133	414	2	0	0.9	0	150	100	147	
27	2	5	33	415	1	400	0.6	0.557408	0	0	0	
27	2	5	311	416	1	200	0.75	0.60069	0	0	0	
27	2	5	202	417	1	300	0.75	0.602782	0	0	0	
27	2	5	17	418	1	300	0.25	0.453122	0	0	0	
27	2	5	69	419	2	0	0.4	0	50	25	37.5	
27	2	5	229	420	1	500	0.05	0.1011	0	0	0	
27	2	5	144	421	2	0	0.95	0	50	25	47.5	
27	2	5	266	422	1	200	0.95	0.84748	0	0	0	
27	2	5	70	423	2	0	0.4	0	75	50	62.5	
27	2	5	23	424	2	0	0.05	0	800	0	16	
27	2	5	83	425	2	0	0.5	0	800	0	560	
27	2	5	14	426	2	0	0.01	0	200	100	106	
27	2	5	162	427	1	300	0.99	0.938436	0	0	0	
27	2	5	47	428	1	300	0.95	0.845428	0	0	0	
27	2	5	12	429	2	0	0.01	0	150	50	52	
27	2	5	171	430	1	200	0.05	0.0994015	0	0	0	
27	2	5	223	431	1	400	0.01	0.064063	0	0	0	
27	2	5	32	432	2	0	0.1	0	50	0	15	
27	2	5	113	433	2	0	0.75	0	800	0	592	
27	2	5	110	434	1	600	0.99	0.950413	0	0	0	
27	2	5	295	435	1	600	0.25	0.495276	0	0	0	
27	2	5	240	436	1	600	0.25	0.401844	0	0	0	
27	2	5	208	437	1	400	0.9	0.699116	0	0	0	
27	2	5	38	438	1	400	0.75	0.702579	0	0	0	
27	2	5	273	439	1	400	0.99	0.951059	0	0	0	
27	2	5	206	440	1	200	0.9	0.794986	0	0	0	
27	2	5	49	441	1	500	0.95	0.896538	0	0	0	
27	2	5	100	442	2	0	0.6	0	75	50	67.5	
27	2	5	283	443	1	400	0.05	0.1483	0	0	0	
27	2	5	203	444	1	400	0.75	0.603649	0	0	0	
27	2	5	320	445	1	600	0.9	0.797493	0	0	0	
27	2	5	92	446	2	0	0.6	0	50	0	39	
27	2	5	57	447	2	0	0.25	0	150	50	80	
27	2	5	143	448	2	0	0.95	0	800	0	784	
27	2	5	43	449	1	400	0.9	0.700421	0	0	0	
27	2	5	278	450	1	400	0.01	0.0507238	0	0	0	
27	2	5	209	451	1	500	0.9	0.798882	0	0	0	
27	2	5	94	452	1	500	0.75	0.700708	0	0	0	
27	2	5	34	453	2	0	0.1	0	100	0	10	
27	2	5	35	454	2	0	0.1	0	150	0	9	
27	2	5	182	455	1	300	0.25	0.401685	0	0	0	
27	2	5	180	456	1	600	0.1	0.196368	0	0	0	
27	2	5	51	457	1	200	0.99	0.899603	0	0	0	
27	2	5	128	458	1	400	0.25	0.4023	0	0	0	
27	2	5	121	459	2	0	0.9	0	25	0	23.5	
27	2	5	122	460	2	0	0.9	0	50	0	47	
27	2	5	2	461	1	300	0.01	0.0660489	0	0	0	
27	2	5	160	462	2	0	0.99	0	75	50	74.5	
27	2	5	8	463	1	400	0.05	0.0958898	0	0	0	
27	2	5	104	464	1	500	0.95	0.897556	0	0	0	
27	2	5	117	465	2	0	0.75	0	150	50	128	
27	2	5	86	466	2	0	0.5	0	100	50	75	
27	2	5	89	467	1	500	0.6	0.546188	0	0	0	
27	2	5	149	468	1	500	0.75	0.596803	0	0	0	
27	2	5	23	469	1	400	0.4	0.5	0	0	0	
27	2	5	152	470	2	0	0.99	0	50	0	49	
27	2	5	263	471	1	400	0.9	0.801408	0	0	0	
27	2	5	184	472	1	500	0.25	0.393582	0	0	0	
27	2	5	40	473	1	600	0.75	0.699457	0	0	0	
27	2	5	269	474	1	500	0.95	0.899369	0	0	0	
27	2	5	96	475	1	200	0.9	0.690576	0	0	0	
27	2	5	37	476	1	300	0.75	0.697758	0	0	0	
27	2	5	124	477	2	0	0.9	0	100	0	94	
27	2	5	201	478	1	200	0.75	0.601597	0	0	0	
27	2	5	46	479	1	200	0.95	0.898307	0	0	0	
27	2	5	145	480	2	0	0.95	0	75	50	74.5	
27	2	5	27	481	2	0	0.05	0	150	50	60	
27	2	5	115	482	1	600	0.01	0.0596844	0	0	0	
27	2	5	198	483	1	400	0.6	0.551106	0	0	0	
27	2	5	316	484	1	200	0.9	0.707188	0	0	0	
27	2	5	112	485	1	300	0.01	0.0980216	0	0	0	
27	2	5	17	486	2	0	0.05	0	50	0	5	
27	2	5	56	487	2	0	0.25	0	100	50	65	
27	2	5	156	488	1	200	0.95	0.798444	0	0	0	
27	2	5	11	489	2	0	0.01	0	100	50	53	
27	2	5	58	490	1	400	0.01	0.0673448	0	0	0	
27	2	5	152	491	1	300	0.9	0.796901	0	0	0	
27	2	5	200	492	1	600	0.6	0.5	0	0	0	
27	2	5	226	493	1	200	0.05	0.0979464	0	0	0	
27	2	5	90	494	1	600	0.6	0.598859	0	0	0	
27	2	5	313	495	1	400	0.75	0.75564	0	0	0	
