Subject#	Session#	Block#	Stim#	Trial#	Task	Numerosity	P_true	P_reported	x1	x2	CE	
26	1	1	108	1	1	400	0.99	0.983491	0	0	0	
26	1	1	152	2	1	300	0.9	0.939312	0	0	0	
26	1	1	84	3	1	500	0.5	0.532725	0	0	0	
26	1	1	280	4	1	600	0.01	0.0133817	0	0	0	
26	1	1	313	5	1	400	0.75	0.741359	0	0	0	
26	1	1	62	6	2	0	0.4	0	50	0	13	
26	1	1	215	7	1	600	0.95	0.947742	0	0	0	
26	1	1	88	8	1	400	0.6	0.653446	0	0	0	
26	1	1	207	9	1	300	0.9	0.835698	0	0	0	
26	1	1	196	10	1	200	0.6	0.730735	0	0	0	
26	1	1	144	11	2	0	0.95	0	50	25	43.5	
26	1	1	277	12	1	300	0.01	0.0108828	0	0	0	
26	1	1	142	13	2	0	0.95	0	400	0	264	
26	1	1	321	14	1	200	0.95	0.944283	0	0	0	
26	1	1	251	15	1	200	0.6	0.791956	0	0	0	
26	1	1	40	16	1	600	0.75	0.829218	0	0	0	
26	1	1	78	17	1	400	0.4	0.46034	0	0	0	
26	1	1	110	18	1	600	0.99	0.95676	0	0	0	
26	1	1	209	19	1	500	0.9	0.914982	0	0	0	
26	1	1	224	20	1	500	0.01	0.00431492	0	0	0	
26	1	1	147	21	2	0	0.95	0	150	50	128	
26	1	1	125	22	1	600	0.1	0.255329	0	0	0	
26	1	1	107	23	1	300	0.99	0.991258	0	0	0	
26	1	1	222	24	1	300	0.01	0.00178063	0	0	0	
26	1	1	116	25	2	0	0.75	0	100	50	75	
26	1	1	58	26	1	400	0.01	0.00789742	0	0	0	
26	1	1	109	27	2	0	0.75	0	100	0	70	
26	1	1	68	28	2	0	0.4	0	800	0	176	
26	1	1	79	29	1	500	0.4	0.349261	0	0	0	
26	1	1	270	30	1	600	0.95	0.933044	0	0	0	
26	1	1	39	31	1	500	0.75	0.849302	0	0	0	
26	1	1	72	32	1	300	0.25	0.364015	0	0	0	
26	1	1	39	33	2	0	0.1	0	50	25	26.5	
26	1	1	65	34	2	0	0.4	0	150	0	39	
26	1	1	94	35	1	500	0.75	0.742212	0	0	0	
26	1	1	90	36	2	0	0.5	0	200	150	163	
26	1	1	106	37	2	0	0.75	0	25	0	11.5	
26	1	1	44	38	1	500	0.9	0.942235	0	0	0	
26	1	1	194	39	1	500	0.5	0.39421	0	0	0	
26	1	1	310	40	1	600	0.6	0.5	0	0	0	
26	1	1	267	41	1	300	0.95	0.954252	0	0	0	
26	1	1	260	42	1	600	0.75	0.64265	0	0	0	
26	1	1	214	43	1	500	0.95	0.936976	0	0	0	
26	1	1	52	44	1	300	0.99	0.988379	0	0	0	
26	1	1	17	45	2	0	0.05	0	50	0	1	
26	1	1	59	46	2	0	0.25	0	200	100	106	
26	1	1	206	47	1	200	0.9	0.926587	0	0	0	
26	1	1	210	48	1	600	0.9	0.936937	0	0	0	
26	1	1	218	49	1	400	0.99	0.9968	0	0	0	
26	1	1	167	50	1	300	0.01	0.0123689	0	0	0	
26	1	1	45	51	2	0	0.1	0	200	150	153	
26	1	1	55	52	2	0	0.25	0	75	50	55.5	
26	1	1	87	53	2	0	0.5	0	150	50	64	
26	1	1	67	54	1	300	0.1	0.106717	0	0	0	
26	1	1	20	55	2	0	0.05	0	150	0	15	
26	1	1	128	56	2	0	0.9	0	800	0	400	
26	1	1	37	57	2	0	0.1	0	400	0	88	
26	1	1	51	58	2	0	0.25	0	200	0	84	
26	1	1	52	59	2	0	0.25	0	400	0	88	
26	1	1	68	60	1	400	0.1	0.144231	0	0	0	
26	1	1	264	61	1	500	0.9	0.908193	0	0	0	
26	1	1	47	62	2	0	0.25	0	50	0	13	
26	1	1	319	63	1	500	0.9	0.959789	0	0	0	
26	1	1	228	64	1	400	0.05	0.0661373	0	0	0	
26	1	1	76	65	2	0	0.5	0	25	0	8.5	
26	1	1	185	66	1	600	0.25	0.259614	0	0	0	
26	1	1	61	67	1	200	0.05	0.0493704	0	0	0	
26	1	1	97	68	2	0	0.6	0	400	0	120	
26	1	1	149	69	2	0	0.95	0	200	100	170	
26	1	1	85	70	1	600	0.5	0.529399	0	0	0	
26	1	1	111	71	1	200	0.01	0.0102504	0	0	0	
26	1	1	327	72	1	300	0.99	0.988339	0	0	0	
26	1	1	12	73	1	300	0.1	0.0233022	0	0	0	
26	1	1	129	74	1	500	0.25	0.177774	0	0	0	
26	1	1	203	75	1	400	0.75	0.90994	0	0	0	
26	1	1	187	76	1	300	0.4	0.472317	0	0	0	
26	1	1	95	77	2	0	0.6	0	150	0	75	
26	1	1	22	78	1	300	0.4	0.443653	0	0	0	
26	1	1	159	79	2	0	0.99	0	50	25	48.5	
26	1	1	64	80	1	500	0.05	0.0544257	0	0	0	
26	1	1	50	81	1	600	0.95	0.950687	0	0	0	
26	1	1	28	82	1	400	0.5	0.504861	0	0	0	
26	1	1	230	83	1	600	0.05	0.077274	0	0	0	
26	1	1	48	84	2	0	0.25	0	75	0	19.5	
26	1	1	40	85	2	0	0.1	0	75	50	56.5	
26	1	1	200	86	1	600	0.6	0.412454	0	0	0	
26	1	1	113	87	2	0	0.75	0	800	0	368	
26	1	1	11	88	1	200	0.1	0.107628	0	0	0	
26	1	1	107	89	2	0	0.75	0	50	0	27	
26	1	1	253	90	1	400	0.6	0.484538	0	0	0	
26	1	1	87	91	1	300	0.6	0.530066	0	0	0	
26	1	1	177	92	1	300	0.1	0.140848	0	0	0	
26	1	1	6	93	1	200	0.05	0.0321478	0	0	0	
26	1	1	38	94	1	400	0.75	0.934477	0	0	0	
26	1	1	161	95	2	0	0.99	0	100	50	95	
26	1	1	293	96	1	400	0.25	0.266492	0	0	0	
26	1	1	304	97	1	500	0.5	0.469788	0	0	0	
26	1	1	191	98	1	200	0.5	0.52985	0	0	0	
26	1	1	60	99	2	0	0.25	0	200	150	165	
26	1	2	89	100	1	500	0.6	0.721836	0	0	0	
26	1	2	9	101	2	0	0.01	0	50	25	26.5	
26	1	2	60	102	1	600	0.01	0.00166564	0	0	0	
26	1	2	155	103	1	600	0.9	0.990316	0	0	0	
26	1	2	53	104	2	0	0.25	0	800	0	176	
26	1	2	71	105	1	200	0.25	0.159419	0	0	0	
26	1	2	117	106	1	300	0.05	0.0773537	0	0	0	
26	1	2	75	107	2	0	0.4	0	200	150	165	
26	1	2	211	108	1	200	0.95	0.988184	0	0	0	
26	1	2	294	109	1	500	0.25	0.0748946	0	0	0	
26	1	2	43	110	1	400	0.9	0.949869	0	0	0	
26	1	2	162	111	1	300	0.99	0.996632	0	0	0	
26	1	2	67	112	2	0	0.4	0	400	0	104	
26	1	2	216	113	1	200	0.99	0.99917	0	0	0	
26	1	2	114	114	2	0	0.75	0	50	25	32.5	
26	1	2	1	115	2	0	0.01	0	25	0	1.5	
26	1	2	143	116	2	0	0.95	0	800	0	752	
26	1	2	238	117	1	400	0.25	0.16746	0	0	0	
26	1	2	61	118	2	0	0.4	0	25	0	11.5	
26	1	2	292	119	1	300	0.25	0.305691	0	0	0	
26	1	2	104	120	2	0	0.6	0	200	100	122	
26	1	2	240	121	1	600	0.25	0.177496	0	0	0	
26	1	2	56	122	1	200	0.01	0.00209466	0	0	0	
26	1	2	295	123	1	600	0.25	0.250366	0	0	0	
26	1	2	316	124	1	200	0.9	0.972213	0	0	0	
26	1	2	255	125	1	600	0.6	0.559881	0	0	0	
26	1	2	275	126	1	600	0.99	0.99917	0	0	0	
26	1	2	160	127	1	600	0.95	0.987012	0	0	0	
26	1	2	324	128	1	500	0.95	0.986702	0	0	0	
26	1	2	259	129	1	500	0.75	0.96358	0	0	0	
26	1	2	124	130	1	500	0.1	0.039304	0	0	0	
26	1	2	53	131	1	400	0.99	0.999533	0	0	0	
26	1	2	16	132	1	200	0.25	0.273909	0	0	0	
26	1	2	121	133	2	0	0.9	0	25	0	13.5	
26	1	2	157	134	2	0	0.99	0	400	0	376	
26	1	2	154	135	1	500	0.9	0.916361	0	0	0	
26	1	2	132	136	2	0	0.9	0	150	50	108	
26	1	2	109	137	1	500	0.99	0.996437	0	0	0	
26	1	2	130	138	1	600	0.25	0.0563894	0	0	0	
26	1	2	281	139	1	200	0.05	0.00693324	0	0	0	
26	1	2	81	140	2	0	0.5	0	200	0	92	
26	1	2	10	141	1	600	0.05	0.00885275	0	0	0	
26	1	2	13	142	2	0	0.01	0	150	100	107	
26	1	2	92	143	1	300	0.75	0.419986	0	0	0	
26	1	2	300	144	1	600	0.4	0.438823	0	0	0	
26	1	2	83	145	1	400	0.5	0.546891	0	0	0	
26	1	2	305	146	1	600	0.5	0.507678	0	0	0	
26	1	2	16	147	2	0	0.05	0	25	0	1.5	
26	1	2	83	148	2	0	0.5	0	800	0	176	
26	1	2	261	149	1	200	0.9	0.936963	0	0	0	
26	1	2	145	150	1	600	0.6	0.586037	0	0	0	
26	1	2	138	151	2	0	0.95	0	75	0	70.5	
26	1	2	18	152	2	0	0.05	0	75	0	7.5	
26	1	2	150	153	2	0	0.95	0	200	150	175	
26	1	2	272	154	1	300	0.99	0.994385	0	0	0	
26	1	2	124	155	2	0	0.9	0	100	0	70	
26	1	2	298	156	1	400	0.4	0.314918	0	0	0	
26	1	2	24	157	1	500	0.4	0.392445	0	0	0	
26	1	2	31	158	1	200	0.6	0.601871	0	0	0	
26	1	2	57	159	2	0	0.25	0	150	50	60	
26	1	2	123	160	2	0	0.9	0	75	0	52.5	
26	1	2	246	161	1	200	0.5	0.319323	0	0	0	
26	1	2	249	162	1	500	0.5	0.470433	0	0	0	
26	1	2	213	163	1	400	0.95	0.972054	0	0	0	
26	1	2	137	164	2	0	0.95	0	50	0	37	
26	1	2	223	165	1	400	0.01	0.0033817	0	0	0	
26	1	2	96	166	1	200	0.9	0.974663	0	0	0	
26	1	2	149	167	1	500	0.75	0.75422	0	0	0	
26	1	2	105	168	2	0	0.6	0	200	150	165	
26	1	2	239	169	1	500	0.25	0.359026	0	0	0	
26	1	2	121	170	1	200	0.1	0.0520948	0	0	0	
26	1	2	97	171	1	300	0.9	0.97193	0	0	0	
26	1	2	9	172	1	500	0.05	0.0302106	0	0	0	
26	1	2	127	173	1	300	0.25	0.0761728	0	0	0	
26	1	2	7	174	2	0	0.01	0	400	0	24	
26	1	2	98	175	2	0	0.6	0	800	0	400	
26	1	2	175	176	1	600	0.05	0.0207413	0	0	0	
26	1	2	234	177	1	500	0.1	0.046783	0	0	0	
26	1	2	311	178	1	200	0.75	0.715587	0	0	0	
26	1	2	98	179	1	400	0.9	0.907737	0	0	0	
26	1	2	41	180	2	0	0.1	0	100	50	65	
26	1	2	108	181	2	0	0.75	0	75	0	52.5	
26	1	2	235	182	1	600	0.1	0.133497	0	0	0	
26	1	2	63	183	2	0	0.4	0	75	0	25.5	
26	1	2	132	184	1	300	0.4	0.371198	0	0	0	
26	1	2	36	185	1	200	0.75	0.797498	0	0	0	
26	1	2	290	186	1	600	0.1	0.129012	0	0	0	
26	1	2	279	187	1	500	0.01	0.00749494	0	0	0	
26	1	2	161	188	1	200	0.99	0.995663	0	0	0	
26	1	2	148	189	2	0	0.95	0	150	100	125	
26	1	2	262	190	1	300	0.9	0.951359	0	0	0	
26	1	2	5	191	2	0	0.01	0	150	0	15	
26	1	2	105	192	1	600	0.95	0.965508	0	0	0	
26	1	2	11	193	2	0	0.01	0	100	50	63	
26	1	2	146	194	1	200	0.75	0.92484	0	0	0	
26	1	2	25	195	2	0	0.05	0	75	50	56.5	
26	1	2	73	196	1	400	0.25	0.409827	0	0	0	
26	1	2	173	197	1	400	0.05	0.0317719	0	0	0	
26	1	2	74	198	1	500	0.25	0.173506	0	0	0	
26	1	3	153	199	1	400	0.9	0.970294	0	0	0	
26	1	3	77	200	1	300	0.4	0.78246	0	0	0	
26	1	3	229	201	1	500	0.05	0.0651555	0	0	0	
26	1	3	14	202	2	0	0.01	0	200	100	110	
26	1	3	205	203	1	600	0.75	0.822633	0	0	0	
26	1	3	285	204	1	600	0.05	0.121936	0	0	0	
26	1	3	15	205	1	600	0.1	0.157394	0	0	0	
26	1	3	134	206	2	0	0.9	0	200	100	154	
26	1	3	25	207	1	600	0.4	0.406749	0	0	0	
26	1	3	266	208	1	200	0.95	0.979984	0	0	0	
26	1	3	75	209	1	600	0.25	0.310313	0	0	0	
26	1	3	35	210	2	0	0.1	0	150	0	21	
26	1	3	269	211	1	500	0.95	0.964075	0	0	0	
26	1	3	3	212	2	0	0.01	0	75	0	4.5	
26	1	3	37	213	1	300	0.75	0.755131	0	0	0	
26	1	3	140	214	2	0	0.95	0	150	0	117	
26	1	3	283	215	1	400	0.05	0.0480568	0	0	0	
26	1	3	33	216	2	0	0.1	0	75	0	16.5	
26	1	3	2	217	1	300	0.01	0.00305441	0	0	0	
26	1	3	57	218	1	300	0.01	0.00238656	0	0	0	
26	1	3	102	219	2	0	0.6	0	150	50	76	
26	1	3	77	220	2	0	0.5	0	50	0	15	
26	1	3	32	221	2	0	0.1	0	50	0	11	
26	1	3	178	222	1	400	0.1	0.176929	0	0	0	
26	1	3	8	223	2	0	0.01	0	800	0	48	
26	1	3	308	224	1	400	0.6	0.554273	0	0	0	
26	1	3	134	225	1	500	0.4	0.5	0	0	0	
26	1	3	252	226	1	300	0.6	0.742699	0	0	0	
26	1	3	233	227	1	400	0.1	0.0734439	0	0	0	
26	1	3	36	228	2	0	0.1	0	200	0	20	
26	1	3	323	229	1	400	0.95	0.98431	0	0	0	
26	1	3	32	230	1	300	0.6	0.823884	0	0	0	
26	1	3	317	231	1	300	0.9	0.973938	0	0	0	
26	1	3	156	232	2	0	0.99	0	200	0	180	
26	1	3	135	233	1	600	0.4	0.5	0	0	0	
26	1	3	193	234	1	400	0.5	0.536997	0	0	0	
26	1	3	54	235	1	500	0.99	0.991541	0	0	0	
26	1	3	237	236	1	300	0.25	0.259291	0	0	0	
26	1	3	219	237	1	500	0.99	0.99737	0	0	0	
26	1	3	73	238	2	0	0.4	0	150	100	113	
26	1	3	5	239	1	600	0.01	0.0155091	0	0	0	
26	1	3	325	240	1	600	0.95	0.9835	0	0	0	
26	1	3	20	241	1	600	0.25	0.40398	0	0	0	
26	1	3	81	242	1	200	0.5	0.548253	0	0	0	
26	1	3	58	243	2	0	0.25	0	150	100	105	
26	1	3	113	244	1	400	0.01	0.00570811	0	0	0	
26	1	3	70	245	2	0	0.4	0	75	50	51.5	
26	1	3	314	246	1	500	0.75	0.84545	0	0	0	
26	1	3	258	247	1	400	0.75	0.809479	0	0	0	
26	1	3	26	248	1	200	0.5	0.685423	0	0	0	
26	1	3	93	249	1	400	0.75	0.740151	0	0	0	
26	1	3	119	250	2	0	0.75	0	200	100	146	
26	1	3	30	251	1	600	0.5	0.45525	0	0	0	
26	1	3	62	252	1	300	0.05	0.056186	0	0	0	
26	1	3	242	253	1	300	0.4	0.170233	0	0	0	
26	1	3	18	254	1	400	0.25	0.265541	0	0	0	
26	1	3	122	255	2	0	0.9	0	50	0	35	
26	1	3	12	256	2	0	0.01	0	150	50	52	
26	1	3	160	257	2	0	0.99	0	75	50	72.5	
26	1	3	141	258	2	0	0.95	0	200	0	180	
26	1	3	165	259	1	600	0.99	0.997123	0	0	0	
26	1	3	101	260	1	200	0.95	0.989042	0	0	0	
26	1	3	112	261	1	300	0.01	0.0043503	0	0	0	
26	1	3	226	262	1	200	0.05	0.00902966	0	0	0	
26	1	3	27	263	2	0	0.05	0	150	50	56	
26	1	3	66	264	2	0	0.4	0	200	0	60	
26	1	3	101	265	2	0	0.6	0	100	50	65	
26	1	3	93	266	2	0	0.6	0	75	0	34.5	
26	1	3	147	267	1	300	0.75	0.858935	0	0	0	
26	1	3	232	268	1	300	0.1	0.216195	0	0	0	
26	1	3	278	269	1	400	0.01	0.00523487	0	0	0	
26	1	3	48	270	1	400	0.95	0.976393	0	0	0	
26	1	3	86	271	1	200	0.6	0.816321	0	0	0	
26	1	3	256	272	1	200	0.75	0.917069	0	0	0	
26	1	3	3	273	1	400	0.01	0.0145361	0	0	0	
26	1	3	276	274	1	200	0.01	0.00316056	0	0	0	
26	1	3	171	275	1	200	0.05	0.00832201	0	0	0	
26	1	3	192	276	1	300	0.5	0.831775	0	0	0	
26	1	3	44	277	2	0	0.1	0	200	100	110	
26	1	3	179	278	1	500	0.1	0.0862259	0	0	0	
26	1	3	74	279	2	0	0.4	0	200	100	134	
26	1	3	100	280	1	600	0.9	0.973894	0	0	0	
26	1	3	271	281	1	200	0.99	0.99622	0	0	0	
26	1	3	56	282	2	0	0.25	0	100	50	63	
26	1	3	202	283	1	300	0.75	0.833433	0	0	0	
26	1	3	85	284	2	0	0.5	0	75	50	56.5	
26	1	3	159	285	1	500	0.95	0.970568	0	0	0	
26	1	3	90	286	1	600	0.6	0.574149	0	0	0	
26	1	3	129	287	2	0	0.9	0	50	25	37.5	
26	1	3	126	288	1	200	0.25	0.327116	0	0	0	
26	1	3	274	289	1	500	0.99	0.979321	0	0	0	
26	1	3	106	290	1	200	0.99	0.994248	0	0	0	
26	1	3	49	291	2	0	0.25	0	100	0	26	
26	1	3	1	292	1	200	0.01	0.00136489	0	0	0	
26	1	3	29	293	2	0	0.05	0	200	100	106	
26	1	3	96	294	2	0	0.6	0	200	0	68	
26	1	3	184	295	1	500	0.25	0.214519	0	0	0	
26	1	3	104	296	1	500	0.95	0.915627	0	0	0	
26	1	3	133	297	2	0	0.9	0	150	100	125	
26	1	4	42	298	1	300	0.9	0.96752	0	0	0	
26	1	4	70	299	1	600	0.1	0.0296932	0	0	0	
26	1	4	133	300	1	400	0.4	0.415869	0	0	0	
26	1	4	119	301	1	500	0.05	0.0831918	0	0	0	
26	1	4	183	302	1	400	0.25	0.13945	0	0	0	
26	1	4	50	303	2	0	0.25	0	150	0	45	
26	1	4	299	304	1	500	0.4	0.384131	0	0	0	
26	1	4	236	305	1	200	0.25	0.386523	0	0	0	
26	1	4	197	306	1	300	0.6	0.54724	0	0	0	
26	1	4	244	307	1	500	0.4	0.439354	0	0	0	
26	1	4	30	308	2	0	0.05	0	200	150	155	
26	1	4	131	309	1	200	0.4	0.635127	0	0	0	
26	1	4	92	310	2	0	0.6	0	50	0	27	
26	1	4	19	311	2	0	0.05	0	100	0	10	
26	1	4	111	312	2	0	0.75	0	200	0	132	
26	1	4	100	313	2	0	0.6	0	75	50	56.5	
26	1	4	125	314	2	0	0.9	0	150	0	111	
26	1	4	146	315	2	0	0.95	0	100	50	87	
26	1	4	114	316	1	500	0.01	0.00293942	0	0	0	
26	1	4	312	317	1	300	0.75	0.860475	0	0	0	
26	1	4	158	318	1	400	0.95	0.9812	0	0	0	
26	1	4	306	319	1	200	0.6	0.762663	0	0	0	
26	1	4	204	320	1	500	0.75	0.877688	0	0	0	
26	1	4	71	321	2	0	0.4	0	100	50	65	
26	1	4	76	322	1	200	0.4	0.491504	0	0	0	
26	1	4	135	323	2	0	0.9	0	200	150	175	
26	1	4	172	324	1	300	0.05	0.0270572	0	0	0	
26	1	4	63	325	1	400	0.05	0.0138461	0	0	0	
26	1	4	128	326	1	400	0.25	0.241972	0	0	0	
26	1	4	320	327	1	600	0.9	0.929922	0	0	0	
26	1	4	286	328	1	200	0.1	0.074324	0	0	0	
26	1	4	116	329	1	200	0.05	0.00971078	0	0	0	
26	1	4	297	330	1	300	0.4	0.240172	0	0	0	
26	1	4	166	331	1	200	0.01	0.0053764	0	0	0	
26	1	4	268	332	1	400	0.95	0.95733	0	0	0	
26	1	4	289	333	1	500	0.1	0.0442974	0	0	0	
26	1	4	54	334	2	0	0.25	0	50	25	26.5	
26	1	4	176	335	1	200	0.1	0.0475835	0	0	0	
26	1	4	221	336	1	200	0.01	0.00247944	0	0	0	
26	1	4	174	337	1	500	0.05	0.00483239	0	0	0	
26	1	4	291	338	1	200	0.25	0.229234	0	0	0	
26	1	4	4	339	1	500	0.01	0.00409378	0	0	0	
26	1	4	151	340	2	0	0.99	0	25	0	23.5	
26	1	4	145	341	2	0	0.95	0	75	50	67.5	
26	1	4	127	342	2	0	0.9	0	400	0	312	
26	1	4	64	343	2	0	0.4	0	100	0	30	
26	1	4	142	344	1	300	0.6	0.504003	0	0	0	
26	1	4	265	345	1	600	0.9	0.81346	0	0	0	
26	1	4	23	346	2	0	0.05	0	800	0	48	
26	1	4	120	347	1	600	0.05	0.0741029	0	0	0	
26	1	4	126	348	2	0	0.9	0	200	0	148	
26	1	4	79	349	2	0	0.5	0	100	0	46	
26	1	4	151	350	1	200	0.9	0.82265	0	0	0	
26	1	4	103	351	2	0	0.6	0	150	100	113	
26	1	4	220	352	1	600	0.99	0.996972	0	0	0	
26	1	4	287	353	1	300	0.1	0.0104007	0	0	0	
26	1	4	28	354	2	0	0.05	0	150	100	113	
26	1	4	141	355	1	200	0.6	0.680102	0	0	0	
26	1	4	51	356	1	200	0.99	0.993757	0	0	0	
26	1	4	144	357	1	500	0.6	0.582486	0	0	0	
26	1	4	248	358	1	400	0.5	0.5	0	0	0	
26	1	4	199	359	1	500	0.6	0.558673	0	0	0	
26	1	4	136	360	1	200	0.5	0.5	0	0	0	
26	1	4	296	361	1	200	0.4	0.454803	0	0	0	
26	1	4	180	362	1	600	0.1	0.837922	0	0	0	
26	1	4	136	363	2	0	0.95	0	25	0	22.5	
26	1	4	122	364	1	300	0.1	0.146779	0	0	0	
26	1	4	80	365	1	600	0.4	0.456187	0	0	0	
26	1	4	241	366	1	200	0.4	0.471269	0	0	0	
26	1	4	49	367	1	500	0.95	0.836264	0	0	0	
26	1	4	273	368	1	400	0.99	0.995322	0	0	0	
26	1	4	212	369	1	300	0.95	0.984451	0	0	0	
26	1	4	165	370	2	0	0.99	0	200	150	195	
26	1	4	84	371	2	0	0.5	0	50	25	37.5	
26	1	4	168	372	1	400	0.01	0.00695093	0	0	0	
26	1	4	247	373	1	300	0.5	0.407633	0	0	0	
26	1	4	46	374	2	0	0.25	0	25	0	5.5	
26	1	4	302	375	1	300	0.5	0.43739	0	0	0	
26	1	4	198	376	1	400	0.6	0.575608	0	0	0	
26	1	4	330	377	1	600	0.99	0.975269	0	0	0	
26	1	4	243	378	1	400	0.4	0.484427	0	0	0	
26	1	4	231	379	1	200	0.1	0.0573403	0	0	0	
26	1	4	38	380	2	0	0.1	0	800	0	48	
26	1	4	19	381	1	500	0.25	0.441756	0	0	0	
26	1	4	21	382	2	0	0.05	0	200	0	20	
26	1	4	181	383	1	200	0.25	0.377921	0	0	0	
26	1	4	318	384	1	400	0.9	0.951191	0	0	0	
26	1	4	322	385	1	300	0.95	0.985017	0	0	0	
26	1	4	88	386	2	0	0.5	0	150	100	113	
26	1	4	164	387	2	0	0.99	0	200	100	178	
26	1	4	117	388	2	0	0.75	0	150	50	100	
26	1	4	328	389	1	400	0.99	0.986397	0	0	0	
26	1	4	154	390	2	0	0.99	0	100	0	94	
26	1	4	120	391	2	0	0.75	0	200	150	175	
26	1	4	263	392	1	400	0.9	0.846901	0	0	0	
26	1	4	329	393	1	500	0.99	0.990705	0	0	0	
26	1	4	139	394	2	0	0.95	0	100	0	90	
26	1	4	195	395	1	600	0.5	0.538373	0	0	0	
26	1	4	91	396	2	0	0.6	0	25	0	12.5	
26	1	5	47	397	1	300	0.95	0.995128	0	0	0	
26	1	5	46	398	1	200	0.95	0.983301	0	0	0	
26	1	5	307	399	1	300	0.6	0.816136	0	0	0	
26	1	5	188	400	1	400	0.4	0.607263	0	0	0	
26	1	5	102	401	1	300	0.95	0.948865	0	0	0	
26	1	5	94	402	2	0	0.6	0	100	0	54	
26	1	5	153	403	2	0	0.99	0	75	0	70.5	
26	1	5	80	404	2	0	0.5	0	150	0	75	
26	1	5	130	405	2	0	0.9	0	75	50	63.5	
26	1	5	35	406	1	600	0.6	0.456745	0	0	0	
26	1	5	284	407	1	500	0.05	0.0159293	0	0	0	
26	1	5	65	408	1	600	0.05	0.00518622	0	0	0	
26	1	5	45	409	1	600	0.9	0.972222	0	0	0	
26	1	5	152	410	2	0	0.99	0	50	0	47	
26	1	5	245	411	1	600	0.4	0.466851	0	0	0	
26	1	5	182	412	1	300	0.25	0.309216	0	0	0	
26	1	5	22	413	2	0	0.05	0	400	0	24	
26	1	5	82	414	2	0	0.5	0	400	0	120	
26	1	5	217	415	1	300	0.99	0.995685	0	0	0	
26	1	5	227	416	1	300	0.05	0.0139523	0	0	0	
26	1	5	225	417	1	600	0.01	0.00443434	0	0	0	
26	1	5	91	418	1	200	0.75	0.840147	0	0	0	
26	1	5	169	419	1	500	0.01	0.00856969	0	0	0	
26	1	5	288	420	1	400	0.1	0.0330014	0	0	0	
26	1	5	41	421	1	200	0.9	0.914955	0	0	0	
26	1	5	118	422	2	0	0.75	0	150	100	127	
26	1	5	137	423	1	300	0.5	0.600496	0	0	0	
26	1	5	309	424	1	500	0.6	0.659368	0	0	0	
26	1	5	155	425	2	0	0.99	0	150	0	141	
26	1	5	66	426	1	200	0.1	0.150764	0	0	0	
26	1	5	13	427	1	400	0.1	0.0880967	0	0	0	
26	1	5	326	428	1	200	0.99	0.978029	0	0	0	
26	1	5	59	429	1	500	0.01	0.00261213	0	0	0	
26	1	5	282	430	1	300	0.05	0.0280611	0	0	0	
26	1	5	163	431	1	400	0.99	0.992058	0	0	0	
26	1	5	27	432	1	300	0.5	0.418925	0	0	0	
26	1	5	26	433	2	0	0.05	0	100	50	61	
26	1	5	8	434	1	400	0.05	0.0217807	0	0	0	
26	1	5	2	435	2	0	0.01	0	50	0	5	
26	1	5	31	436	2	0	0.1	0	25	0	6.5	
26	1	5	43	437	2	0	0.1	0	150	100	103	
26	1	5	170	438	1	600	0.01	0.0159956	0	0	0	
26	1	5	115	439	1	600	0.01	0.00635827	0	0	0	
26	1	5	82	440	1	300	0.5	0.16689	0	0	0	
26	1	5	112	441	2	0	0.75	0	400	0	264	
26	1	5	143	442	1	400	0.6	0.559748	0	0	0	
26	1	5	115	443	2	0	0.75	0	75	50	63.5	
26	1	5	6	444	2	0	0.01	0	200	0	12	
26	1	5	148	445	1	400	0.75	0.844057	0	0	0	
26	1	5	34	446	2	0	0.1	0	100	0	10	
26	1	5	72	447	2	0	0.4	0	150	50	96	
26	1	5	301	448	1	200	0.5	0.734242	0	0	0	
26	1	5	42	449	2	0	0.1	0	150	50	56	
26	1	5	156	450	1	200	0.95	0.94909	0	0	0	
26	1	5	139	451	1	500	0.5	0.614751	0	0	0	
26	1	5	250	452	1	600	0.5	0.562291	0	0	0	
26	1	5	158	453	2	0	0.99	0	800	0	784	
26	1	5	303	454	1	400	0.5	0.552362	0	0	0	
26	1	5	10	455	2	0	0.01	0	75	50	52.5	
26	1	5	254	456	1	500	0.6	0.5	0	0	0	
26	1	5	15	457	2	0	0.01	0	200	150	153	
26	1	5	208	458	1	400	0.9	0.974252	0	0	0	
26	1	5	17	459	1	300	0.25	0.0821834	0	0	0	
26	1	5	78	460	2	0	0.5	0	75	0	37.5	
26	1	5	150	461	1	600	0.75	0.743278	0	0	0	
26	1	5	86	462	2	0	0.5	0	100	50	75	
26	1	5	69	463	1	500	0.1	0.132299	0	0	0	
26	1	5	95	464	1	600	0.75	0.855083	0	0	0	
26	1	5	157	465	1	300	0.95	0.981908	0	0	0	
26	1	5	23	466	1	400	0.4	0.141533	0	0	0	
26	1	5	257	467	1	300	0.75	0.883442	0	0	0	
26	1	5	186	468	1	200	0.4	0.118694	0	0	0	
26	1	5	99	469	2	0	0.6	0	50	25	37.5	
26	1	5	21	470	1	200	0.4	0.374781	0	0	0	
26	1	5	138	471	1	400	0.5	0.482932	0	0	0	
26	1	5	99	472	1	500	0.9	0.865105	0	0	0	
26	1	5	131	473	2	0	0.9	0	100	50	85	
26	1	5	24	474	2	0	0.05	0	50	25	26.5	
26	1	5	189	475	1	500	0.4	0.376408	0	0	0	
26	1	5	69	476	2	0	0.4	0	50	25	32.5	
26	1	5	118	477	1	400	0.05	0.0382292	0	0	0	
26	1	5	163	478	2	0	0.99	0	150	100	145	
26	1	5	110	479	2	0	0.75	0	150	0	111	
26	1	5	29	480	1	500	0.5	0.471008	0	0	0	
26	1	5	7	481	1	300	0.05	0.149813	0	0	0	
26	1	5	123	482	1	400	0.1	0.029963	0	0	0	
26	1	5	34	483	1	500	0.6	0.247739	0	0	0	
26	1	5	315	484	1	600	0.75	0.758232	0	0	0	
26	1	5	55	485	1	600	0.99	0.992377	0	0	0	
26	1	5	164	486	1	500	0.99	0.993867	0	0	0	
26	1	5	33	487	1	400	0.6	0.772155	0	0	0	
26	1	5	103	488	1	400	0.95	0.977229	0	0	0	
26	1	5	201	489	1	200	0.75	0.672752	0	0	0	
26	1	5	140	490	1	600	0.5	0.568496	0	0	0	
26	1	5	190	491	1	600	0.4	0.531698	0	0	0	
26	1	5	14	492	1	500	0.1	0.0113295	0	0	0	
26	1	5	89	493	2	0	0.5	0	200	100	130	
26	1	5	4	494	2	0	0.01	0	100	0	10	
26	1	5	162	495	2	0	0.99	0	150	50	140	
26	2	1	281	1	1	200	0.05	0.0296357	0	0	0	
26	2	1	115	2	1	600	0.01	0.00360727	0	0	0	
26	2	1	1	3	2	0	0.01	0	25	0	2.5	
26	2	1	90	4	2	0	0.5	0	200	150	173	
26	2	1	48	5	1	400	0.95	0.985579	0	0	0	
26	2	1	127	6	2	0	0.9	0	400	0	344	
26	2	1	57	7	1	300	0.01	0.0136648	0	0	0	
26	2	1	193	8	1	400	0.5	0.432454	0	0	0	
26	2	1	203	9	1	400	0.75	0.647046	0	0	0	
26	2	1	88	10	1	400	0.6	0.692155	0	0	0	
26	2	1	178	11	1	400	0.1	0.0437401	0	0	0	
26	2	1	75	12	1	600	0.25	0.487475	0	0	0	
26	2	1	96	13	2	0	0.6	0	200	0	100	
26	2	1	141	14	2	0	0.95	0	200	0	180	
26	2	1	107	15	2	0	0.75	0	50	0	27	
26	2	1	108	16	1	400	0.99	0.997215	0	0	0	
26	2	1	160	17	1	600	0.95	0.97733	0	0	0	
26	2	1	27	18	2	0	0.05	0	150	50	64	
26	2	1	82	19	2	0	0.5	0	400	0	120	
26	2	1	28	20	2	0	0.05	0	150	100	113	
26	2	1	81	21	2	0	0.5	0	200	0	108	
26	2	1	248	22	1	400	0.5	0.642827	0	0	0	
26	2	1	39	23	2	0	0.1	0	50	25	31.5	
26	2	1	45	24	1	600	0.9	0.960745	0	0	0	
26	2	1	66	25	1	200	0.1	0.131662	0	0	0	
26	2	1	68	26	2	0	0.4	0	800	0	272	
26	2	1	163	27	1	400	0.99	0.995685	0	0	0	
26	2	1	272	28	1	300	0.99	0.995548	0	0	0	
26	2	1	11	29	2	0	0.01	0	100	50	55	
26	2	1	3	30	1	400	0.01	0.00582753	0	0	0	
26	2	1	116	31	1	200	0.05	0.0175127	0	0	0	
26	2	1	137	32	2	0	0.95	0	50	0	45	
26	2	1	8	33	2	0	0.01	0	800	0	48	
26	2	1	145	34	1	600	0.6	0.360561	0	0	0	
26	2	1	238	35	1	400	0.25	0.47023	0	0	0	
26	2	1	83	36	1	400	0.5	0.520871	0	0	0	
26	2	1	8	37	1	400	0.05	0.122179	0	0	0	
26	2	1	21	38	1	200	0.4	0.44697	0	0	0	
26	2	1	94	39	1	500	0.75	0.690929	0	0	0	
26	2	1	271	40	1	200	0.99	0.994212	0	0	0	
26	2	1	85	41	1	600	0.5	0.582389	0	0	0	
26	2	1	265	42	1	600	0.9	0.820545	0	0	0	
26	2	1	15	43	2	0	0.01	0	200	150	155	
26	2	1	121	44	1	200	0.1	0.0826522	0	0	0	
26	2	1	69	45	1	500	0.1	0.385639	0	0	0	
26	2	1	37	46	2	0	0.1	0	400	0	56	
26	2	1	214	47	1	500	0.95	0.97998	0	0	0	
26	2	1	106	48	2	0	0.75	0	25	0	12.5	
26	2	1	114	49	2	0	0.75	0	50	25	36.5	
26	2	1	75	50	2	0	0.4	0	200	150	165	
26	2	1	226	51	1	200	0.05	0.124797	0	0	0	
26	2	1	251	52	1	200	0.6	0.420287	0	0	0	
26	2	1	228	53	1	400	0.05	0.174899	0	0	0	
26	2	1	155	54	1	600	0.9	0.917724	0	0	0	
26	2	1	94	55	2	0	0.6	0	100	0	50	
26	2	1	30	56	2	0	0.05	0	200	150	163	
26	2	1	300	57	1	600	0.4	0.543162	0	0	0	
26	2	1	150	58	2	0	0.95	0	200	150	185	
26	2	1	107	59	1	300	0.99	0.945804	0	0	0	
26	2	1	291	60	1	200	0.25	0.414193	0	0	0	
26	2	1	48	61	2	0	0.25	0	75	0	19.5	
26	2	1	33	62	1	400	0.6	0.631796	0	0	0	
26	2	1	240	63	1	600	0.25	0.511075	0	0	0	
26	2	1	68	64	1	400	0.1	0.163396	0	0	0	
26	2	1	49	65	2	0	0.25	0	100	0	26	
26	2	1	126	66	1	200	0.25	0.298721	0	0	0	
26	2	1	80	67	1	600	0.4	0.5	0	0	0	
26	2	1	29	68	2	0	0.05	0	200	100	110	
26	2	1	148	69	1	400	0.75	0.810558	0	0	0	
26	2	1	298	70	1	400	0.4	0.391897	0	0	0	
26	2	1	5	71	1	600	0.01	0.00912697	0	0	0	
26	2	1	99	72	2	0	0.6	0	50	25	37.5	
26	2	1	158	73	1	400	0.95	0.952872	0	0	0	
26	2	1	267	74	1	300	0.95	0.934716	0	0	0	
26	2	1	36	75	1	200	0.75	0.710226	0	0	0	
26	2	1	28	76	1	400	0.5	0.461004	0	0	0	
26	2	1	149	77	1	500	0.75	0.437678	0	0	0	
26	2	1	122	78	2	0	0.9	0	50	0	39	
26	2	1	278	79	1	400	0.01	0.0165441	0	0	0	
26	2	1	262	80	1	300	0.9	0.861182	0	0	0	
26	2	1	205	81	1	600	0.75	0.731244	0	0	0	
26	2	1	38	82	1	400	0.75	0.67338	0	0	0	
26	2	1	315	83	1	600	0.75	0.536011	0	0	0	
26	2	1	30	84	1	600	0.5	0.487497	0	0	0	
26	2	1	3	85	2	0	0.01	0	75	0	4.5	
26	2	1	35	86	1	600	0.6	0.554856	0	0	0	
26	2	1	99	87	1	500	0.9	0.850244	0	0	0	
26	2	1	64	88	2	0	0.4	0	100	0	30	
26	2	1	89	89	1	500	0.6	0.461119	0	0	0	
26	2	1	306	90	1	200	0.6	0.485378	0	0	0	
26	2	1	10	91	1	600	0.05	0.0187511	0	0	0	
26	2	1	113	92	1	400	0.01	0.0351111	0	0	0	
26	2	1	210	93	1	600	0.9	0.95649	0	0	0	
26	2	1	188	94	1	400	0.4	0.584428	0	0	0	
26	2	1	31	95	2	0	0.1	0	25	0	6.5	
26	2	1	98	96	2	0	0.6	0	800	0	368	
26	2	1	297	97	1	300	0.4	0.440225	0	0	0	
26	2	1	110	98	2	0	0.75	0	150	0	99	
26	2	1	233	99	1	400	0.1	0.176178	0	0	0	
26	2	2	87	100	2	0	0.5	0	150	50	72	
26	2	2	1	101	1	200	0.01	0.0814536	0	0	0	
26	2	2	143	102	1	400	0.6	0.575905	0	0	0	
26	2	2	11	103	1	200	0.1	0.0668273	0	0	0	
26	2	2	120	104	2	0	0.75	0	200	150	173	
26	2	2	289	105	1	500	0.1	0.0553987	0	0	0	
26	2	2	283	106	1	400	0.05	0.0717411	0	0	0	
26	2	2	25	107	2	0	0.05	0	75	50	53.5	
26	2	2	149	108	2	0	0.95	0	200	100	174	
26	2	2	53	109	2	0	0.25	0	800	0	80	
26	2	2	20	110	2	0	0.05	0	150	0	9	
26	2	2	139	111	2	0	0.95	0	100	0	86	
26	2	2	62	112	1	300	0.05	0.0717057	0	0	0	
26	2	2	133	113	2	0	0.9	0	150	100	125	
26	2	2	161	114	2	0	0.99	0	100	50	93	
26	2	2	292	115	1	300	0.25	0.325439	0	0	0	
26	2	2	293	116	1	400	0.25	0.346258	0	0	0	
26	2	2	63	117	1	400	0.05	0.0345716	0	0	0	
26	2	2	182	118	1	300	0.25	0.33463	0	0	0	
26	2	2	49	119	1	500	0.95	0.986083	0	0	0	
26	2	2	138	120	1	400	0.5	0.442631	0	0	0	
26	2	2	312	121	1	300	0.75	0.86951	0	0	0	
26	2	2	93	122	1	400	0.75	0.85511	0	0	0	
26	2	2	26	123	1	200	0.5	0.631606	0	0	0	
26	2	2	54	124	2	0	0.25	0	50	25	31.5	
26	2	2	65	125	2	0	0.4	0	150	0	51	
26	2	2	70	126	1	600	0.1	0.159663	0	0	0	
26	2	2	164	127	1	500	0.99	0.978728	0	0	0	
26	2	2	88	128	2	0	0.5	0	150	100	125	
26	2	2	295	129	1	600	0.25	0.412981	0	0	0	
26	2	2	154	130	2	0	0.99	0	100	0	90	
26	2	2	175	131	1	600	0.05	0.0864161	0	0	0	
26	2	2	123	132	2	0	0.9	0	75	0	52.5	
26	2	2	234	133	1	500	0.1	0.143993	0	0	0	
26	2	2	66	134	2	0	0.4	0	200	0	52	
26	2	2	302	135	1	300	0.5	0.680518	0	0	0	
26	2	2	4	136	2	0	0.01	0	100	0	6	
26	2	2	198	137	1	400	0.6	0.721014	0	0	0	
26	2	2	56	138	1	200	0.01	0.00812298	0	0	0	
26	2	2	25	139	1	600	0.4	0.452344	0	0	0	
26	2	2	125	140	2	0	0.9	0	150	0	111	
26	2	2	44	141	1	500	0.9	0.976658	0	0	0	
26	2	2	35	142	2	0	0.1	0	150	0	15	
26	2	2	151	143	2	0	0.99	0	25	0	21.5	
26	2	2	24	144	1	500	0.4	0.421273	0	0	0	
26	2	2	24	145	2	0	0.05	0	50	25	28.5	
26	2	2	254	146	1	500	0.6	0.709213	0	0	0	
26	2	2	72	147	1	300	0.25	0.153059	0	0	0	
26	2	2	97	148	2	0	0.6	0	400	0	200	
26	2	2	183	149	1	400	0.25	0.436258	0	0	0	
26	2	2	126	150	2	0	0.9	0	200	0	140	
26	2	2	18	151	1	400	0.25	0.434732	0	0	0	
26	2	2	266	152	1	200	0.95	0.919303	0	0	0	
26	2	2	314	153	1	500	0.75	0.680814	0	0	0	
26	2	2	239	154	1	500	0.25	0.321048	0	0	0	
26	2	2	47	155	1	300	0.95	0.973863	0	0	0	
26	2	2	17	156	2	0	0.05	0	50	0	5	
26	2	2	71	157	1	200	0.25	0.233869	0	0	0	
26	2	2	124	158	1	500	0.1	0.0487467	0	0	0	
26	2	2	33	159	2	0	0.1	0	75	0	7.5	
26	2	2	162	160	1	300	0.99	0.985561	0	0	0	
26	2	2	7	161	1	300	0.05	0.067588	0	0	0	
26	2	2	101	162	2	0	0.6	0	100	50	73	
26	2	2	200	163	1	600	0.6	0.732256	0	0	0	
26	2	2	32	164	1	300	0.6	0.621071	0	0	0	
26	2	2	159	165	2	0	0.99	0	50	25	43.5	
26	2	2	6	166	2	0	0.01	0	200	0	12	
26	2	2	105	167	1	600	0.95	0.97028	0	0	0	
26	2	2	76	168	2	0	0.5	0	25	0	11.5	
26	2	2	311	169	1	200	0.75	0.768121	0	0	0	
26	2	2	135	170	1	600	0.4	0.465807	0	0	0	
26	2	2	18	171	2	0	0.05	0	75	0	7.5	
26	2	2	86	172	1	200	0.6	0.649041	0	0	0	
26	2	2	12	173	1	300	0.1	0.250632	0	0	0	
26	2	2	317	174	1	300	0.9	0.743247	0	0	0	
26	2	2	40	175	1	600	0.75	0.66522	0	0	0	
26	2	2	261	176	1	200	0.9	0.751965	0	0	0	
26	2	2	142	177	2	0	0.95	0	400	0	296	
26	2	2	164	178	2	0	0.99	0	200	100	190	
26	2	2	67	179	1	300	0.1	0.169627	0	0	0	
26	2	2	134	180	1	500	0.4	0.248933	0	0	0	
26	2	2	316	181	1	200	0.9	0.674605	0	0	0	
26	2	2	117	182	1	300	0.05	0.0628821	0	0	0	
26	2	2	277	183	1	300	0.01	0.0246998	0	0	0	
26	2	2	98	184	1	400	0.9	0.818104	0	0	0	
26	2	2	181	185	1	200	0.25	0.0743107	0	0	0	
26	2	2	84	186	1	500	0.5	0.333224	0	0	0	
26	2	2	26	187	2	0	0.05	0	100	50	57	
26	2	2	263	188	1	400	0.9	0.916149	0	0	0	
26	2	2	19	189	1	500	0.25	0.55215	0	0	0	
26	2	2	225	190	1	600	0.01	0.0159426	0	0	0	
26	2	2	275	191	1	600	0.99	0.982938	0	0	0	
26	2	2	257	192	1	300	0.75	0.619903	0	0	0	
26	2	2	157	193	2	0	0.99	0	400	0	376	
26	2	2	171	194	1	200	0.05	0.0580568	0	0	0	
26	2	2	109	195	1	500	0.99	0.974088	0	0	0	
26	2	2	132	196	1	300	0.4	0.373427	0	0	0	
26	2	2	82	197	1	300	0.5	0.418912	0	0	0	
26	2	2	76	198	1	200	0.4	0.3818	0	0	0	
26	2	3	189	199	1	500	0.4	0.465409	0	0	0	
26	2	3	286	200	1	200	0.1	0.17401	0	0	0	
26	2	3	34	201	1	500	0.6	0.632437	0	0	0	
26	2	3	206	202	1	200	0.9	0.824251	0	0	0	
26	2	3	13	203	2	0	0.01	0	150	100	113	
26	2	3	146	204	2	0	0.95	0	100	50	87	
26	2	3	34	205	2	0	0.1	0	100	0	10	
26	2	3	125	206	1	600	0.1	0.119932	0	0	0	
26	2	3	19	207	2	0	0.05	0	100	0	6	
26	2	3	112	208	1	300	0.01	0.0344256	0	0	0	
26	2	3	223	209	1	400	0.01	0.0565752	0	0	0	
26	2	3	161	210	1	200	0.99	0.98231	0	0	0	
26	2	3	166	211	1	200	0.01	0.0169465	0	0	0	
26	2	3	196	212	1	200	0.6	0.442538	0	0	0	
26	2	3	55	213	2	0	0.25	0	75	50	57.5	
26	2	3	53	214	1	400	0.99	0.987751	0	0	0	
26	2	3	299	215	1	500	0.4	0.438761	0	0	0	
26	2	3	15	216	1	600	0.1	0.164917	0	0	0	
26	2	3	10	217	2	0	0.01	0	75	50	52.5	
26	2	3	56	218	2	0	0.25	0	100	50	65	
26	2	3	120	219	1	600	0.05	0.0334349	0	0	0	
26	2	3	95	220	2	0	0.6	0	150	0	75	
26	2	3	232	221	1	300	0.1	0.241759	0	0	0	
26	2	3	4	222	1	500	0.01	0.0330191	0	0	0	
26	2	3	129	223	2	0	0.9	0	50	25	38.5	
26	2	3	159	224	1	500	0.95	0.976786	0	0	0	
26	2	3	108	225	2	0	0.75	0	75	0	37.5	
26	2	3	165	226	1	600	0.99	0.986233	0	0	0	
26	2	3	128	227	2	0	0.9	0	800	0	592	
26	2	3	86	228	2	0	0.5	0	100	50	75	
26	2	3	201	229	1	200	0.75	0.621893	0	0	0	
26	2	3	104	230	2	0	0.6	0	200	100	130	
26	2	3	290	231	1	600	0.1	0.18899	0	0	0	
26	2	3	16	232	2	0	0.05	0	25	0	3.5	
26	2	3	37	233	1	300	0.75	0.817688	0	0	0	
26	2	3	215	234	1	600	0.95	0.922005	0	0	0	
26	2	3	264	235	1	500	0.9	0.725361	0	0	0	
26	2	3	136	236	1	200	0.5	0.479257	0	0	0	
26	2	3	260	237	1	600	0.75	0.6728	0	0	0	
26	2	3	259	238	1	500	0.75	0.648683	0	0	0	
26	2	3	138	239	2	0	0.95	0	75	0	67.5	
26	2	3	47	240	2	0	0.25	0	50	0	7	
26	2	3	157	241	1	300	0.95	0.98611	0	0	0	
26	2	3	229	242	1	500	0.05	0.127133	0	0	0	
26	2	3	170	243	1	600	0.01	0.0185963	0	0	0	
26	2	3	247	244	1	300	0.5	0.443742	0	0	0	
26	2	3	40	245	2	0	0.1	0	75	50	58.5	
26	2	3	131	246	1	200	0.4	0.5	0	0	0	
26	2	3	2	247	2	0	0.01	0	50	0	5	
26	2	3	256	248	1	200	0.75	0.655352	0	0	0	
26	2	3	258	249	1	400	0.75	0.651509	0	0	0	
26	2	3	301	250	1	200	0.5	0.450071	0	0	0	
26	2	3	117	251	2	0	0.75	0	150	50	100	
26	2	3	280	252	1	600	0.01	0.0121301	0	0	0	
26	2	3	131	253	2	0	0.9	0	100	50	75	
26	2	3	31	254	1	200	0.6	0.619346	0	0	0	
26	2	3	144	255	2	0	0.95	0	50	25	42.5	
26	2	3	152	256	2	0	0.99	0	50	0	45	
26	2	3	307	257	1	300	0.6	0.626206	0	0	0	
26	2	3	325	258	1	600	0.95	0.922624	0	0	0	
26	2	3	287	259	1	300	0.1	0.141472	0	0	0	
26	2	3	61	260	2	0	0.4	0	25	0	8.5	
26	2	3	55	261	1	600	0.99	0.965229	0	0	0	
26	2	3	121	262	2	0	0.9	0	25	0	17.5	
26	2	3	148	263	2	0	0.95	0	150	100	127	
26	2	3	39	264	1	500	0.75	0.817215	0	0	0	
26	2	3	9	265	1	500	0.05	0.0779463	0	0	0	
26	2	3	296	266	1	200	0.4	0.371999	0	0	0	
26	2	3	101	267	1	200	0.95	0.771801	0	0	0	
26	2	3	204	268	1	500	0.75	0.632827	0	0	0	
26	2	3	14	269	2	0	0.01	0	200	100	106	
26	2	3	303	270	1	400	0.5	0.541115	0	0	0	
26	2	3	167	271	1	300	0.01	0.0411129	0	0	0	
26	2	3	118	272	2	0	0.75	0	150	100	127	
26	2	3	213	273	1	400	0.95	0.906052	0	0	0	
26	2	3	135	274	2	0	0.9	0	200	150	175	
26	2	3	279	275	1	500	0.01	0.014828	0	0	0	
26	2	3	132	276	2	0	0.9	0	150	50	104	
26	2	3	58	277	1	400	0.01	0.0293482	0	0	0	
26	2	3	252	278	1	300	0.6	0.567554	0	0	0	
26	2	3	109	279	2	0	0.75	0	100	0	66	
26	2	3	328	280	1	400	0.99	0.986892	0	0	0	
26	2	3	42	281	1	300	0.9	0.843504	0	0	0	
26	2	3	221	282	1	200	0.01	0.0599454	0	0	0	
26	2	3	309	283	1	500	0.6	0.732986	0	0	0	
26	2	3	83	284	2	0	0.5	0	800	0	272	
26	2	3	61	285	1	200	0.05	0.135576	0	0	0	
26	2	3	288	286	1	400	0.1	0.138782	0	0	0	
26	2	3	227	287	1	300	0.05	0.0758897	0	0	0	
26	2	3	127	288	1	300	0.25	0.364816	0	0	0	
26	2	3	20	289	1	600	0.25	0.276576	0	0	0	
26	2	3	113	290	2	0	0.75	0	800	0	560	
26	2	3	102	291	1	300	0.95	0.916202	0	0	0	
26	2	3	51	292	2	0	0.25	0	200	0	44	
26	2	3	46	293	1	200	0.95	0.96645	0	0	0	
26	2	3	144	294	1	500	0.6	0.66173	0	0	0	
26	2	3	269	295	1	500	0.95	0.8425	0	0	0	
26	2	3	172	296	1	300	0.05	0.143174	0	0	0	
26	2	3	190	297	1	600	0.4	0.42712	0	0	0	
26	2	4	78	298	1	400	0.4	0.437505	0	0	0	
26	2	4	176	299	1	200	0.1	0.277146	0	0	0	
26	2	4	103	300	1	400	0.95	0.913319	0	0	0	
26	2	4	305	301	1	600	0.5	0.550009	0	0	0	
26	2	4	236	302	1	200	0.25	0.324988	0	0	0	
26	2	4	69	303	2	0	0.4	0	50	25	37.5	
26	2	4	150	304	1	600	0.75	0.645719	0	0	0	
26	2	4	50	305	1	600	0.95	0.731841	0	0	0	
26	2	4	313	306	1	400	0.75	0.562557	0	0	0	
26	2	4	133	307	1	400	0.4	0.456355	0	0	0	
26	2	4	237	308	1	300	0.25	0.427465	0	0	0	
26	2	4	29	309	1	500	0.5	0.458837	0	0	0	
26	2	4	185	310	1	600	0.25	0.369898	0	0	0	
26	2	4	6	311	1	200	0.05	0.142798	0	0	0	
26	2	4	27	312	1	300	0.5	0.261897	0	0	0	
26	2	4	115	313	2	0	0.75	0	75	50	63.5	
26	2	4	118	314	1	400	0.05	0.0793395	0	0	0	
26	2	4	59	315	2	0	0.25	0	200	100	130	
26	2	4	242	316	1	300	0.4	0.339809	0	0	0	
26	2	4	245	317	1	600	0.4	0.4264	0	0	0	
26	2	4	319	318	1	500	0.9	0.833358	0	0	0	
26	2	4	57	319	2	0	0.25	0	150	50	76	
26	2	4	243	320	1	400	0.4	0.476665	0	0	0	
26	2	4	143	321	2	0	0.95	0	800	0	720	
26	2	4	273	322	1	400	0.99	0.992735	0	0	0	
26	2	4	72	323	2	0	0.4	0	150	50	96	
26	2	4	79	324	1	500	0.4	0.480044	0	0	0	
26	2	4	165	325	2	0	0.99	0	200	150	187	
26	2	4	310	326	1	600	0.6	0.561274	0	0	0	
26	2	4	114	327	1	500	0.01	0.0240938	0	0	0	
26	2	4	320	328	1	600	0.9	0.939772	0	0	0	
26	2	4	231	329	1	200	0.1	0.169879	0	0	0	
26	2	4	186	330	1	200	0.4	0.36873	0	0	0	
26	2	4	179	331	1	500	0.1	0.334626	0	0	0	
26	2	4	22	332	1	300	0.4	0.263573	0	0	0	
26	2	4	128	333	1	400	0.25	0.343777	0	0	0	
26	2	4	136	334	2	0	0.95	0	25	0	19.5	
26	2	4	230	335	1	600	0.05	0.078539	0	0	0	
26	2	4	87	336	1	300	0.6	0.563702	0	0	0	
26	2	4	58	337	2	0	0.25	0	150	100	115	
26	2	4	156	338	2	0	0.99	0	200	0	188	
26	2	4	77	339	2	0	0.5	0	50	0	15	
26	2	4	209	340	1	500	0.9	0.911629	0	0	0	
26	2	4	276	341	1	200	0.01	0.125797	0	0	0	
26	2	4	212	342	1	300	0.95	0.771023	0	0	0	
26	2	4	154	343	1	500	0.9	0.8643	0	0	0	
26	2	4	244	344	1	500	0.4	0.276443	0	0	0	
26	2	4	65	345	1	600	0.05	0.140092	0	0	0	
26	2	4	145	346	2	0	0.95	0	75	50	67.5	
26	2	4	80	347	2	0	0.5	0	150	0	69	
26	2	4	7	348	2	0	0.01	0	400	0	24	
26	2	4	207	349	1	300	0.9	0.878431	0	0	0	
26	2	4	60	350	1	600	0.01	0.0268449	0	0	0	
26	2	4	112	351	2	0	0.75	0	400	0	232	
26	2	4	202	352	1	300	0.75	0.841164	0	0	0	
26	2	4	141	353	1	200	0.6	0.704525	0	0	0	
26	2	4	74	354	1	500	0.25	0.171622	0	0	0	
26	2	4	197	355	1	300	0.6	0.424148	0	0	0	
26	2	4	253	356	1	400	0.6	0.636077	0	0	0	
26	2	4	217	357	1	300	0.99	0.971306	0	0	0	
26	2	4	158	358	2	0	0.99	0	800	0	752	
26	2	4	63	359	2	0	0.4	0	75	0	28.5	
26	2	4	90	360	1	600	0.6	0.718041	0	0	0	
26	2	4	216	361	1	200	0.99	0.92557	0	0	0	
26	2	4	192	362	1	300	0.5	0.178818	0	0	0	
26	2	4	155	363	2	0	0.99	0	150	0	141	
26	2	4	104	364	1	500	0.95	0.850581	0	0	0	
26	2	4	12	365	2	0	0.01	0	150	50	56	
26	2	4	38	366	2	0	0.1	0	800	0	48	
26	2	4	162	367	2	0	0.99	0	150	50	140	
26	2	4	85	368	2	0	0.5	0	75	50	61.5	
26	2	4	13	369	1	400	0.1	0.170216	0	0	0	
26	2	4	147	370	2	0	0.95	0	150	50	128	
26	2	4	46	371	2	0	0.25	0	25	0	3.5	
26	2	4	177	372	1	300	0.1	0.273259	0	0	0	
26	2	4	92	373	1	300	0.75	0.569204	0	0	0	
26	2	4	152	374	1	300	0.9	0.833681	0	0	0	
26	2	4	270	375	1	600	0.95	0.926751	0	0	0	
26	2	4	77	376	1	300	0.4	0.262622	0	0	0	
26	2	4	208	377	1	400	0.9	0.865176	0	0	0	
26	2	4	268	378	1	400	0.95	0.934137	0	0	0	
26	2	4	23	379	1	400	0.4	0.373405	0	0	0	
26	2	4	92	380	2	0	0.6	0	50	0	27	
26	2	4	151	381	1	200	0.9	0.911129	0	0	0	
26	2	4	211	382	1	200	0.95	0.919396	0	0	0	
26	2	4	110	383	1	600	0.99	0.984716	0	0	0	
26	2	4	324	384	1	500	0.95	0.952063	0	0	0	
26	2	4	41	385	2	0	0.1	0	100	50	63	
26	2	4	142	386	1	300	0.6	0.662645	0	0	0	
26	2	4	41	387	1	200	0.9	0.635759	0	0	0	
26	2	4	44	388	2	0	0.1	0	200	100	110	
26	2	4	137	389	1	300	0.5	0.565639	0	0	0	
26	2	4	9	390	2	0	0.01	0	50	25	27.5	
26	2	4	71	391	2	0	0.4	0	100	50	65	
26	2	4	79	392	2	0	0.5	0	100	0	34	
26	2	4	103	393	2	0	0.6	0	150	100	123	
26	2	4	111	394	2	0	0.75	0	200	0	108	
26	2	4	67	395	2	0	0.4	0	400	0	136	
26	2	4	326	396	1	200	0.99	0.985583	0	0	0	
26	2	5	140	397	2	0	0.95	0	150	0	135	
26	2	5	195	398	1	600	0.5	0.454294	0	0	0	
26	2	5	323	399	1	400	0.95	0.920501	0	0	0	
26	2	5	169	400	1	500	0.01	0.0302195	0	0	0	
26	2	5	327	401	1	300	0.99	0.966278	0	0	0	
26	2	5	294	402	1	500	0.25	0.470004	0	0	0	
26	2	5	21	403	2	0	0.05	0	200	0	20	
26	2	5	100	404	1	600	0.9	0.891549	0	0	0	
26	2	5	129	405	1	500	0.25	0.162219	0	0	0	
26	2	5	130	406	2	0	0.9	0	75	50	62.5	
26	2	5	250	407	1	600	0.5	0.579876	0	0	0	
26	2	5	74	408	2	0	0.4	0	200	100	150	
26	2	5	97	409	1	300	0.9	0.965681	0	0	0	
26	2	5	220	410	1	600	0.99	0.978281	0	0	0	
26	2	5	5	411	2	0	0.01	0	150	0	15	
26	2	5	84	412	2	0	0.5	0	50	25	37.5	
26	2	5	199	413	1	500	0.6	0.557559	0	0	0	
26	2	5	153	414	2	0	0.99	0	75	0	70.5	
26	2	5	91	415	1	200	0.75	0.712637	0	0	0	
26	2	5	64	416	1	500	0.05	0.0755093	0	0	0	
26	2	5	122	417	1	300	0.1	0.431676	0	0	0	
26	2	5	43	418	2	0	0.1	0	150	100	115	
26	2	5	163	419	2	0	0.99	0	150	100	143	
26	2	5	73	420	2	0	0.4	0	150	100	117	
26	2	5	105	421	2	0	0.6	0	200	150	175	
26	2	5	284	422	1	500	0.05	0.172246	0	0	0	
26	2	5	119	423	2	0	0.75	0	200	100	150	
26	2	5	134	424	2	0	0.9	0	200	100	170	
26	2	5	81	425	1	200	0.5	0.560425	0	0	0	
26	2	5	224	426	1	500	0.01	0.0651599	0	0	0	
26	2	5	17	427	1	300	0.25	0.365988	0	0	0	
26	2	5	168	428	1	400	0.01	0.0282469	0	0	0	
26	2	5	174	429	1	500	0.05	0.128283	0	0	0	
26	2	5	42	430	2	0	0.1	0	150	50	60	
26	2	5	191	431	1	200	0.5	0.355908	0	0	0	
26	2	5	102	432	2	0	0.6	0	150	50	104	
26	2	5	235	433	1	600	0.1	0.17723	0	0	0	
26	2	5	146	434	1	200	0.75	0.637413	0	0	0	
26	2	5	14	435	1	500	0.1	0.283874	0	0	0	
26	2	5	194	436	1	500	0.5	0.354511	0	0	0	
26	2	5	54	437	1	500	0.99	0.980426	0	0	0	
26	2	5	249	438	1	500	0.5	0.467156	0	0	0	
26	2	5	156	439	1	200	0.95	0.879935	0	0	0	
26	2	5	93	440	2	0	0.6	0	75	0	37.5	
26	2	5	173	441	1	400	0.05	0.133077	0	0	0	
26	2	5	36	442	2	0	0.1	0	200	0	20	
26	2	5	106	443	1	200	0.99	0.969144	0	0	0	
26	2	5	187	444	1	300	0.4	0.433281	0	0	0	
26	2	5	96	445	1	200	0.9	0.873407	0	0	0	
26	2	5	180	446	1	600	0.1	0.135673	0	0	0	
26	2	5	22	447	2	0	0.05	0	400	0	24	
26	2	5	95	448	1	600	0.75	0.735636	0	0	0	
26	2	5	52	449	2	0	0.25	0	400	0	56	
26	2	5	140	450	1	600	0.5	0.452079	0	0	0	
26	2	5	32	451	2	0	0.1	0	50	0	9	
26	2	5	318	452	1	400	0.9	0.854393	0	0	0	
26	2	5	23	453	2	0	0.05	0	800	0	48	
26	2	5	130	454	1	600	0.25	0.173254	0	0	0	
26	2	5	59	455	1	500	0.01	0.0545053	0	0	0	
26	2	5	282	456	1	300	0.05	0.138455	0	0	0	
26	2	5	184	457	1	500	0.25	0.157787	0	0	0	
26	2	5	89	458	2	0	0.5	0	200	100	134	
26	2	5	153	459	1	400	0.9	0.87024	0	0	0	
26	2	5	321	460	1	200	0.95	0.921558	0	0	0	
26	2	5	51	461	1	200	0.99	0.96611	0	0	0	
26	2	5	43	462	1	400	0.9	0.921138	0	0	0	
26	2	5	304	463	1	500	0.5	0.240596	0	0	0	
26	2	5	160	464	2	0	0.99	0	75	50	69.5	
26	2	5	308	465	1	400	0.6	0.57468	0	0	0	
26	2	5	274	466	1	500	0.99	0.980298	0	0	0	
26	2	5	50	467	2	0	0.25	0	150	0	21	
26	2	5	123	468	1	400	0.1	0.139211	0	0	0	
26	2	5	241	469	1	200	0.4	0.376046	0	0	0	
26	2	5	255	470	1	600	0.6	0.452547	0	0	0	
26	2	5	2	471	1	300	0.01	0.0804098	0	0	0	
26	2	5	45	472	2	0	0.1	0	200	150	181	
26	2	5	62	473	2	0	0.4	0	50	0	23	
26	2	5	100	474	2	0	0.6	0	75	50	62.5	
26	2	5	285	475	1	600	0.05	0.0752042	0	0	0	
26	2	5	139	476	1	500	0.5	0.456656	0	0	0	
26	2	5	330	477	1	600	0.99	0.962593	0	0	0	
26	2	5	52	478	1	300	0.99	0.974327	0	0	0	
26	2	5	73	479	1	400	0.25	0.318902	0	0	0	
26	2	5	16	480	1	200	0.25	0.259327	0	0	0	
26	2	5	116	481	2	0	0.75	0	100	50	75	
26	2	5	111	482	1	200	0.01	0.0716305	0	0	0	
26	2	5	78	483	2	0	0.5	0	75	0	25.5	
26	2	5	124	484	2	0	0.9	0	100	0	78	
26	2	5	246	485	1	200	0.5	0.65889	0	0	0	
26	2	5	222	486	1	300	0.01	0.0789503	0	0	0	
26	2	5	147	487	1	300	0.75	0.56483	0	0	0	
26	2	5	322	488	1	300	0.95	0.713946	0	0	0	
26	2	5	91	489	2	0	0.6	0	25	0	13.5	
26	2	5	219	490	1	500	0.99	0.963266	0	0	0	
26	2	5	60	491	2	0	0.25	0	200	150	177	
26	2	5	218	492	1	400	0.99	0.960612	0	0	0	
26	2	5	119	493	1	500	0.05	0.0683974	0	0	0	
26	2	5	329	494	1	500	0.99	0.93829	0	0	0	
26	2	5	70	495	2	0	0.4	0	75	50	63.5	
