Subject#	Session#	Block#	Stim#	Trial#	Task	Numerosity	P_true	P_reported	x1	x2	CE	
17	1	1	164	1	1	500	0.99	0.993199	0	0	0	
17	1	1	68	2	2	0	0.4	0	800	0	336	
17	1	1	79	3	1	500	0.4	0.338009	0	0	0	
17	1	1	296	4	1	200	0.4	0.251914	0	0	0	
17	1	1	123	5	1	400	0.1	0.0972166	0	0	0	
17	1	1	92	6	2	0	0.6	0	50	0	31	
17	1	1	78	7	1	400	0.4	0.438354	0	0	0	
17	1	1	288	8	1	400	0.1	0.0359382	0	0	0	
17	1	1	252	9	1	300	0.6	0.578218	0	0	0	
17	1	1	69	10	2	0	0.4	0	50	25	35.5	
17	1	1	32	11	2	0	0.1	0	50	0	5	
17	1	1	104	12	1	500	0.95	0.964221	0	0	0	
17	1	1	61	13	2	0	0.4	0	25	0	10.5	
17	1	1	48	14	2	0	0.25	0	75	0	19.5	
17	1	1	267	15	1	300	0.95	0.854141	0	0	0	
17	1	1	3	16	2	0	0.01	0	75	0	1.5	
17	1	1	88	17	2	0	0.5	0	150	100	125	
17	1	1	283	18	1	400	0.05	0.0201664	0	0	0	
17	1	1	75	19	2	0	0.4	0	200	150	171	
17	1	1	38	20	1	400	0.75	0.80116	0	0	0	
17	1	1	323	21	1	400	0.95	0.968233	0	0	0	
17	1	1	103	22	2	0	0.6	0	150	100	131	
17	1	1	37	23	2	0	0.1	0	400	0	40	
17	1	1	272	24	1	300	0.99	0.99339	0	0	0	
17	1	1	114	25	1	500	0.01	0.00266078	0	0	0	
17	1	1	280	26	1	600	0.01	0.00433261	0	0	0	
17	1	1	38	27	2	0	0.1	0	800	0	80	
17	1	1	2	28	1	300	0.01	0.00121451	0	0	0	
17	1	1	303	29	1	400	0.5	0.498629	0	0	0	
17	1	1	255	30	1	600	0.6	0.694065	0	0	0	
17	1	1	53	31	2	0	0.25	0	800	0	208	
17	1	1	125	32	2	0	0.9	0	150	0	135	
17	1	1	33	33	2	0	0.1	0	75	0	7.5	
17	1	1	209	34	1	500	0.9	0.943469	0	0	0	
17	1	1	57	35	1	300	0.01	0.00734014	0	0	0	
17	1	1	29	36	1	500	0.5	0.551836	0	0	0	
17	1	1	80	37	1	600	0.4	0.438983	0	0	0	
17	1	1	147	38	1	300	0.75	0.72794	0	0	0	
17	1	1	313	39	1	400	0.75	0.810395	0	0	0	
17	1	1	67	40	1	300	0.1	0.0806619	0	0	0	
17	1	1	71	41	2	0	0.4	0	100	50	71	
17	1	1	117	42	1	300	0.05	0.00711015	0	0	0	
17	1	1	229	43	1	500	0.05	0.012851	0	0	0	
17	1	1	236	44	1	200	0.25	0.136222	0	0	0	
17	1	1	136	45	2	0	0.95	0	25	0	23.5	
17	1	1	138	46	2	0	0.95	0	75	0	70.5	
17	1	1	188	47	1	400	0.4	0.493291	0	0	0	
17	1	1	286	48	1	200	0.1	0.18359	0	0	0	
17	1	1	82	49	2	0	0.5	0	400	0	200	
17	1	1	146	50	1	200	0.75	0.872615	0	0	0	
17	1	1	320	51	1	600	0.9	0.994336	0	0	0	
17	1	1	64	52	1	500	0.05	0.035664	0	0	0	
17	1	1	2	53	2	0	0.01	0	50	0	1	
17	1	1	106	54	2	0	0.75	0	25	0	6.5	
17	1	1	245	55	1	600	0.4	0.318699	0	0	0	
17	1	1	40	56	2	0	0.1	0	75	50	52.5	
17	1	1	92	57	1	300	0.75	0.767966	0	0	0	
17	1	1	91	58	1	200	0.75	0.866118	0	0	0	
17	1	1	226	59	1	200	0.05	0.0243371	0	0	0	
17	1	1	97	60	2	0	0.6	0	400	0	248	
17	1	1	63	61	1	400	0.05	0.00559754	0	0	0	
17	1	1	116	62	2	0	0.75	0	100	50	87	
17	1	1	33	63	1	400	0.6	0.475949	0	0	0	
17	1	1	260	64	1	600	0.75	0.767776	0	0	0	
17	1	1	231	65	1	200	0.1	0.0544964	0	0	0	
17	1	1	302	66	1	300	0.5	0.462981	0	0	0	
17	1	1	176	67	1	200	0.1	0.0216215	0	0	0	
17	1	1	147	68	2	0	0.95	0	150	50	144	
17	1	1	215	69	1	600	0.95	0.985986	0	0	0	
17	1	1	249	70	1	500	0.5	0.427894	0	0	0	
17	1	1	262	71	1	300	0.9	0.858405	0	0	0	
17	1	1	149	72	2	0	0.95	0	200	100	194	
17	1	1	6	73	2	0	0.01	0	200	0	4	
17	1	1	81	74	1	200	0.5	0.462357	0	0	0	
17	1	1	206	75	1	200	0.9	0.942987	0	0	0	
17	1	1	175	76	1	600	0.05	0.009985	0	0	0	
17	1	1	12	77	1	300	0.1	0.0335764	0	0	0	
17	1	1	113	78	2	0	0.75	0	800	0	592	
17	1	1	305	79	1	600	0.5	0.758307	0	0	0	
17	1	1	37	80	1	300	0.75	0.737427	0	0	0	
17	1	1	242	81	1	300	0.4	0.451451	0	0	0	
17	1	1	148	82	1	400	0.75	0.735658	0	0	0	
17	1	1	218	83	1	400	0.99	0.99511	0	0	0	
17	1	1	183	84	1	400	0.25	0.110618	0	0	0	
17	1	1	119	85	2	0	0.75	0	200	100	174	
17	1	1	113	86	1	400	0.01	0.00274039	0	0	0	
17	1	1	162	87	1	300	0.99	0.994376	0	0	0	
17	1	1	83	88	2	0	0.5	0	800	0	400	
17	1	1	43	89	1	400	0.9	0.978887	0	0	0	
17	1	1	316	90	1	200	0.9	0.993372	0	0	0	
17	1	1	62	91	2	0	0.4	0	50	0	21	
17	1	1	36	92	1	200	0.75	0.873774	0	0	0	
17	1	1	145	93	2	0	0.95	0	75	50	73.5	
17	1	1	53	94	1	400	0.99	0.997083	0	0	0	
17	1	1	170	95	1	600	0.01	0.00564177	0	0	0	
17	1	1	307	96	1	300	0.6	0.621199	0	0	0	
17	1	1	29	97	2	0	0.05	0	200	100	106	
17	1	1	274	98	1	500	0.99	0.990196	0	0	0	
17	1	1	276	99	1	200	0.01	0.00284212	0	0	0	
17	1	2	111	100	1	200	0.01	0.00767185	0	0	0	
17	1	2	308	101	1	400	0.6	0.509469	0	0	0	
17	1	2	172	102	1	300	0.05	0.0144078	0	0	0	
17	1	2	160	103	2	0	0.99	0	75	50	74.5	
17	1	2	133	104	2	0	0.9	0	150	100	145	
17	1	2	300	105	1	600	0.4	0.280641	0	0	0	
17	1	2	124	106	1	500	0.1	0.0609184	0	0	0	
17	1	2	80	107	2	0	0.5	0	150	0	75	
17	1	2	158	108	1	400	0.95	0.955265	0	0	0	
17	1	2	161	109	1	200	0.99	0.994893	0	0	0	
17	1	2	261	110	1	200	0.9	0.93139	0	0	0	
17	1	2	127	111	1	300	0.25	0.24827	0	0	0	
17	1	2	131	112	1	200	0.4	0.305391	0	0	0	
17	1	2	139	113	1	500	0.5	0.252949	0	0	0	
17	1	2	212	114	1	300	0.95	0.918781	0	0	0	
17	1	2	66	115	1	200	0.1	0.0356065	0	0	0	
17	1	2	156	116	2	0	0.99	0	200	0	196	
17	1	2	243	117	1	400	0.4	0.0341293	0	0	0	
17	1	2	134	118	1	500	0.4	0.0698835	0	0	0	
17	1	2	284	119	1	500	0.05	0.0253322	0	0	0	
17	1	2	122	120	1	300	0.1	0.00730918	0	0	0	
17	1	2	99	121	2	0	0.6	0	50	25	40.5	
17	1	2	318	122	1	400	0.9	0.958489	0	0	0	
17	1	2	151	123	2	0	0.99	0	25	0	24.5	
17	1	2	35	124	2	0	0.1	0	150	0	15	
17	1	2	108	125	2	0	0.75	0	75	0	19.5	
17	1	2	270	126	1	600	0.95	0.984986	0	0	0	
17	1	2	99	127	1	500	0.9	0.917237	0	0	0	
17	1	2	24	128	1	500	0.4	0.260977	0	0	0	
17	1	2	65	129	1	600	0.05	0.0141955	0	0	0	
17	1	2	31	130	1	200	0.6	0.445842	0	0	0	
17	1	2	47	131	2	0	0.25	0	50	0	13	
17	1	2	328	132	1	400	0.99	0.998082	0	0	0	
17	1	2	159	133	2	0	0.99	0	50	25	49.5	
17	1	2	36	134	2	0	0.1	0	200	0	20	
17	1	2	77	135	1	300	0.4	0.142909	0	0	0	
17	1	2	94	136	2	0	0.6	0	100	0	62	
17	1	2	11	137	2	0	0.01	0	100	50	51	
17	1	2	143	138	1	400	0.6	0.485957	0	0	0	
17	1	2	105	139	2	0	0.6	0	200	150	181	
17	1	2	246	140	1	200	0.5	0.35199	0	0	0	
17	1	2	119	141	1	500	0.05	0.00826894	0	0	0	
17	1	2	40	142	1	600	0.75	0.855729	0	0	0	
17	1	2	58	143	1	400	0.01	0.0052216	0	0	0	
17	1	2	266	144	1	200	0.95	0.883663	0	0	0	
17	1	2	163	145	1	400	0.99	0.991643	0	0	0	
17	1	2	290	146	1	600	0.1	0.122299	0	0	0	
17	1	2	194	147	1	500	0.5	0.623388	0	0	0	
17	1	2	208	148	1	400	0.9	0.910324	0	0	0	
17	1	2	91	149	2	0	0.6	0	25	0	15.5	
17	1	2	73	150	1	400	0.25	0.132754	0	0	0	
17	1	2	181	151	1	200	0.25	0.127911	0	0	0	
17	1	2	314	152	1	500	0.75	0.938339	0	0	0	
17	1	2	9	153	1	500	0.05	0.0501222	0	0	0	
17	1	2	89	154	2	0	0.5	0	200	100	150	
17	1	2	51	155	1	200	0.99	0.986623	0	0	0	
17	1	2	141	156	1	200	0.6	0.570363	0	0	0	
17	1	2	312	157	1	300	0.75	0.741951	0	0	0	
17	1	2	224	158	1	500	0.01	0.00822029	0	0	0	
17	1	2	263	159	1	400	0.9	0.86181	0	0	0	
17	1	2	173	160	1	400	0.05	0.0194587	0	0	0	
17	1	2	327	161	1	300	0.99	0.994575	0	0	0	
17	1	2	150	162	2	0	0.95	0	200	150	197	
17	1	2	297	163	1	300	0.4	0.326802	0	0	0	
17	1	2	152	164	2	0	0.99	0	50	0	49	
17	1	2	163	165	2	0	0.99	0	150	100	149	
17	1	2	52	166	1	300	0.99	0.997985	0	0	0	
17	1	2	195	167	1	600	0.5	0.498213	0	0	0	
17	1	2	83	168	1	400	0.5	0.453821	0	0	0	
17	1	2	95	169	2	0	0.6	0	150	0	93	
17	1	2	129	170	2	0	0.9	0	50	25	47.5	
17	1	2	129	171	1	500	0.25	0.1611	0	0	0	
17	1	2	88	172	1	400	0.6	0.519925	0	0	0	
17	1	2	102	173	2	0	0.6	0	150	50	112	
17	1	2	16	174	2	0	0.05	0	25	0	1.5	
17	1	2	259	175	1	500	0.75	0.778595	0	0	0	
17	1	2	254	176	1	500	0.6	0.659112	0	0	0	
17	1	2	250	177	1	600	0.5	0.539049	0	0	0	
17	1	2	27	178	1	300	0.5	0.448615	0	0	0	
17	1	2	186	179	1	200	0.4	0.452357	0	0	0	
17	1	2	13	180	2	0	0.01	0	150	100	101	
17	1	2	140	181	2	0	0.95	0	150	0	141	
17	1	2	59	182	2	0	0.25	0	200	100	126	
17	1	2	299	183	1	500	0.4	0.363834	0	0	0	
17	1	2	329	184	1	500	0.99	0.985057	0	0	0	
17	1	2	78	185	2	0	0.5	0	75	0	37.5	
17	1	2	62	186	1	300	0.05	0.0192774	0	0	0	
17	1	2	63	187	2	0	0.4	0	75	0	31.5	
17	1	2	326	188	1	200	0.99	0.990762	0	0	0	
17	1	2	202	189	1	300	0.75	0.530526	0	0	0	
17	1	2	26	190	1	200	0.5	0.339517	0	0	0	
17	1	2	107	191	1	300	0.99	0.996331	0	0	0	
17	1	2	30	192	2	0	0.05	0	200	150	157	
17	1	2	137	193	1	300	0.5	0.478571	0	0	0	
17	1	2	110	194	2	0	0.75	0	150	0	111	
17	1	2	52	195	2	0	0.25	0	400	0	104	
17	1	2	43	196	2	0	0.1	0	150	100	105	
17	1	2	1	197	2	0	0.01	0	25	0	0.5	
17	1	2	241	198	1	200	0.4	0.0317498	0	0	0	
17	1	3	213	199	1	400	0.95	0.979975	0	0	0	
17	1	3	12	200	2	0	0.01	0	150	50	52	
17	1	3	135	201	2	0	0.9	0	200	150	195	
17	1	3	265	202	1	600	0.9	0.966892	0	0	0	
17	1	3	74	203	2	0	0.4	0	200	100	142	
17	1	3	232	204	1	300	0.1	0.071343	0	0	0	
17	1	3	132	205	1	300	0.4	0.158942	0	0	0	
17	1	3	157	206	1	300	0.95	0.983889	0	0	0	
17	1	3	15	207	2	0	0.01	0	200	150	151	
17	1	3	310	208	1	600	0.6	0.740386	0	0	0	
17	1	3	84	209	2	0	0.5	0	50	25	37.5	
17	1	3	167	210	1	300	0.01	0.00434146	0	0	0	
17	1	3	182	211	1	300	0.25	0.0794059	0	0	0	
17	1	3	17	212	1	300	0.25	0.123541	0	0	0	
17	1	3	264	213	1	500	0.9	0.946826	0	0	0	
17	1	3	285	214	1	600	0.05	0.0449962	0	0	0	
17	1	3	11	215	1	200	0.1	0.116496	0	0	0	
17	1	3	157	216	2	0	0.99	0	400	0	392	
17	1	3	152	217	1	300	0.9	0.952049	0	0	0	
17	1	3	98	218	1	400	0.9	0.941925	0	0	0	
17	1	3	146	219	2	0	0.95	0	100	50	97	
17	1	3	121	220	1	200	0.1	0.0386096	0	0	0	
17	1	3	223	221	1	400	0.01	0.00705266	0	0	0	
17	1	3	294	222	1	500	0.25	0.0654783	0	0	0	
17	1	3	64	223	2	0	0.4	0	100	0	42	
17	1	3	96	224	2	0	0.6	0	200	0	124	
17	1	3	15	225	1	600	0.1	0.0855713	0	0	0	
17	1	3	21	226	1	200	0.4	0.207022	0	0	0	
17	1	3	5	227	2	0	0.01	0	150	0	3	
17	1	3	26	228	2	0	0.05	0	100	50	53	
17	1	3	237	229	1	300	0.25	0.16677	0	0	0	
17	1	3	100	230	2	0	0.6	0	75	50	65.5	
17	1	3	282	231	1	300	0.05	0.0176232	0	0	0	
17	1	3	45	232	1	600	0.9	0.93986	0	0	0	
17	1	3	247	233	1	300	0.5	0.319853	0	0	0	
17	1	3	44	234	2	0	0.1	0	200	100	110	
17	1	3	193	235	1	400	0.5	0.12317	0	0	0	
17	1	3	112	236	1	300	0.01	0.00214773	0	0	0	
17	1	3	269	237	1	500	0.95	0.942385	0	0	0	
17	1	3	115	238	2	0	0.75	0	75	50	68.5	
17	1	3	54	239	2	0	0.25	0	50	25	31.5	
17	1	3	295	240	1	600	0.25	0.0537578	0	0	0	
17	1	3	28	241	2	0	0.05	0	150	100	103	
17	1	3	66	242	2	0	0.4	0	200	0	84	
17	1	3	275	243	1	600	0.99	0.986808	0	0	0	
17	1	3	139	244	2	0	0.95	0	100	0	94	
17	1	3	68	245	1	400	0.1	0.080976	0	0	0	
17	1	3	204	246	1	500	0.75	0.766012	0	0	0	
17	1	3	75	247	1	600	0.25	0.245435	0	0	0	
17	1	3	95	248	1	600	0.75	0.809523	0	0	0	
17	1	3	191	249	1	200	0.5	0.546404	0	0	0	
17	1	3	86	250	1	200	0.6	0.643906	0	0	0	
17	1	3	306	251	1	200	0.6	0.660465	0	0	0	
17	1	3	34	252	1	500	0.6	0.618121	0	0	0	
17	1	3	120	253	1	600	0.05	0.0532359	0	0	0	
17	1	3	148	254	2	0	0.95	0	150	100	147	
17	1	3	85	255	1	600	0.5	0.509257	0	0	0	
17	1	3	222	256	1	300	0.01	0.0128422	0	0	0	
17	1	3	219	257	1	500	0.99	0.986985	0	0	0	
17	1	3	58	258	2	0	0.25	0	150	100	113	
17	1	3	159	259	1	500	0.95	0.985827	0	0	0	
17	1	3	118	260	2	0	0.75	0	150	100	137	
17	1	3	279	261	1	500	0.01	0.0109226	0	0	0	
17	1	3	268	262	1	400	0.95	0.990935	0	0	0	
17	1	3	289	263	1	500	0.1	0.0763718	0	0	0	
17	1	3	7	264	2	0	0.01	0	400	0	8	
17	1	3	124	265	2	0	0.9	0	100	0	90	
17	1	3	19	266	1	500	0.25	0.111816	0	0	0	
17	1	3	55	267	1	600	0.99	0.972098	0	0	0	
17	1	3	76	268	2	0	0.5	0	25	0	12.5	
17	1	3	50	269	2	0	0.25	0	150	0	39	
17	1	3	164	270	2	0	0.99	0	200	100	198	
17	1	3	150	271	1	600	0.75	0.805406	0	0	0	
17	1	3	106	272	1	200	0.99	0.974884	0	0	0	
17	1	3	111	273	2	0	0.75	0	200	0	148	
17	1	3	45	274	2	0	0.1	0	200	150	155	
17	1	3	184	275	1	500	0.25	0.0778446	0	0	0	
17	1	3	10	276	1	600	0.05	0.0185078	0	0	0	
17	1	3	114	277	2	0	0.75	0	50	25	42.5	
17	1	3	142	278	1	300	0.6	0.577846	0	0	0	
17	1	3	304	279	1	500	0.5	0.501154	0	0	0	
17	1	3	273	280	1	400	0.99	0.984261	0	0	0	
17	1	3	72	281	1	300	0.25	0.122918	0	0	0	
17	1	3	144	282	1	500	0.6	0.637736	0	0	0	
17	1	3	96	283	1	200	0.9	0.747113	0	0	0	
17	1	3	54	284	1	500	0.99	0.975888	0	0	0	
17	1	3	73	285	2	0	0.4	0	150	100	121	
17	1	3	162	286	2	0	0.99	0	150	50	148	
17	1	3	136	287	1	200	0.5	0.501778	0	0	0	
17	1	3	4	288	1	500	0.01	0.0122937	0	0	0	
17	1	3	127	289	2	0	0.9	0	400	0	360	
17	1	3	23	290	2	0	0.05	0	800	0	16	
17	1	3	292	291	1	300	0.25	0.140985	0	0	0	
17	1	3	165	292	1	600	0.99	0.97312	0	0	0	
17	1	3	201	293	1	200	0.75	0.54747	0	0	0	
17	1	3	110	294	1	600	0.99	0.981315	0	0	0	
17	1	3	278	295	1	400	0.01	0.0263053	0	0	0	
17	1	3	25	296	1	600	0.4	0.358053	0	0	0	
17	1	3	253	297	1	400	0.6	0.455139	0	0	0	
17	1	4	142	298	2	0	0.95	0	400	0	392	
17	1	4	321	299	1	200	0.95	0.93484	0	0	0	
17	1	4	28	300	1	400	0.5	0.525126	0	0	0	
17	1	4	125	301	1	600	0.1	0.156465	0	0	0	
17	1	4	309	302	1	500	0.6	0.516046	0	0	0	
17	1	4	192	303	1	300	0.5	0.452707	0	0	0	
17	1	4	70	304	2	0	0.4	0	75	50	60.5	
17	1	4	115	305	1	600	0.01	0.0135321	0	0	0	
17	1	4	41	306	2	0	0.1	0	100	50	55	
17	1	4	55	307	2	0	0.25	0	75	50	57.5	
17	1	4	100	308	1	600	0.9	0.960563	0	0	0	
17	1	4	77	309	2	0	0.5	0	50	0	25	
17	1	4	102	310	1	300	0.95	0.914769	0	0	0	
17	1	4	48	311	1	400	0.95	0.92063	0	0	0	
17	1	4	60	312	1	600	0.01	0.0112897	0	0	0	
17	1	4	16	313	1	200	0.25	0.210755	0	0	0	
17	1	4	287	314	1	300	0.1	0.10738	0	0	0	
17	1	4	210	315	1	600	0.9	0.947321	0	0	0	
17	1	4	123	316	2	0	0.9	0	75	0	67.5	
17	1	4	82	317	1	300	0.5	0.434201	0	0	0	
17	1	4	21	318	2	0	0.05	0	200	0	4	
17	1	4	112	319	2	0	0.75	0	400	0	296	
17	1	4	42	320	1	300	0.9	0.922916	0	0	0	
17	1	4	65	321	2	0	0.4	0	150	0	63	
17	1	4	93	322	1	400	0.75	0.789315	0	0	0	
17	1	4	49	323	1	500	0.95	0.932686	0	0	0	
17	1	4	70	324	1	600	0.1	0.12945	0	0	0	
17	1	4	180	325	1	600	0.1	0.0792289	0	0	0	
17	1	4	30	326	1	600	0.5	0.511995	0	0	0	
17	1	4	311	327	1	200	0.75	0.510955	0	0	0	
17	1	4	227	328	1	300	0.05	0.0642444	0	0	0	
17	1	4	27	329	2	0	0.05	0	150	50	56	
17	1	4	244	330	1	500	0.4	0.413693	0	0	0	
17	1	4	17	331	2	0	0.05	0	50	0	3	
17	1	4	6	332	1	200	0.05	0.0811131	0	0	0	
17	1	4	141	333	2	0	0.95	0	200	0	188	
17	1	4	169	334	1	500	0.01	0.00239541	0	0	0	
17	1	4	18	335	2	0	0.05	0	75	0	4.5	
17	1	4	238	336	1	400	0.25	0.0482602	0	0	0	
17	1	4	101	337	2	0	0.6	0	100	50	81	
17	1	4	24	338	2	0	0.05	0	50	25	26.5	
17	1	4	165	339	2	0	0.99	0	200	150	199	
17	1	4	122	340	2	0	0.9	0	50	0	45	
17	1	4	154	341	2	0	0.99	0	100	0	98	
17	1	4	248	342	1	400	0.5	0.496665	0	0	0	
17	1	4	322	343	1	300	0.95	0.966065	0	0	0	
17	1	4	258	344	1	400	0.75	0.79284	0	0	0	
17	1	4	132	345	2	0	0.9	0	150	50	140	
17	1	4	153	346	2	0	0.99	0	75	0	73.5	
17	1	4	72	347	2	0	0.4	0	150	50	92	
17	1	4	20	348	1	600	0.25	0.168535	0	0	0	
17	1	4	205	349	1	600	0.75	0.645918	0	0	0	
17	1	4	34	350	2	0	0.1	0	100	0	10	
17	1	4	130	351	1	600	0.25	0.159309	0	0	0	
17	1	4	155	352	1	600	0.9	0.943305	0	0	0	
17	1	4	145	353	1	600	0.6	0.610067	0	0	0	
17	1	4	76	354	1	200	0.4	0.443321	0	0	0	
17	1	4	143	355	2	0	0.95	0	800	0	752	
17	1	4	74	356	1	500	0.25	0.123183	0	0	0	
17	1	4	39	357	2	0	0.1	0	50	25	27.5	
17	1	4	330	358	1	600	0.99	0.98626	0	0	0	
17	1	4	81	359	2	0	0.5	0	200	0	100	
17	1	4	293	360	1	400	0.25	0.134696	0	0	0	
17	1	4	271	361	1	200	0.99	0.982629	0	0	0	
17	1	4	315	362	1	600	0.75	0.874446	0	0	0	
17	1	4	13	363	1	400	0.1	0.142135	0	0	0	
17	1	4	203	364	1	400	0.75	0.862633	0	0	0	
17	1	4	87	365	2	0	0.5	0	150	50	100	
17	1	4	3	366	1	400	0.01	0.0110332	0	0	0	
17	1	4	121	367	2	0	0.9	0	25	0	22.5	
17	1	4	97	368	1	300	0.9	0.926074	0	0	0	
17	1	4	228	369	1	400	0.05	0.0423292	0	0	0	
17	1	4	230	370	1	600	0.05	0.0261682	0	0	0	
17	1	4	317	371	1	300	0.9	0.91775	0	0	0	
17	1	4	32	372	1	300	0.6	0.553074	0	0	0	
17	1	4	178	373	1	400	0.1	0.0724355	0	0	0	
17	1	4	198	374	1	400	0.6	0.74453	0	0	0	
17	1	4	149	375	1	500	0.75	0.730925	0	0	0	
17	1	4	301	376	1	200	0.5	0.507563	0	0	0	
17	1	4	7	377	1	300	0.05	0.0142044	0	0	0	
17	1	4	8	378	1	400	0.05	0.0246334	0	0	0	
17	1	4	240	379	1	600	0.25	0.346174	0	0	0	
17	1	4	161	380	2	0	0.99	0	100	50	99	
17	1	4	86	381	2	0	0.5	0	100	50	75	
17	1	4	211	382	1	200	0.95	0.942284	0	0	0	
17	1	4	57	383	2	0	0.25	0	150	50	76	
17	1	4	160	384	1	600	0.95	0.948414	0	0	0	
17	1	4	108	385	1	400	0.99	0.989321	0	0	0	
17	1	4	207	386	1	300	0.9	0.951709	0	0	0	
17	1	4	116	387	1	200	0.05	0.00101991	0	0	0	
17	1	4	46	388	2	0	0.25	0	25	0	6.5	
17	1	4	277	389	1	300	0.01	0.00612386	0	0	0	
17	1	4	9	390	2	0	0.01	0	50	25	25.5	
17	1	4	216	391	1	200	0.99	0.968759	0	0	0	
17	1	4	69	392	1	500	0.1	0.0949875	0	0	0	
17	1	4	10	393	2	0	0.01	0	75	50	50.5	
17	1	4	171	394	1	200	0.05	0.0360311	0	0	0	
17	1	4	256	395	1	200	0.75	0.458757	0	0	0	
17	1	4	105	396	1	600	0.95	0.844579	0	0	0	
17	1	5	109	397	2	0	0.75	0	100	0	74	
17	1	5	235	398	1	600	0.1	0.0852175	0	0	0	
17	1	5	325	399	1	600	0.95	0.958462	0	0	0	
17	1	5	298	400	1	400	0.4	0.16627	0	0	0	
17	1	5	291	401	1	200	0.25	0.110264	0	0	0	
17	1	5	166	402	1	200	0.01	0.00822913	0	0	0	
17	1	5	251	403	1	200	0.6	0.453264	0	0	0	
17	1	5	131	404	2	0	0.9	0	100	50	95	
17	1	5	89	405	1	500	0.6	0.805384	0	0	0	
17	1	5	135	406	1	600	0.4	0.619505	0	0	0	
17	1	5	41	407	1	200	0.9	0.850289	0	0	0	
17	1	5	61	408	1	200	0.05	0.0497684	0	0	0	
17	1	5	18	409	1	400	0.25	0.521637	0	0	0	
17	1	5	174	410	1	500	0.05	0.0647176	0	0	0	
17	1	5	98	411	2	0	0.6	0	800	0	496	
17	1	5	257	412	1	300	0.75	0.771907	0	0	0	
17	1	5	126	413	1	200	0.25	0.13152	0	0	0	
17	1	5	151	414	1	200	0.9	0.943761	0	0	0	
17	1	5	197	415	1	300	0.6	0.662765	0	0	0	
17	1	5	220	416	1	600	0.99	0.968723	0	0	0	
17	1	5	4	417	2	0	0.01	0	100	0	2	
17	1	5	233	418	1	400	0.1	0.132635	0	0	0	
17	1	5	90	419	2	0	0.5	0	200	150	175	
17	1	5	156	420	1	200	0.95	0.851801	0	0	0	
17	1	5	39	421	1	500	0.75	0.667236	0	0	0	
17	1	5	59	422	1	500	0.01	0.0204627	0	0	0	
17	1	5	19	423	2	0	0.05	0	100	0	6	
17	1	5	84	424	1	500	0.5	0.51341	0	0	0	
17	1	5	324	425	1	500	0.95	0.93143	0	0	0	
17	1	5	118	426	1	400	0.05	0.080976	0	0	0	
17	1	5	49	427	2	0	0.25	0	100	0	26	
17	1	5	56	428	2	0	0.25	0	100	50	63	
17	1	5	46	429	1	200	0.95	0.973611	0	0	0	
17	1	5	117	430	2	0	0.75	0	150	50	124	
17	1	5	51	431	2	0	0.25	0	200	0	52	
17	1	5	22	432	2	0	0.05	0	400	0	24	
17	1	5	101	433	1	200	0.95	0.872894	0	0	0	
17	1	5	5	434	1	600	0.01	0.0240673	0	0	0	
17	1	5	94	435	1	500	0.75	0.620283	0	0	0	
17	1	5	50	436	1	600	0.95	0.865923	0	0	0	
17	1	5	31	437	2	0	0.1	0	25	0	2.5	
17	1	5	189	438	1	500	0.4	0.444772	0	0	0	
17	1	5	319	439	1	500	0.9	0.886751	0	0	0	
17	1	5	8	440	2	0	0.01	0	800	0	16	
17	1	5	179	441	1	500	0.1	0.0389723	0	0	0	
17	1	5	104	442	2	0	0.6	0	200	100	162	
17	1	5	137	443	2	0	0.95	0	50	0	47	
17	1	5	239	444	1	500	0.25	0.4395	0	0	0	
17	1	5	168	445	1	400	0.01	0.0288086	0	0	0	
17	1	5	138	446	1	400	0.5	0.538147	0	0	0	
17	1	5	103	447	1	400	0.95	0.951311	0	0	0	
17	1	5	67	448	2	0	0.4	0	400	0	168	
17	1	5	155	449	2	0	0.99	0	150	0	147	
17	1	5	140	450	1	600	0.5	0.708015	0	0	0	
17	1	5	221	451	1	200	0.01	0.0182822	0	0	0	
17	1	5	44	452	1	500	0.9	0.890815	0	0	0	
17	1	5	134	453	2	0	0.9	0	200	100	190	
17	1	5	154	454	1	500	0.9	0.904592	0	0	0	
17	1	5	23	455	1	400	0.4	0.412817	0	0	0	
17	1	5	22	456	1	300	0.4	0.337713	0	0	0	
17	1	5	93	457	2	0	0.6	0	75	0	46.5	
17	1	5	177	458	1	300	0.1	0.143369	0	0	0	
17	1	5	196	459	1	200	0.6	0.483007	0	0	0	
17	1	5	25	460	2	0	0.05	0	75	50	52.5	
17	1	5	217	461	1	300	0.99	0.983385	0	0	0	
17	1	5	128	462	1	400	0.25	0.110118	0	0	0	
17	1	5	71	463	1	200	0.25	0.0874996	0	0	0	
17	1	5	42	464	2	0	0.1	0	150	50	60	
17	1	5	158	465	2	0	0.99	0	800	0	784	
17	1	5	200	466	1	600	0.6	0.587917	0	0	0	
17	1	5	14	467	1	500	0.1	0.0728777	0	0	0	
17	1	5	214	468	1	500	0.95	0.958232	0	0	0	
17	1	5	85	469	2	0	0.5	0	75	50	62.5	
17	1	5	109	470	1	500	0.99	0.963438	0	0	0	
17	1	5	60	471	2	0	0.25	0	200	150	163	
17	1	5	20	472	2	0	0.05	0	150	0	9	
17	1	5	130	473	2	0	0.9	0	75	50	72.5	
17	1	5	1	474	1	200	0.01	0.0169333	0	0	0	
17	1	5	47	475	1	300	0.95	0.952876	0	0	0	
17	1	5	281	476	1	200	0.05	0.0646867	0	0	0	
17	1	5	87	477	1	300	0.6	0.537001	0	0	0	
17	1	5	14	478	2	0	0.01	0	200	100	102	
17	1	5	56	479	1	200	0.01	0.024346	0	0	0	
17	1	5	225	480	1	600	0.01	0.0130191	0	0	0	
17	1	5	185	481	1	600	0.25	0.117588	0	0	0	
17	1	5	35	482	1	600	0.6	0.499062	0	0	0	
17	1	5	90	483	1	600	0.6	0.5	0	0	0	
17	1	5	133	484	1	400	0.4	0.5	0	0	0	
17	1	5	128	485	2	0	0.9	0	800	0	720	
17	1	5	79	486	2	0	0.5	0	100	0	50	
17	1	5	234	487	1	500	0.1	0.144209	0	0	0	
17	1	5	144	488	2	0	0.95	0	50	25	48.5	
17	1	5	120	489	2	0	0.75	0	200	150	187	
17	1	5	107	490	2	0	0.75	0	50	0	37	
17	1	5	190	491	1	600	0.4	0.416479	0	0	0	
17	1	5	153	492	1	400	0.9	0.876264	0	0	0	
17	1	5	187	493	1	300	0.4	0.5	0	0	0	
17	1	5	199	494	1	500	0.6	0.5	0	0	0	
17	1	5	126	495	2	0	0.9	0	200	0	180	
17	2	1	262	1	1	300	0.9	0.889564	0	0	0	
17	2	1	35	2	2	0	0.1	0	150	0	15	
17	2	1	71	3	1	200	0.25	0.124236	0	0	0	
17	2	1	80	4	1	600	0.4	0.192171	0	0	0	
17	2	1	27	5	1	300	0.5	0.323794	0	0	0	
17	2	1	137	6	2	0	0.95	0	50	0	47	
17	2	1	17	7	1	300	0.25	0.0902683	0	0	0	
17	2	1	124	8	1	500	0.1	0.0403787	0	0	0	
17	2	1	162	9	2	0	0.99	0	150	50	148	
17	2	1	266	10	1	200	0.95	0.898055	0	0	0	
17	2	1	177	11	1	300	0.1	0.0297639	0	0	0	
17	2	1	28	12	1	400	0.5	0.416143	0	0	0	
17	2	1	265	13	1	600	0.9	0.943699	0	0	0	
17	2	1	200	14	1	600	0.6	0.82269	0	0	0	
17	2	1	141	15	1	200	0.6	0.495754	0	0	0	
17	2	1	135	16	2	0	0.9	0	200	150	195	
17	2	1	41	17	1	200	0.9	0.900178	0	0	0	
17	2	1	194	18	1	500	0.5	0.524414	0	0	0	
17	2	1	146	19	1	200	0.75	0.725034	0	0	0	
17	2	1	47	20	1	300	0.95	0.925654	0	0	0	
17	2	1	81	21	2	0	0.5	0	200	0	100	
17	2	1	304	22	1	500	0.5	0.513799	0	0	0	
17	2	1	153	23	2	0	0.99	0	75	0	73.5	
17	2	1	180	24	1	600	0.1	0.0191491	0	0	0	
17	2	1	291	25	1	200	0.25	0.134851	0	0	0	
17	2	1	32	26	2	0	0.1	0	50	0	5	
17	2	1	62	27	2	0	0.4	0	50	0	21	
17	2	1	122	28	2	0	0.9	0	50	0	45	
17	2	1	24	29	1	500	0.4	0.5	0	0	0	
17	2	1	156	30	1	200	0.95	0.955375	0	0	0	
17	2	1	61	31	2	0	0.4	0	25	0	10.5	
17	2	1	224	32	1	500	0.01	0.00641135	0	0	0	
17	2	1	167	33	1	300	0.01	0.00428838	0	0	0	
17	2	1	229	34	1	500	0.05	0.00428838	0	0	0	
17	2	1	51	35	2	0	0.25	0	200	0	52	
17	2	1	44	36	2	0	0.1	0	200	100	110	
17	2	1	235	37	1	600	0.1	0.0202106	0	0	0	
17	2	1	4	38	2	0	0.01	0	100	0	2	
17	2	1	171	39	1	200	0.05	0.0287024	0	0	0	
17	2	1	96	40	2	0	0.6	0	200	0	124	
17	2	1	22	41	1	300	0.4	0.304688	0	0	0	
17	2	1	40	42	1	600	0.75	0.742018	0	0	0	
17	2	1	70	43	1	600	0.1	0.0881454	0	0	0	
17	2	1	2	44	2	0	0.01	0	50	0	1	
17	2	1	217	45	1	300	0.99	0.941576	0	0	0	
17	2	1	308	46	1	400	0.6	0.579611	0	0	0	
17	2	1	10	47	2	0	0.01	0	75	50	50.5	
17	2	1	263	48	1	400	0.9	0.906547	0	0	0	
17	2	1	76	49	1	200	0.4	0.386422	0	0	0	
17	2	1	81	50	1	200	0.5	0.266474	0	0	0	
17	2	1	83	51	1	400	0.5	0.42145	0	0	0	
17	2	1	111	52	2	0	0.75	0	200	0	148	
17	2	1	306	53	1	200	0.6	0.432065	0	0	0	
17	2	1	257	54	1	300	0.75	0.719727	0	0	0	
17	2	1	19	55	1	500	0.25	0.222953	0	0	0	
17	2	1	99	56	2	0	0.6	0	50	25	40.5	
17	2	1	313	57	1	400	0.75	0.690005	0	0	0	
17	2	1	199	58	1	500	0.6	0.62207	0	0	0	
17	2	1	254	59	1	500	0.6	0.645423	0	0	0	
17	2	1	49	60	2	0	0.25	0	100	0	26	
17	2	1	297	61	1	300	0.4	0.0690387	0	0	0	
17	2	1	232	62	1	300	0.1	0.0403787	0	0	0	
17	2	1	25	63	2	0	0.05	0	75	50	52.5	
17	2	1	12	64	2	0	0.01	0	150	50	52	
17	2	1	223	65	1	400	0.01	0.00853431	0	0	0	
17	2	1	13	66	2	0	0.01	0	150	100	101	
17	2	1	134	67	1	500	0.4	0.334409	0	0	0	
17	2	1	253	68	1	400	0.6	0.501061	0	0	0	
17	2	1	148	69	1	400	0.75	0.545644	0	0	0	
17	2	1	72	70	1	300	0.25	0.237814	0	0	0	
17	2	1	47	71	2	0	0.25	0	50	0	13	
17	2	1	86	72	2	0	0.5	0	100	50	75	
17	2	1	242	73	1	300	0.4	0.5	0	0	0	
17	2	1	133	74	1	400	0.4	0.294073	0	0	0	
17	2	1	128	75	1	400	0.25	0.178371	0	0	0	
17	2	1	112	76	1	300	0.01	0.0191491	0	0	0	
17	2	1	49	77	1	500	0.95	0.938392	0	0	0	
17	2	1	228	78	1	400	0.05	0.0371943	0	0	0	
17	2	1	208	79	1	400	0.9	0.939453	0	0	0	
17	2	1	216	80	1	200	0.99	0.98722	0	0	0	
17	2	1	108	81	2	0	0.75	0	75	0	55.5	
17	2	1	89	82	1	500	0.6	0.538213	0	0	0	
17	2	1	133	83	2	0	0.9	0	150	100	145	
17	2	1	15	84	2	0	0.01	0	200	150	151	
17	2	1	321	85	1	200	0.95	0.934146	0	0	0	
17	2	1	289	86	1	500	0.1	0.0340099	0	0	0	
17	2	1	221	87	1	200	0.01	0.0180876	0	0	0	
17	2	1	6	88	2	0	0.01	0	200	0	4	
17	2	1	202	89	1	300	0.75	0.832244	0	0	0	
17	2	1	34	90	2	0	0.1	0	100	0	10	
17	2	1	195	91	1	600	0.5	0.533967	0	0	0	
17	2	1	61	92	1	200	0.05	0.0509935	0	0	0	
17	2	1	93	93	2	0	0.6	0	75	0	46.5	
17	2	1	33	94	1	400	0.6	0.605087	0	0	0	
17	2	1	42	95	1	300	0.9	0.814198	0	0	0	
17	2	1	80	96	2	0	0.5	0	150	0	75	
17	2	1	84	97	2	0	0.5	0	50	25	37.5	
17	2	1	11	98	2	0	0.01	0	100	50	51	
17	2	1	96	99	1	200	0.9	0.860904	0	0	0	
17	2	2	129	100	2	0	0.9	0	50	25	47.5	
17	2	2	247	101	1	300	0.5	0.333347	0	0	0	
17	2	2	201	102	1	200	0.75	0.601902	0	0	0	
17	2	2	185	103	1	600	0.25	0.207031	0	0	0	
17	2	2	123	104	2	0	0.9	0	75	0	67.5	
17	2	2	88	105	2	0	0.5	0	150	100	125	
17	2	2	248	106	1	400	0.5	0.5	0	0	0	
17	2	2	43	107	2	0	0.1	0	150	100	105	
17	2	2	36	108	1	200	0.75	0.706989	0	0	0	
17	2	2	116	109	2	0	0.75	0	100	50	87	
17	2	2	38	110	1	400	0.75	0.84392	0	0	0	
17	2	2	296	111	1	200	0.4	0.196416	0	0	0	
17	2	2	31	112	1	200	0.6	0.52123	0	0	0	
17	2	2	143	113	2	0	0.95	0	800	0	784	
17	2	2	67	114	2	0	0.4	0	400	0	168	
17	2	2	31	115	2	0	0.1	0	25	0	2.5	
17	2	2	205	116	1	600	0.75	0.767493	0	0	0	
17	2	2	116	117	1	200	0.05	0.0509935	0	0	0	
17	2	2	77	118	1	300	0.4	0.218708	0	0	0	
17	2	2	55	119	1	600	0.99	0.962806	0	0	0	
17	2	2	327	120	1	300	0.99	0.971298	0	0	0	
17	2	2	146	121	2	0	0.95	0	100	50	97	
17	2	2	68	122	1	400	0.1	0.0223336	0	0	0	
17	2	2	157	123	1	300	0.95	0.933084	0	0	0	
17	2	2	121	124	2	0	0.9	0	25	0	22.5	
17	2	2	7	125	1	300	0.05	0.0456861	0	0	0	
17	2	2	151	126	1	200	0.9	0.956437	0	0	0	
17	2	2	264	127	1	500	0.9	0.928838	0	0	0	
17	2	2	10	128	1	600	0.05	0.0976987	0	0	0	
17	2	2	319	129	1	500	0.9	0.873641	0	0	0	
17	2	2	48	130	2	0	0.25	0	75	0	19.5	
17	2	2	75	131	2	0	0.4	0	200	150	171	
17	2	2	147	132	1	300	0.75	0.832244	0	0	0	
17	2	2	39	133	1	500	0.75	0.899117	0	0	0	
17	2	2	129	134	1	500	0.25	0.192171	0	0	0	
17	2	2	119	135	1	500	0.05	0.0106573	0	0	0	
17	2	2	276	136	1	200	0.01	0.0202106	0	0	0	
17	2	2	246	137	1	200	0.5	0.11999	0	0	0	
17	2	2	4	138	1	500	0.01	0.0106573	0	0	0	
17	2	2	214	139	1	500	0.95	0.961744	0	0	0	
17	2	2	56	140	2	0	0.25	0	100	50	63	
17	2	2	190	141	1	600	0.4	0.424635	0	0	0	
17	2	2	125	142	2	0	0.9	0	150	0	135	
17	2	2	255	143	1	600	0.6	0.527599	0	0	0	
17	2	2	32	144	1	300	0.6	0.5	0	0	0	
17	2	2	95	145	1	600	0.75	0.597656	0	0	0	
17	2	2	34	146	1	500	0.6	0.642238	0	0	0	
17	2	2	145	147	2	0	0.95	0	75	50	73.5	
17	2	2	38	148	2	0	0.1	0	800	0	80	
17	2	2	286	149	1	200	0.1	0.12742	0	0	0	
17	2	2	218	150	1	400	0.99	0.964929	0	0	0	
17	2	2	305	151	1	600	0.5	0.503184	0	0	0	
17	2	2	18	152	2	0	0.05	0	75	0	4.5	
17	2	2	210	153	1	600	0.9	0.95856	0	0	0	
17	2	2	317	154	1	300	0.9	0.877887	0	0	0	
17	2	2	57	155	1	300	0.01	0.0138417	0	0	0	
17	2	2	102	156	1	300	0.95	0.968113	0	0	0	
17	2	2	95	157	2	0	0.6	0	150	0	93	
17	2	2	109	158	2	0	0.75	0	100	0	74	
17	2	2	183	159	1	400	0.25	0.136974	0	0	0	
17	2	2	82	160	2	0	0.5	0	400	0	200	
17	2	2	115	161	2	0	0.75	0	75	50	58.5	
17	2	2	126	162	2	0	0.9	0	200	0	180	
17	2	2	79	163	1	500	0.4	0.329102	0	0	0	
17	2	2	89	164	2	0	0.5	0	200	100	150	
17	2	2	161	165	1	200	0.99	0.925654	0	0	0	
17	2	2	207	166	1	300	0.9	0.870457	0	0	0	
17	2	2	124	167	2	0	0.9	0	100	0	90	
17	2	2	234	168	1	500	0.1	0.0902683	0	0	0	
17	2	2	292	169	1	300	0.25	0.173064	0	0	0	
17	2	2	78	170	2	0	0.5	0	75	0	37.5	
17	2	2	187	171	1	300	0.4	0.466033	0	0	0	
17	2	2	322	172	1	300	0.95	0.926715	0	0	0	
17	2	2	119	173	2	0	0.75	0	200	100	174	
17	2	2	118	174	1	400	0.05	0.0679772	0	0	0	
17	2	2	236	175	1	200	0.25	0.152896	0	0	0	
17	2	2	104	176	2	0	0.6	0	200	100	162	
17	2	2	300	177	1	600	0.4	0.376868	0	0	0	
17	2	2	213	178	1	400	0.95	0.844981	0	0	0	
17	2	2	294	179	1	500	0.25	0.250552	0	0	0	
17	2	2	44	180	1	500	0.9	0.920346	0	0	0	
17	2	2	90	181	2	0	0.5	0	200	150	175	
17	2	2	198	182	1	400	0.6	0.503184	0	0	0	
17	2	2	156	183	2	0	0.99	0	200	0	196	
17	2	2	203	184	1	400	0.75	0.66453	0	0	0	
17	2	2	79	185	2	0	0.5	0	100	0	50	
17	2	2	37	186	2	0	0.1	0	400	0	40	
17	2	2	230	187	1	600	0.05	0.0202106	0	0	0	
17	2	2	312	188	1	300	0.75	0.844981	0	0	0	
17	2	2	282	189	1	300	0.05	0.0170262	0	0	0	
17	2	2	285	190	1	600	0.05	0.00534986	0	0	0	
17	2	2	82	191	1	300	0.5	0.654976	0	0	0	
17	2	2	140	192	1	600	0.5	0.626316	0	0	0	
17	2	2	160	193	1	600	0.95	0.925654	0	0	0	
17	2	2	123	194	1	400	0.1	0.104068	0	0	0	
17	2	2	9	195	2	0	0.01	0	50	25	25.5	
17	2	2	134	196	2	0	0.9	0	200	100	190	
17	2	2	67	197	1	300	0.1	0.0817765	0	0	0	
17	2	2	158	198	1	400	0.95	0.971298	0	0	0	
17	2	3	16	199	2	0	0.05	0	25	0	1.5	
17	2	3	141	200	2	0	0.95	0	200	0	196	
17	2	3	323	201	1	400	0.95	0.935207	0	0	0	
17	2	3	76	202	2	0	0.5	0	25	0	12.5	
17	2	3	59	203	2	0	0.25	0	200	100	126	
17	2	3	311	204	1	200	0.75	0.613578	0	0	0	
17	2	3	64	205	2	0	0.4	0	100	0	42	
17	2	3	281	206	1	200	0.05	0.0690387	0	0	0	
17	2	3	274	207	1	500	0.99	0.967052	0	0	0	
17	2	3	42	208	2	0	0.1	0	150	50	60	
17	2	3	29	209	2	0	0.05	0	200	100	106	
17	2	3	50	210	1	600	0.95	0.975543	0	0	0	
17	2	3	106	211	2	0	0.75	0	25	0	18.5	
17	2	3	51	212	1	200	0.99	0.977666	0	0	0	
17	2	3	6	213	1	200	0.05	0.0265795	0	0	0	
17	2	3	121	214	1	200	0.1	0.0297639	0	0	0	
17	2	3	277	215	1	300	0.01	0.0287024	0	0	0	
17	2	3	193	216	1	400	0.5	0.5	0	0	0	
17	2	3	172	217	1	300	0.05	0.00853431	0	0	0	
17	2	3	107	218	2	0	0.75	0	50	0	37	
17	2	3	54	219	2	0	0.25	0	50	25	31.5	
17	2	3	154	220	2	0	0.99	0	100	0	98	
17	2	3	149	221	1	500	0.75	0.805707	0	0	0	
17	2	3	55	222	2	0	0.25	0	75	50	56.5	
17	2	3	110	223	2	0	0.75	0	150	0	111	
17	2	3	5	224	2	0	0.01	0	150	0	3	
17	2	3	301	225	1	200	0.5	0.5	0	0	0	
17	2	3	162	226	1	300	0.99	0.968113	0	0	0	
17	2	3	252	227	1	300	0.6	0.573242	0	0	0	
17	2	3	136	228	1	200	0.5	0.438434	0	0	0	
17	2	3	309	229	1	500	0.6	0.568996	0	0	0	
17	2	3	24	230	2	0	0.05	0	50	25	26.5	
17	2	3	298	231	1	400	0.4	0.445864	0	0	0	
17	2	3	52	232	1	300	0.99	0.986158	0	0	0	
17	2	3	233	233	1	400	0.1	0.101945	0	0	0	
17	2	3	110	234	1	600	0.99	0.936269	0	0	0	
17	2	3	18	235	1	400	0.25	0.126359	0	0	0	
17	2	3	204	236	1	500	0.75	0.849227	0	0	0	
17	2	3	130	237	1	600	0.25	0.199601	0	0	0	
17	2	3	78	238	1	400	0.4	0.0764691	0	0	0	
17	2	3	329	239	1	500	0.99	0.96599	0	0	0	
17	2	3	148	240	2	0	0.95	0	150	100	147	
17	2	3	284	241	1	500	0.05	0.0669158	0	0	0	
17	2	3	15	242	1	600	0.1	0.027641	0	0	0	
17	2	3	120	243	1	600	0.05	0.023395	0	0	0	
17	2	3	113	244	1	400	0.01	0.0127802	0	0	0	
17	2	3	105	245	1	600	0.95	0.985097	0	0	0	
17	2	3	314	246	1	500	0.75	0.832244	0	0	0	
17	2	3	70	247	2	0	0.4	0	75	50	60.5	
17	2	3	273	248	1	400	0.99	0.945822	0	0	0	
17	2	3	117	249	2	0	0.75	0	150	50	124	
17	2	3	63	250	2	0	0.4	0	75	0	31.5	
17	2	3	222	251	1	300	0.01	0.0244565	0	0	0	
17	2	3	287	252	1	300	0.1	0.0478091	0	0	0	
17	2	3	109	253	1	500	0.99	0.951129	0	0	0	
17	2	3	118	254	2	0	0.75	0	150	100	137	
17	2	3	142	255	1	300	0.6	0.631624	0	0	0	
17	2	3	269	256	1	500	0.95	0.943699	0	0	0	
17	2	3	127	257	1	300	0.25	0.416143	0	0	0	
17	2	3	101	258	1	200	0.95	0.857719	0	0	0	
17	2	3	28	259	2	0	0.05	0	150	100	103	
17	2	3	250	260	1	600	0.5	0.502123	0	0	0	
17	2	3	150	261	2	0	0.95	0	200	150	197	
17	2	3	243	262	1	400	0.4	0.5	0	0	0	
17	2	3	92	263	1	300	0.75	0.70805	0	0	0	
17	2	3	59	264	1	500	0.01	0.0287024	0	0	0	
17	2	3	97	265	1	300	0.9	0.591287	0	0	0	
17	2	3	166	266	1	200	0.01	0.025518	0	0	0	
17	2	3	83	267	2	0	0.5	0	800	0	400	
17	2	3	65	268	2	0	0.4	0	150	0	63	
17	2	3	249	269	1	500	0.5	0.610394	0	0	0	
17	2	3	85	270	2	0	0.5	0	75	50	62.5	
17	2	3	56	271	1	200	0.01	0.0414402	0	0	0	
17	2	3	35	272	1	600	0.6	0.572181	0	0	0	
17	2	3	26	273	1	200	0.5	0.319548	0	0	0	
17	2	3	53	274	2	0	0.25	0	800	0	208	
17	2	3	165	275	2	0	0.99	0	200	150	199	
17	2	3	21	276	2	0	0.05	0	200	0	12	
17	2	3	226	277	1	200	0.05	0.0669158	0	0	0	
17	2	3	237	278	1	300	0.25	0.244183	0	0	0	
17	2	3	159	279	1	500	0.95	0.912916	0	0	0	
17	2	3	147	280	2	0	0.95	0	150	50	136	
17	2	3	113	281	2	0	0.75	0	800	0	592	
17	2	3	13	282	1	400	0.1	0.116805	0	0	0	
17	2	3	46	283	1	200	0.95	0.790846	0	0	0	
17	2	3	69	284	1	500	0.1	0.135912	0	0	0	
17	2	3	2	285	1	300	0.01	0.0202106	0	0	0	
17	2	3	68	286	2	0	0.4	0	800	0	336	
17	2	3	130	287	2	0	0.9	0	75	50	72.5	
17	2	3	272	288	1	300	0.99	0.920346	0	0	0	
17	2	3	245	289	1	600	0.4	0.5	0	0	0	
17	2	3	163	290	2	0	0.99	0	150	100	149	
17	2	3	212	291	1	300	0.95	0.938392	0	0	0	
17	2	3	108	292	1	400	0.99	0.976605	0	0	0	
17	2	3	155	293	1	600	0.9	0.90124	0	0	0	
17	2	3	74	294	1	500	0.25	0.373684	0	0	0	
17	2	3	196	295	1	200	0.6	0.382176	0	0	0	
17	2	3	48	296	1	400	0.95	0.852412	0	0	0	
17	2	3	103	297	1	400	0.95	0.912916	0	0	0	
17	2	4	94	298	1	500	0.75	0.864088	0	0	0	
17	2	4	131	299	2	0	0.9	0	100	50	95	
17	2	4	125	300	1	600	0.1	0.0679772	0	0	0	
17	2	4	92	301	2	0	0.6	0	50	0	31	
17	2	4	206	302	1	200	0.9	0.900178	0	0	0	
17	2	4	107	303	1	300	0.99	0.984035	0	0	0	
17	2	4	209	304	1	500	0.9	0.919285	0	0	0	
17	2	4	160	305	2	0	0.99	0	75	50	74.5	
17	2	4	144	306	1	500	0.6	0.877887	0	0	0	
17	2	4	299	307	1	500	0.4	0.5	0	0	0	
17	2	4	111	308	1	200	0.01	0.0764691	0	0	0	
17	2	4	174	309	1	500	0.05	0.0743461	0	0	0	
17	2	4	63	310	1	400	0.05	0.0860224	0	0	0	
17	2	4	173	311	1	400	0.05	0.0499321	0	0	0	
17	2	4	219	312	1	500	0.99	0.982974	0	0	0	
17	2	4	52	313	2	0	0.25	0	400	0	104	
17	2	4	152	314	2	0	0.99	0	50	0	49	
17	2	4	16	315	1	200	0.25	0.0998217	0	0	0	
17	2	4	192	316	1	300	0.5	0.72185	0	0	0	
17	2	4	326	317	1	200	0.99	0.943699	0	0	0	
17	2	4	66	318	1	200	0.1	0.132728	0	0	0	
17	2	4	106	319	1	200	0.99	0.968113	0	0	0	
17	2	4	244	320	1	500	0.4	0.5	0	0	0	
17	2	4	62	321	1	300	0.05	0.0838995	0	0	0	
17	2	4	25	322	1	600	0.4	0.561566	0	0	0	
17	2	4	43	323	1	400	0.9	0.951129	0	0	0	
17	2	4	260	324	1	600	0.75	0.702743	0	0	0	
17	2	4	7	325	2	0	0.01	0	400	0	8	
17	2	4	33	326	2	0	0.1	0	75	0	7.5	
17	2	4	21	327	1	200	0.4	0.462848	0	0	0	
17	2	4	259	328	1	500	0.75	0.597656	0	0	0	
17	2	4	77	329	2	0	0.5	0	50	0	25	
17	2	4	97	330	2	0	0.6	0	400	0	248	
17	2	4	155	331	2	0	0.99	0	150	0	147	
17	2	4	99	332	1	500	0.9	0.895932	0	0	0	
17	2	4	240	333	1	600	0.25	0.317425	0	0	0	
17	2	4	325	334	1	600	0.95	0.943699	0	0	0	
17	2	4	302	335	1	300	0.5	0.46391	0	0	0	
17	2	4	164	336	1	500	0.99	0.962806	0	0	0	
17	2	4	279	337	1	500	0.01	0.027641	0	0	0	
17	2	4	188	338	1	400	0.4	0.346085	0	0	0	
17	2	4	20	339	1	600	0.25	0.295134	0	0	0	
17	2	4	268	340	1	400	0.95	0.911855	0	0	0	
17	2	4	27	341	2	0	0.05	0	150	50	56	
17	2	4	142	342	2	0	0.95	0	400	0	392	
17	2	4	1	343	1	200	0.01	0.00428838	0	0	0	
17	2	4	303	344	1	400	0.5	0.426758	0	0	0	
17	2	4	60	345	1	600	0.01	0.0106573	0	0	0	
17	2	4	261	346	1	200	0.9	0.710173	0	0	0	
17	2	4	20	347	2	0	0.05	0	150	0	9	
17	2	4	30	348	1	600	0.5	0.487262	0	0	0	
17	2	4	271	349	1	200	0.99	0.975543	0	0	0	
17	2	4	3	350	1	400	0.01	0.0138417	0	0	0	
17	2	4	23	351	2	0	0.05	0	800	0	48	
17	2	4	39	352	2	0	0.1	0	50	25	40.5	
17	2	4	100	353	1	600	0.9	0.90867	0	0	0	
17	2	4	36	354	2	0	0.1	0	200	0	20	
17	2	4	72	355	2	0	0.4	0	150	50	92	
17	2	4	85	356	1	600	0.5	0.5	0	0	0	
17	2	4	112	357	2	0	0.75	0	400	0	296	
17	2	4	295	358	1	600	0.25	0.227199	0	0	0	
17	2	4	139	359	2	0	0.95	0	100	0	94	
17	2	4	98	360	1	400	0.9	0.907609	0	0	0	
17	2	4	40	361	2	0	0.1	0	75	50	52.5	
17	2	4	154	362	1	500	0.9	0.881072	0	0	0	
17	2	4	87	363	1	300	0.6	0.0711617	0	0	0	
17	2	4	114	364	1	500	0.01	0.0159647	0	0	0	
17	2	4	126	365	1	200	0.25	0.0679772	0	0	0	
17	2	4	91	366	2	0	0.6	0	25	0	15.5	
17	2	4	280	367	1	600	0.01	0.00959579	0	0	0	
17	2	4	310	368	1	600	0.6	0.562627	0	0	0	
17	2	4	57	369	2	0	0.25	0	150	50	76	
17	2	4	283	370	1	400	0.05	0.0509935	0	0	0	
17	2	4	330	371	1	600	0.99	0.977666	0	0	0	
17	2	4	227	372	1	300	0.05	0.0297639	0	0	0	
17	2	4	307	373	1	300	0.6	0.5	0	0	0	
17	2	4	144	374	2	0	0.95	0	50	25	48.5	
17	2	4	50	375	2	0	0.25	0	150	0	39	
17	2	4	186	376	1	200	0.4	0.5	0	0	0	
17	2	4	73	377	1	400	0.25	0.399159	0	0	0	
17	2	4	101	378	2	0	0.6	0	100	50	81	
17	2	4	30	379	2	0	0.05	0	200	150	153	
17	2	4	175	380	1	600	0.05	0.0350713	0	0	0	
17	2	4	239	381	1	500	0.25	0.403405	0	0	0	
17	2	4	1	382	2	0	0.01	0	25	0	0.5	
17	2	4	71	383	2	0	0.4	0	100	50	71	
17	2	4	3	384	2	0	0.01	0	75	0	1.5	
17	2	4	182	385	1	300	0.25	0.15608	0	0	0	
17	2	4	138	386	2	0	0.95	0	75	0	70.5	
17	2	4	191	387	1	200	0.5	0.5	0	0	0	
17	2	4	290	388	1	600	0.1	0.139096	0	0	0	
17	2	4	45	389	1	600	0.9	0.881072	0	0	0	
17	2	4	157	390	2	0	0.99	0	400	0	392	
17	2	4	170	391	1	600	0.01	0.025518	0	0	0	
17	2	4	64	392	1	500	0.05	0.0785921	0	0	0	
17	2	4	176	393	1	200	0.1	0.132728	0	0	0	
17	2	4	161	394	2	0	0.99	0	100	50	99	
17	2	4	114	395	2	0	0.75	0	50	25	45.5	
17	2	4	93	396	1	400	0.75	0.704866	0	0	0	
17	2	5	9	397	1	500	0.05	0.0308254	0	0	0	
17	2	5	151	398	2	0	0.99	0	25	0	24.5	
17	2	5	132	399	1	300	0.4	0.5	0	0	0	
17	2	5	5	400	1	600	0.01	0.0191491	0	0	0	
17	2	5	258	401	1	400	0.75	0.70062	0	0	0	
17	2	5	29	402	1	500	0.5	0.495754	0	0	0	
17	2	5	270	403	1	600	0.95	0.972359	0	0	0	
17	2	5	87	404	2	0	0.5	0	150	50	100	
17	2	5	278	405	1	400	0.01	0.00853431	0	0	0	
17	2	5	197	406	1	300	0.6	0.5	0	0	0	
17	2	5	293	407	1	400	0.25	0.236753	0	0	0	
17	2	5	328	408	1	400	0.99	0.946883	0	0	0	
17	2	5	132	409	2	0	0.9	0	150	50	140	
17	2	5	73	410	2	0	0.4	0	150	100	121	
17	2	5	150	411	1	600	0.75	0.618886	0	0	0	
17	2	5	145	412	1	600	0.6	0.666653	0	0	0	
17	2	5	17	413	2	0	0.05	0	50	0	3	
17	2	5	238	414	1	400	0.25	0.118928	0	0	0	
17	2	5	26	415	2	0	0.05	0	100	50	53	
17	2	5	94	416	2	0	0.6	0	100	0	62	
17	2	5	184	417	1	500	0.25	0.342901	0	0	0	
17	2	5	84	418	1	500	0.5	0.555197	0	0	0	
17	2	5	275	419	1	600	0.99	0.952191	0	0	0	
17	2	5	316	420	1	200	0.9	0.625255	0	0	0	
17	2	5	19	421	2	0	0.05	0	100	0	6	
17	2	5	58	422	1	400	0.01	0.0308254	0	0	0	
17	2	5	120	423	2	0	0.75	0	200	150	187	
17	2	5	267	424	1	300	0.95	0.916101	0	0	0	
17	2	5	75	425	1	600	0.25	0.210216	0	0	0	
17	2	5	178	426	1	400	0.1	0.105129	0	0	0	
17	2	5	65	427	1	600	0.05	0.0775306	0	0	0	
17	2	5	137	428	1	300	0.5	0.416143	0	0	0	
17	2	5	128	429	2	0	0.9	0	800	0	720	
17	2	5	158	430	2	0	0.99	0	800	0	784	
17	2	5	215	431	1	600	0.95	0.952191	0	0	0	
17	2	5	320	432	1	600	0.9	0.977666	0	0	0	
17	2	5	165	433	1	600	0.99	0.986158	0	0	0	
17	2	5	86	434	1	200	0.6	0.54989	0	0	0	
17	2	5	45	435	2	0	0.1	0	200	150	155	
17	2	5	256	436	1	200	0.75	0.656038	0	0	0	
17	2	5	164	437	2	0	0.99	0	200	100	198	
17	2	5	14	438	2	0	0.01	0	200	100	102	
17	2	5	23	439	1	400	0.4	0.253736	0	0	0	
17	2	5	53	440	1	400	0.99	0.990404	0	0	0	
17	2	5	46	441	2	0	0.25	0	25	0	6.5	
17	2	5	8	442	1	400	0.05	0.025518	0	0	0	
17	2	5	12	443	1	300	0.1	0.0138417	0	0	0	
17	2	5	168	444	1	400	0.01	0.00216542	0	0	0	
17	2	5	22	445	2	0	0.05	0	400	0	24	
17	2	5	225	446	1	600	0.01	0.0106573	0	0	0	
17	2	5	8	447	2	0	0.01	0	800	0	16	
17	2	5	152	448	1	300	0.9	0.885318	0	0	0	
17	2	5	117	449	1	300	0.05	0.0605469	0	0	0	
17	2	5	11	450	1	200	0.1	0.0754076	0	0	0	
17	2	5	179	451	1	500	0.1	0.131666	0	0	0	
17	2	5	41	452	2	0	0.1	0	100	50	55	
17	2	5	241	453	1	200	0.4	0.5	0	0	0	
17	2	5	90	454	1	600	0.6	0.554136	0	0	0	
17	2	5	127	455	2	0	0.9	0	400	0	360	
17	2	5	324	456	1	500	0.95	0.964929	0	0	0	
17	2	5	104	457	1	500	0.95	0.957498	0	0	0	
17	2	5	138	458	1	400	0.5	0.646484	0	0	0	
17	2	5	88	459	1	400	0.6	0.79403	0	0	0	
17	2	5	251	460	1	200	0.6	0.609333	0	0	0	
17	2	5	54	461	1	500	0.99	0.993589	0	0	0	
17	2	5	60	462	2	0	0.25	0	200	150	163	
17	2	5	139	463	1	500	0.5	0.540336	0	0	0	
17	2	5	115	464	1	600	0.01	0.0149032	0	0	0	
17	2	5	140	465	2	0	0.95	0	150	0	147	
17	2	5	135	466	1	600	0.4	0.439496	0	0	0	
17	2	5	136	467	2	0	0.95	0	25	0	23.5	
17	2	5	149	468	2	0	0.95	0	200	100	194	
17	2	5	318	469	1	400	0.9	0.883195	0	0	0	
17	2	5	122	470	1	300	0.1	0.0945143	0	0	0	
17	2	5	66	471	2	0	0.4	0	200	0	84	
17	2	5	58	472	2	0	0.25	0	150	100	113	
17	2	5	181	473	1	200	0.25	0.115744	0	0	0	
17	2	5	100	474	2	0	0.6	0	75	50	65.5	
17	2	5	69	475	2	0	0.4	0	50	25	35.5	
17	2	5	74	476	2	0	0.4	0	200	100	142	
17	2	5	37	477	1	300	0.75	0.712296	0	0	0	
17	2	5	231	478	1	200	0.1	0.150773	0	0	0	
17	2	5	131	479	1	200	0.4	0.294073	0	0	0	
17	2	5	105	480	2	0	0.6	0	200	150	181	
17	2	5	103	481	2	0	0.6	0	150	100	131	
17	2	5	159	482	2	0	0.99	0	50	25	49.5	
17	2	5	211	483	1	200	0.95	0.951129	0	0	0	
17	2	5	153	484	1	400	0.9	0.9299	0	0	0	
17	2	5	169	485	1	500	0.01	0.0223336	0	0	0	
17	2	5	14	486	1	500	0.1	0.0647928	0	0	0	
17	2	5	288	487	1	400	0.1	0.0191491	0	0	0	
17	2	5	220	488	1	600	0.99	0.98722	0	0	0	
17	2	5	143	489	1	400	0.6	0.5	0	0	0	
17	2	5	98	490	2	0	0.6	0	800	0	496	
17	2	5	163	491	1	400	0.99	0.993589	0	0	0	
17	2	5	91	492	1	200	0.75	0.527599	0	0	0	
17	2	5	102	493	2	0	0.6	0	150	50	112	
17	2	5	315	494	1	600	0.75	0.649669	0	0	0	
17	2	5	189	495	1	500	0.4	0.338655	0	0	0	
