Subject#	Session#	Block#	Stim#	Trial#	Task	Numerosity	P_true	P_reported	x1	x2	CE	
21	1	1	101	1	1	200	0.95	0.951731	0	0	0	
21	1	1	56	2	1	200	0.01	0.0187201	0	0	0	
21	1	1	145	3	2	0	0.95	0	75	50	73.5	
21	1	1	73	4	2	0	0.4	0	150	100	119	
21	1	1	58	5	1	400	0.01	0.0224397	0	0	0	
21	1	1	75	6	1	600	0.25	0.267261	0	0	0	
21	1	1	49	7	1	500	0.95	0.929727	0	0	0	
21	1	1	46	8	2	0	0.25	0	25	0	6.5	
21	1	1	25	9	1	600	0.4	0.40513	0	0	0	
21	1	1	247	10	1	300	0.5	0.5	0	0	0	
21	1	1	165	11	2	0	0.99	0	200	150	199	
21	1	1	37	12	2	0	0.1	0	400	0	40	
21	1	1	278	13	1	400	0.01	0.0164025	0	0	0	
21	1	1	183	14	1	400	0.25	0.302777	0	0	0	
21	1	1	258	15	1	400	0.75	0.807538	0	0	0	
21	1	1	222	16	1	300	0.01	0.0144344	0	0	0	
21	1	1	158	17	2	0	0.99	0	800	0	784	
21	1	1	253	18	1	400	0.6	0.648523	0	0	0	
21	1	1	117	19	2	0	0.75	0	150	50	124	
21	1	1	196	20	1	200	0.6	0.761018	0	0	0	
21	1	1	288	21	1	400	0.1	0.104289	0	0	0	
21	1	1	30	22	1	600	0.5	0.5	0	0	0	
21	1	1	325	23	1	600	0.95	0.936154	0	0	0	
21	1	1	135	24	1	600	0.4	0.348836	0	0	0	
21	1	1	84	25	1	500	0.5	0.443317	0	0	0	
21	1	1	67	26	2	0	0.4	0	400	0	152	
21	1	1	143	27	1	400	0.6	0.697166	0	0	0	
21	1	1	280	28	1	600	0.01	0.0215551	0	0	0	
21	1	1	1	29	1	200	0.01	0.00737995	0	0	0	
21	1	1	91	30	1	200	0.75	0.915004	0	0	0	
21	1	1	31	31	1	200	0.6	0.66219	0	0	0	
21	1	1	123	32	2	0	0.9	0	75	0	67.5	
21	1	1	18	33	2	0	0.05	0	75	0	4.5	
21	1	1	202	34	1	300	0.75	0.607709	0	0	0	
21	1	1	11	35	2	0	0.01	0	100	50	51	
21	1	1	318	36	1	400	0.9	0.907113	0	0	0	
21	1	1	187	37	1	300	0.4	0.317615	0	0	0	
21	1	1	115	38	2	0	0.75	0	75	50	68.5	
21	1	1	269	39	1	500	0.95	0.918922	0	0	0	
21	1	1	329	40	1	500	0.99	0.975933	0	0	0	
21	1	1	51	41	1	200	0.99	0.994924	0	0	0	
21	1	1	257	42	1	300	0.75	0.712721	0	0	0	
21	1	1	50	43	2	0	0.25	0	150	0	39	
21	1	1	181	44	1	200	0.25	0.260074	0	0	0	
21	1	1	29	45	1	500	0.5	0.460646	0	0	0	
21	1	1	192	46	1	300	0.5	0.5	0	0	0	
21	1	1	128	47	2	0	0.9	0	800	0	720	
21	1	1	313	48	1	400	0.75	0.80058	0	0	0	
21	1	1	153	49	1	400	0.9	0.871284	0	0	0	
21	1	1	135	50	2	0	0.9	0	200	150	195	
21	1	1	206	51	1	200	0.9	0.893111	0	0	0	
21	1	1	77	52	1	300	0.4	0.300304	0	0	0	
21	1	1	21	53	2	0	0.05	0	200	0	12	
21	1	1	35	54	2	0	0.1	0	150	0	15	
21	1	1	54	55	2	0	0.25	0	50	25	31.5	
21	1	1	55	56	2	0	0.25	0	75	50	56.5	
21	1	1	255	57	1	600	0.6	0.5	0	0	0	
21	1	1	179	58	1	500	0.1	0.139517	0	0	0	
21	1	1	9	59	2	0	0.01	0	50	25	25.5	
21	1	1	97	60	1	300	0.9	0.41571	0	0	0	
21	1	1	22	61	2	0	0.05	0	400	0	24	
21	1	1	42	62	1	300	0.9	0.904482	0	0	0	
21	1	1	205	63	1	600	0.75	0.828997	0	0	0	
21	1	1	283	64	1	400	0.05	0.103254	0	0	0	
21	1	1	163	65	2	0	0.99	0	150	100	149	
21	1	1	237	66	1	300	0.25	0.407558	0	0	0	
21	1	1	43	67	1	400	0.9	0.899471	0	0	0	
21	1	1	201	68	1	200	0.75	0.636458	0	0	0	
21	1	1	21	69	1	200	0.4	0.383171	0	0	0	
21	1	1	44	70	1	500	0.9	0.902177	0	0	0	
21	1	1	69	71	1	500	0.1	0.1039	0	0	0	
21	1	1	193	72	1	400	0.5	0.350756	0	0	0	
21	1	1	173	73	1	400	0.05	0.0962392	0	0	0	
21	1	1	167	74	1	300	0.01	0.0223822	0	0	0	
21	1	1	243	75	1	400	0.4	0.402706	0	0	0	
21	1	1	58	76	2	0	0.25	0	150	100	113	
21	1	1	307	77	1	300	0.6	0.453476	0	0	0	
21	1	1	119	78	1	500	0.05	0.122015	0	0	0	
21	1	1	155	79	2	0	0.99	0	150	0	147	
21	1	1	154	80	2	0	0.99	0	100	0	98	
21	1	1	116	81	1	200	0.05	0.0504009	0	0	0	
21	1	1	149	82	2	0	0.95	0	200	100	194	
21	1	1	61	83	1	200	0.05	0.0671413	0	0	0	
21	1	1	37	84	1	300	0.75	0.821102	0	0	0	
21	1	1	259	85	1	500	0.75	0.733804	0	0	0	
21	1	1	231	86	1	200	0.1	0.128057	0	0	0	
21	1	1	38	87	1	400	0.75	0.778227	0	0	0	
21	1	1	159	88	1	500	0.95	0.914221	0	0	0	
21	1	1	45	89	1	600	0.9	0.864818	0	0	0	
21	1	1	70	90	1	600	0.1	0.153267	0	0	0	
21	1	1	74	91	2	0	0.4	0	200	100	118	
21	1	1	17	92	2	0	0.05	0	50	0	3	
21	1	1	47	93	1	300	0.95	0.931647	0	0	0	
21	1	1	235	94	1	600	0.1	0.0472209	0	0	0	
21	1	1	36	95	2	0	0.1	0	200	0	20	
21	1	1	38	96	2	0	0.1	0	800	0	80	
21	1	1	102	97	2	0	0.6	0	150	50	108	
21	1	1	77	98	2	0	0.5	0	50	0	25	
21	1	1	13	99	2	0	0.01	0	150	100	101	
21	1	2	132	100	1	300	0.4	0.498249	0	0	0	
21	1	2	302	101	1	300	0.5	0.403834	0	0	0	
21	1	2	99	102	1	500	0.9	0.865269	0	0	0	
21	1	2	177	103	1	300	0.1	0.0633023	0	0	0	
21	1	2	194	104	1	500	0.5	0.666378	0	0	0	
21	1	2	95	105	1	600	0.75	0.725666	0	0	0	
21	1	2	49	106	2	0	0.25	0	100	0	26	
21	1	2	55	107	1	600	0.99	0.97925	0	0	0	
21	1	2	312	108	1	300	0.75	0.89059	0	0	0	
21	1	2	305	109	1	600	0.5	0.437965	0	0	0	
21	1	2	267	110	1	300	0.95	0.968011	0	0	0	
21	1	2	19	111	1	500	0.25	0.323918	0	0	0	
21	1	2	28	112	1	400	0.5	0.522052	0	0	0	
21	1	2	159	113	2	0	0.99	0	50	25	49.5	
21	1	2	113	114	2	0	0.75	0	800	0	592	
21	1	2	28	115	2	0	0.05	0	150	100	103	
21	1	2	116	116	2	0	0.75	0	100	50	87	
21	1	2	20	117	1	600	0.25	0.233462	0	0	0	
21	1	2	22	118	1	300	0.4	0.224718	0	0	0	
21	1	2	106	119	2	0	0.75	0	25	0	18.5	
21	1	2	132	120	2	0	0.9	0	150	50	140	
21	1	2	274	121	1	500	0.99	0.973447	0	0	0	
21	1	2	285	122	1	600	0.05	0.0600515	0	0	0	
21	1	2	133	123	1	400	0.4	0.159464	0	0	0	
21	1	2	134	124	2	0	0.9	0	200	100	190	
21	1	2	134	125	1	500	0.4	0.425935	0	0	0	
21	1	2	48	126	2	0	0.25	0	75	0	19.5	
21	1	2	108	127	1	400	0.99	0.984491	0	0	0	
21	1	2	228	128	1	400	0.05	0.059826	0	0	0	
21	1	2	306	129	1	200	0.6	0.761589	0	0	0	
21	1	2	78	130	2	0	0.5	0	75	0	37.5	
21	1	2	12	131	1	300	0.1	0.120781	0	0	0	
21	1	2	281	132	1	200	0.05	0.099344	0	0	0	
21	1	2	18	133	1	400	0.25	0.369102	0	0	0	
21	1	2	2	134	2	0	0.01	0	50	0	1	
21	1	2	9	135	1	500	0.05	0.140622	0	0	0	
21	1	2	27	136	1	300	0.5	0.350981	0	0	0	
21	1	2	297	137	1	300	0.4	0.36367	0	0	0	
21	1	2	233	138	1	400	0.1	0.225408	0	0	0	
21	1	2	44	139	2	0	0.1	0	200	100	110	
21	1	2	221	140	1	200	0.01	0.0169908	0	0	0	
21	1	2	145	141	1	600	0.6	0.553852	0	0	0	
21	1	2	272	142	1	300	0.99	0.990435	0	0	0	
21	1	2	30	143	2	0	0.05	0	200	150	153	
21	1	2	311	144	1	200	0.75	0.663273	0	0	0	
21	1	2	52	145	1	300	0.99	0.97802	0	0	0	
21	1	2	147	146	1	300	0.75	0.756688	0	0	0	
21	1	2	46	147	1	200	0.95	0.85871	0	0	0	
21	1	2	147	148	2	0	0.95	0	150	50	144	
21	1	2	169	149	1	500	0.01	0.0317586	0	0	0	
21	1	2	82	150	1	300	0.5	0.483582	0	0	0	
21	1	2	124	151	1	500	0.1	0.237991	0	0	0	
21	1	2	91	152	2	0	0.6	0	25	0	14.5	
21	1	2	53	153	2	0	0.25	0	800	0	208	
21	1	2	8	154	1	400	0.05	0.119941	0	0	0	
21	1	2	252	155	1	300	0.6	0.566979	0	0	0	
21	1	2	117	156	1	300	0.05	0.0610511	0	0	0	
21	1	2	87	157	2	0	0.5	0	150	50	100	
21	1	2	64	158	1	500	0.05	0.128552	0	0	0	
21	1	2	19	159	2	0	0.05	0	100	0	6	
21	1	2	328	160	1	400	0.99	0.0314446	0	0	0	
21	1	2	137	161	1	300	0.5	0.438872	0	0	0	
21	1	2	3	162	2	0	0.01	0	75	0	1.5	
21	1	2	1	163	2	0	0.01	0	25	0	0.5	
21	1	2	164	164	1	500	0.99	0.0358498	0	0	0	
21	1	2	326	165	1	200	0.99	0.972797	0	0	0	
21	1	2	234	166	1	500	0.1	0.325559	0	0	0	
21	1	2	299	167	1	500	0.4	0.534578	0	0	0	
21	1	2	184	168	1	500	0.25	0.427753	0	0	0	
21	1	2	89	169	1	500	0.6	0.583101	0	0	0	
21	1	2	41	170	2	0	0.1	0	100	50	55	
21	1	2	13	171	1	400	0.1	0.152905	0	0	0	
21	1	2	74	172	1	500	0.25	0.240158	0	0	0	
21	1	2	103	173	2	0	0.6	0	150	100	129	
21	1	2	300	174	1	600	0.4	0.5	0	0	0	
21	1	2	118	175	1	400	0.05	0.118844	0	0	0	
21	1	2	84	176	2	0	0.5	0	50	25	37.5	
21	1	2	110	177	2	0	0.75	0	150	0	111	
21	1	2	319	178	1	500	0.9	0.867361	0	0	0	
21	1	2	229	179	1	500	0.05	0.122303	0	0	0	
21	1	2	63	180	2	0	0.4	0	75	0	28.5	
21	1	2	14	181	2	0	0.01	0	200	100	102	
21	1	2	97	182	2	0	0.6	0	400	0	232	
21	1	2	86	183	2	0	0.5	0	100	50	75	
21	1	2	76	184	1	200	0.4	0.463498	0	0	0	
21	1	2	56	185	2	0	0.25	0	100	50	63	
21	1	2	174	186	1	500	0.05	0.137305	0	0	0	
21	1	2	164	187	2	0	0.99	0	200	100	198	
21	1	2	81	188	1	200	0.5	0.336616	0	0	0	
21	1	2	111	189	1	200	0.01	0.0225149	0	0	0	
21	1	2	271	190	1	200	0.99	0.985804	0	0	0	
21	1	2	284	191	1	500	0.05	0.107411	0	0	0	
21	1	2	43	192	2	0	0.1	0	150	100	105	
21	1	2	140	193	2	0	0.95	0	150	0	141	
21	1	2	10	194	1	600	0.05	0.0929619	0	0	0	
21	1	2	223	195	1	400	0.01	0.0166812	0	0	0	
21	1	2	203	196	1	400	0.75	0.751204	0	0	0	
21	1	2	20	197	2	0	0.05	0	150	0	9	
21	1	2	320	198	1	600	0.9	0.952341	0	0	0	
21	1	3	160	199	2	0	0.99	0	75	50	74.5	
21	1	3	111	200	2	0	0.75	0	200	0	148	
21	1	3	251	201	1	200	0.6	0.534989	0	0	0	
21	1	3	60	202	1	600	0.01	0.065098	0	0	0	
21	1	3	218	203	1	400	0.99	0.994009	0	0	0	
21	1	3	6	204	2	0	0.01	0	200	0	4	
21	1	3	71	205	1	200	0.25	0.342432	0	0	0	
21	1	3	80	206	2	0	0.5	0	150	0	75	
21	1	3	261	207	1	200	0.9	0.843566	0	0	0	
21	1	3	110	208	1	600	0.99	0.997861	0	0	0	
21	1	3	143	209	2	0	0.95	0	800	0	752	
21	1	3	295	210	1	600	0.25	0.260406	0	0	0	
21	1	3	92	211	2	0	0.6	0	50	0	29	
21	1	3	190	212	1	600	0.4	0.239672	0	0	0	
21	1	3	88	213	1	400	0.6	0.310561	0	0	0	
21	1	3	168	214	1	400	0.01	0.0163937	0	0	0	
21	1	3	220	215	1	600	0.99	0.97894	0	0	0	
21	1	3	156	216	2	0	0.99	0	200	0	196	
21	1	3	162	217	1	300	0.99	0.979051	0	0	0	
21	1	3	323	218	1	400	0.95	0.983796	0	0	0	
21	1	3	120	219	2	0	0.75	0	200	150	187	
21	1	3	157	220	1	300	0.95	0.900607	0	0	0	
21	1	3	266	221	1	200	0.95	0.941912	0	0	0	
21	1	3	226	222	1	200	0.05	0.122966	0	0	0	
21	1	3	166	223	1	200	0.01	0.0165175	0	0	0	
21	1	3	175	224	1	600	0.05	0.0531475	0	0	0	
21	1	3	6	225	1	200	0.05	0.0333287	0	0	0	
21	1	3	127	226	2	0	0.9	0	400	0	360	
21	1	3	180	227	1	600	0.1	0.257376	0	0	0	
21	1	3	165	228	1	600	0.99	0.96714	0	0	0	
21	1	3	296	229	1	200	0.4	0.533468	0	0	0	
21	1	3	53	230	1	400	0.99	0.0407503	0	0	0	
21	1	3	130	231	1	600	0.25	0.451322	0	0	0	
21	1	3	264	232	1	500	0.9	0.829855	0	0	0	
21	1	3	26	233	2	0	0.05	0	100	50	53	
21	1	3	85	234	1	600	0.5	0.5	0	0	0	
21	1	3	68	235	2	0	0.4	0	800	0	304	
21	1	3	139	236	2	0	0.95	0	100	0	94	
21	1	3	290	237	1	600	0.1	0.128681	0	0	0	
21	1	3	98	238	2	0	0.6	0	800	0	464	
21	1	3	138	239	1	400	0.5	0.530562	0	0	0	
21	1	3	189	240	1	500	0.4	0.5	0	0	0	
21	1	3	279	241	1	500	0.01	0.0277604	0	0	0	
21	1	3	95	242	2	0	0.6	0	150	0	87	
21	1	3	294	243	1	500	0.25	0.39544	0	0	0	
21	1	3	204	244	1	500	0.75	0.722951	0	0	0	
21	1	3	136	245	2	0	0.95	0	25	0	23.5	
21	1	3	211	246	1	200	0.95	0.0766062	0	0	0	
21	1	3	215	247	1	600	0.95	0.0887557	0	0	0	
21	1	3	225	248	1	600	0.01	0.0398303	0	0	0	
21	1	3	59	249	2	0	0.25	0	200	100	126	
21	1	3	63	250	1	400	0.05	0.0699012	0	0	0	
21	1	3	57	251	1	300	0.01	0.0221522	0	0	0	
21	1	3	227	252	1	300	0.05	0.122918	0	0	0	
21	1	3	65	253	2	0	0.4	0	150	0	57	
21	1	3	114	254	1	500	0.01	0.975866	0	0	0	
21	1	3	23	255	1	400	0.4	0.500456	0	0	0	
21	1	3	82	256	2	0	0.5	0	400	0	200	
21	1	3	34	257	1	500	0.6	0.500358	0	0	0	
21	1	3	133	258	2	0	0.9	0	150	100	145	
21	1	3	88	259	2	0	0.5	0	150	100	125	
21	1	3	62	260	1	300	0.05	0.0534128	0	0	0	
21	1	3	153	261	2	0	0.99	0	75	0	73.5	
21	1	3	139	262	1	500	0.5	0.570721	0	0	0	
21	1	3	241	263	1	200	0.4	0.458328	0	0	0	
21	1	3	31	264	2	0	0.1	0	25	0	2.5	
21	1	3	287	265	1	300	0.1	0.136217	0	0	0	
21	1	3	113	266	1	400	0.01	0.0400116	0	0	0	
21	1	3	155	267	1	600	0.9	0.959997	0	0	0	
21	1	3	86	268	1	200	0.6	0.58652	0	0	0	
21	1	3	4	269	1	500	0.01	0.0374331	0	0	0	
21	1	3	256	270	1	200	0.75	0.818657	0	0	0	
21	1	3	262	271	1	300	0.9	0.846136	0	0	0	
21	1	3	178	272	1	400	0.1	0.145572	0	0	0	
21	1	3	62	273	2	0	0.4	0	50	0	19	
21	1	3	308	274	1	400	0.6	0.5	0	0	0	
21	1	3	92	275	1	300	0.75	0.570283	0	0	0	
21	1	3	292	276	1	300	0.25	0.42854	0	0	0	
21	1	3	301	277	1	200	0.5	0.473689	0	0	0	
21	1	3	10	278	2	0	0.01	0	75	50	50.5	
21	1	3	33	279	2	0	0.1	0	75	0	7.5	
21	1	3	66	280	2	0	0.4	0	200	0	76	
21	1	3	254	281	1	500	0.6	0.520942	0	0	0	
21	1	3	105	282	2	0	0.6	0	200	150	179	
21	1	3	136	283	1	200	0.5	0.545538	0	0	0	
21	1	3	240	284	1	600	0.25	0.420358	0	0	0	
21	1	3	322	285	1	300	0.95	0.921558	0	0	0	
21	1	3	246	286	1	200	0.5	0.5	0	0	0	
21	1	3	32	287	2	0	0.1	0	50	0	5	
21	1	3	71	288	2	0	0.4	0	100	50	69	
21	1	3	249	289	1	500	0.5	0.531716	0	0	0	
21	1	3	42	290	2	0	0.1	0	150	50	60	
21	1	3	303	291	1	400	0.5	0.531676	0	0	0	
21	1	3	214	292	1	500	0.95	0.904668	0	0	0	
21	1	3	138	293	2	0	0.95	0	75	0	70.5	
21	1	3	103	294	1	400	0.95	0.927503	0	0	0	
21	1	3	8	295	2	0	0.01	0	800	0	16	
21	1	3	50	296	1	600	0.95	0.93511	0	0	0	
21	1	3	96	297	2	0	0.6	0	200	0	116	
21	1	4	41	298	1	200	0.9	0.930086	0	0	0	
21	1	4	199	299	1	500	0.6	0.567457	0	0	0	
21	1	4	315	300	1	600	0.75	0.649072	0	0	0	
21	1	4	33	301	1	400	0.6	0.554357	0	0	0	
21	1	4	130	302	2	0	0.9	0	75	50	72.5	
21	1	4	40	303	2	0	0.1	0	75	50	52.5	
21	1	4	131	304	2	0	0.9	0	100	50	95	
21	1	4	293	305	1	400	0.25	0.165992	0	0	0	
21	1	4	150	306	2	0	0.95	0	200	150	197	
21	1	4	125	307	2	0	0.9	0	150	0	135	
21	1	4	121	308	2	0	0.9	0	25	0	22.5	
21	1	4	207	309	1	300	0.9	0.922248	0	0	0	
21	1	4	316	310	1	200	0.9	0.858719	0	0	0	
21	1	4	144	311	2	0	0.95	0	50	25	48.5	
21	1	4	154	312	1	500	0.9	0.882885	0	0	0	
21	1	4	90	313	1	600	0.6	0.557307	0	0	0	
21	1	4	83	314	2	0	0.5	0	800	0	400	
21	1	4	245	315	1	600	0.4	0.460248	0	0	0	
21	1	4	291	316	1	200	0.25	0.230176	0	0	0	
21	1	4	101	317	2	0	0.6	0	100	50	79	
21	1	4	126	318	2	0	0.9	0	200	0	180	
21	1	4	112	319	1	300	0.01	0.0268227	0	0	0	
21	1	4	34	320	2	0	0.1	0	100	0	10	
21	1	4	289	321	1	500	0.1	0.122997	0	0	0	
21	1	4	129	322	2	0	0.9	0	50	25	47.5	
21	1	4	109	323	1	500	0.99	0.977162	0	0	0	
21	1	4	212	324	1	300	0.95	0.913602	0	0	0	
21	1	4	40	325	1	600	0.75	0.639355	0	0	0	
21	1	4	29	326	2	0	0.05	0	200	100	106	
21	1	4	275	327	1	600	0.99	0.961479	0	0	0	
21	1	4	137	328	2	0	0.95	0	50	0	47	
21	1	4	100	329	1	600	0.9	0.893164	0	0	0	
21	1	4	68	330	1	400	0.1	0.103815	0	0	0	
21	1	4	152	331	2	0	0.99	0	50	0	49	
21	1	4	54	332	1	500	0.99	0.968847	0	0	0	
21	1	4	273	333	1	400	0.99	0.974787	0	0	0	
21	1	4	270	334	1	600	0.95	0.907993	0	0	0	
21	1	4	121	335	1	200	0.1	0.117195	0	0	0	
21	1	4	80	336	1	600	0.4	0.457784	0	0	0	
21	1	4	5	337	1	600	0.01	0.0618295	0	0	0	
21	1	4	327	338	1	300	0.99	0.967481	0	0	0	
21	1	4	104	339	2	0	0.6	0	200	100	158	
21	1	4	39	340	1	500	0.75	0.55456	0	0	0	
21	1	4	236	341	1	200	0.25	0.419447	0	0	0	
21	1	4	24	342	2	0	0.05	0	50	25	26.5	
21	1	4	263	343	1	400	0.9	0.907441	0	0	0	
21	1	4	210	344	1	600	0.9	0.89319	0	0	0	
21	1	4	126	345	1	200	0.25	0.24861	0	0	0	
21	1	4	213	346	1	400	0.95	0.823663	0	0	0	
21	1	4	244	347	1	500	0.4	0.460708	0	0	0	
21	1	4	122	348	2	0	0.9	0	50	0	45	
21	1	4	304	349	1	500	0.5	0.514839	0	0	0	
21	1	4	32	350	1	300	0.6	0.511296	0	0	0	
21	1	4	151	351	2	0	0.99	0	25	0	24.5	
21	1	4	75	352	2	0	0.4	0	200	150	169	
21	1	4	57	353	2	0	0.25	0	150	50	76	
21	1	4	242	354	1	300	0.4	0.459814	0	0	0	
21	1	4	108	355	2	0	0.75	0	75	0	55.5	
21	1	4	140	356	1	600	0.5	0.465007	0	0	0	
21	1	4	123	357	1	400	0.1	0.161043	0	0	0	
21	1	4	122	358	1	300	0.1	0.0741692	0	0	0	
21	1	4	248	359	1	400	0.5	0.256297	0	0	0	
21	1	4	209	360	1	500	0.9	0.752372	0	0	0	
21	1	4	106	361	1	200	0.99	0.981041	0	0	0	
21	1	4	78	362	1	400	0.4	0.536506	0	0	0	
21	1	4	16	363	2	0	0.05	0	25	0	1.5	
21	1	4	15	364	2	0	0.01	0	200	150	151	
21	1	4	182	365	1	300	0.25	0.226894	0	0	0	
21	1	4	230	366	1	600	0.05	0.0947221	0	0	0	
21	1	4	158	367	1	400	0.95	0.88944	0	0	0	
21	1	4	3	368	1	400	0.01	0.0343637	0	0	0	
21	1	4	162	369	2	0	0.99	0	150	50	148	
21	1	4	14	370	1	500	0.1	0.088738	0	0	0	
21	1	4	208	371	1	400	0.9	0.899555	0	0	0	
21	1	4	161	372	1	200	0.99	0.985026	0	0	0	
21	1	4	276	373	1	200	0.01	0.0232491	0	0	0	
21	1	4	146	374	2	0	0.95	0	100	50	97	
21	1	4	188	375	1	400	0.4	0.479518	0	0	0	
21	1	4	5	376	2	0	0.01	0	150	0	3	
21	1	4	314	377	1	500	0.75	0.593309	0	0	0	
21	1	4	36	378	1	200	0.75	0.697462	0	0	0	
21	1	4	96	379	1	200	0.9	0.754379	0	0	0	
21	1	4	142	380	1	300	0.6	0.554861	0	0	0	
21	1	4	89	381	2	0	0.5	0	200	100	150	
21	1	4	171	382	1	200	0.05	0.118411	0	0	0	
21	1	4	151	383	1	200	0.9	0.905614	0	0	0	
21	1	4	185	384	1	600	0.25	0.447647	0	0	0	
21	1	4	148	385	2	0	0.95	0	150	100	147	
21	1	4	232	386	1	300	0.1	0.109618	0	0	0	
21	1	4	66	387	1	200	0.1	0.148601	0	0	0	
21	1	4	148	388	1	400	0.75	0.249911	0	0	0	
21	1	4	127	389	1	300	0.25	0.223108	0	0	0	
21	1	4	109	390	2	0	0.75	0	100	0	74	
21	1	4	170	391	1	600	0.01	0.0418737	0	0	0	
21	1	4	79	392	2	0	0.5	0	100	0	50	
21	1	4	298	393	1	400	0.4	0.473357	0	0	0	
21	1	4	2	394	1	300	0.01	0.0389236	0	0	0	
21	1	4	4	395	2	0	0.01	0	100	0	2	
21	1	4	93	396	2	0	0.6	0	75	0	46.5	
21	1	5	83	397	1	400	0.5	0.58889	0	0	0	
21	1	5	128	398	1	400	0.25	0.330685	0	0	0	
21	1	5	81	399	2	0	0.5	0	200	0	100	
21	1	5	24	400	1	500	0.4	0.447811	0	0	0	
21	1	5	102	401	1	300	0.95	0.873982	0	0	0	
21	1	5	141	402	1	200	0.6	0.539461	0	0	0	
21	1	5	48	403	1	400	0.95	0.882062	0	0	0	
21	1	5	217	404	1	300	0.99	0.968073	0	0	0	
21	1	5	65	405	1	600	0.05	0.119525	0	0	0	
21	1	5	60	406	2	0	0.25	0	200	150	163	
21	1	5	15	407	1	600	0.1	0.116107	0	0	0	
21	1	5	197	408	1	300	0.6	0.471712	0	0	0	
21	1	5	277	409	1	300	0.01	0.0296268	0	0	0	
21	1	5	69	410	2	0	0.4	0	50	25	34.5	
21	1	5	224	411	1	500	0.01	0.0784549	0	0	0	
21	1	5	172	412	1	300	0.05	0.144943	0	0	0	
21	1	5	129	413	1	500	0.25	0.473021	0	0	0	
21	1	5	118	414	2	0	0.75	0	150	100	137	
21	1	5	119	415	2	0	0.75	0	200	100	174	
21	1	5	25	416	2	0	0.05	0	75	50	51.5	
21	1	5	39	417	2	0	0.1	0	50	25	27.5	
21	1	5	156	418	1	200	0.95	0.908701	0	0	0	
21	1	5	7	419	2	0	0.01	0	400	0	8	
21	1	5	131	420	1	200	0.4	0.452676	0	0	0	
21	1	5	7	421	1	300	0.05	0.0610909	0	0	0	
21	1	5	35	422	1	600	0.6	0.557293	0	0	0	
21	1	5	100	423	2	0	0.6	0	75	50	64.5	
21	1	5	52	424	2	0	0.25	0	400	0	72	
21	1	5	239	425	1	500	0.25	0.534374	0	0	0	
21	1	5	115	426	1	600	0.01	0.109733	0	0	0	
21	1	5	85	427	2	0	0.5	0	75	50	62.5	
21	1	5	149	428	1	500	0.75	0.638877	0	0	0	
21	1	5	238	429	1	400	0.25	0.257447	0	0	0	
21	1	5	141	430	2	0	0.95	0	200	0	188	
21	1	5	16	431	1	200	0.25	0.116912	0	0	0	
21	1	5	99	432	2	0	0.6	0	50	25	39.5	
21	1	5	268	433	1	400	0.95	0.900899	0	0	0	
21	1	5	27	434	2	0	0.05	0	150	50	56	
21	1	5	150	435	1	600	0.75	0.642946	0	0	0	
21	1	5	94	436	2	0	0.6	0	100	0	58	
21	1	5	93	437	1	400	0.75	0.580274	0	0	0	
21	1	5	47	438	2	0	0.25	0	50	0	13	
21	1	5	79	439	1	500	0.4	0.293768	0	0	0	
21	1	5	310	440	1	600	0.6	0.466112	0	0	0	
21	1	5	17	441	1	300	0.25	0.465856	0	0	0	
21	1	5	107	442	1	300	0.99	0.9812	0	0	0	
21	1	5	90	443	2	0	0.5	0	200	150	175	
21	1	5	73	444	1	400	0.25	0.256019	0	0	0	
21	1	5	72	445	1	300	0.25	0.334966	0	0	0	
21	1	5	12	446	2	0	0.01	0	150	50	52	
21	1	5	321	447	1	200	0.95	0.928277	0	0	0	
21	1	5	94	448	1	500	0.75	0.556334	0	0	0	
21	1	5	124	449	2	0	0.9	0	100	0	90	
21	1	5	104	450	1	500	0.95	0.960634	0	0	0	
21	1	5	157	451	2	0	0.99	0	400	0	392	
21	1	5	45	452	2	0	0.1	0	200	150	155	
21	1	5	72	453	2	0	0.4	0	150	50	88	
21	1	5	198	454	1	400	0.6	0.586396	0	0	0	
21	1	5	260	455	1	600	0.75	0.667891	0	0	0	
21	1	5	250	456	1	600	0.5	0.5	0	0	0	
21	1	5	51	457	2	0	0.25	0	200	0	52	
21	1	5	160	458	1	600	0.95	0.90944	0	0	0	
21	1	5	120	459	1	600	0.05	0.1042	0	0	0	
21	1	5	87	460	1	300	0.6	0.500358	0	0	0	
21	1	5	125	461	1	600	0.1	0.289614	0	0	0	
21	1	5	70	462	2	0	0.4	0	75	50	59.5	
21	1	5	23	463	2	0	0.05	0	800	0	48	
21	1	5	216	464	1	200	0.99	0.975729	0	0	0	
21	1	5	219	465	1	500	0.99	0.974022	0	0	0	
21	1	5	161	466	2	0	0.99	0	100	50	99	
21	1	5	330	467	1	600	0.99	0.958657	0	0	0	
21	1	5	144	468	1	500	0.6	0.528156	0	0	0	
21	1	5	282	469	1	300	0.05	0.144054	0	0	0	
21	1	5	61	470	2	0	0.4	0	25	0	9.5	
21	1	5	114	471	2	0	0.75	0	50	25	43.5	
21	1	5	324	472	1	500	0.95	0.904168	0	0	0	
21	1	5	200	473	1	600	0.6	0.539425	0	0	0	
21	1	5	163	474	1	400	0.99	0.973664	0	0	0	
21	1	5	176	475	1	200	0.1	0.1293	0	0	0	
21	1	5	67	476	1	300	0.1	0.26057	0	0	0	
21	1	5	64	477	2	0	0.4	0	100	0	38	
21	1	5	105	478	1	600	0.95	0.913553	0	0	0	
21	1	5	26	479	1	200	0.5	0.548426	0	0	0	
21	1	5	11	480	1	200	0.1	0.131856	0	0	0	
21	1	5	191	481	1	200	0.5	0.516577	0	0	0	
21	1	5	186	482	1	200	0.4	0.482702	0	0	0	
21	1	5	309	483	1	500	0.6	0.5	0	0	0	
21	1	5	59	484	1	500	0.01	0.0329616	0	0	0	
21	1	5	317	485	1	300	0.9	0.967069	0	0	0	
21	1	5	195	486	1	600	0.5	0.5	0	0	0	
21	1	5	107	487	2	0	0.75	0	50	0	37	
21	1	5	76	488	2	0	0.5	0	25	0	12.5	
21	1	5	152	489	1	300	0.9	0.896768	0	0	0	
21	1	5	286	490	1	200	0.1	0.115156	0	0	0	
21	1	5	98	491	1	400	0.9	0.874384	0	0	0	
21	1	5	265	492	1	600	0.9	0.897012	0	0	0	
21	1	5	112	493	2	0	0.75	0	400	0	296	
21	1	5	146	494	1	200	0.75	0.570093	0	0	0	
21	1	5	142	495	2	0	0.95	0	400	0	376	
21	2	1	50	1	1	600	0.95	0.9171	0	0	0	
21	2	1	91	2	2	0	0.6	0	25	0	14.5	
21	2	1	29	3	2	0	0.05	0	200	100	106	
21	2	1	282	4	1	300	0.05	0.0347396	0	0	0	
21	2	1	159	5	1	500	0.95	0.956242	0	0	0	
21	2	1	274	6	1	500	0.99	0.992173	0	0	0	
21	2	1	217	7	1	300	0.99	0.994672	0	0	0	
21	2	1	79	8	1	500	0.4	0.451919	0	0	0	
21	2	1	189	9	1	500	0.4	0.358567	0	0	0	
21	2	1	44	10	1	500	0.9	0.843809	0	0	0	
21	2	1	37	11	1	300	0.75	0.760602	0	0	0	
21	2	1	248	12	1	400	0.5	0.554569	0	0	0	
21	2	1	226	13	1	200	0.05	0.13853	0	0	0	
21	2	1	287	14	1	300	0.1	0.101874	0	0	0	
21	2	1	188	15	1	400	0.4	0.469903	0	0	0	
21	2	1	96	16	2	0	0.6	0	200	0	116	
21	2	1	77	17	2	0	0.5	0	50	0	25	
21	2	1	15	18	1	600	0.1	0.0868893	0	0	0	
21	2	1	6	19	2	0	0.01	0	200	0	4	
21	2	1	55	20	2	0	0.25	0	75	50	56.5	
21	2	1	168	21	1	400	0.01	0.0309935	0	0	0	
21	2	1	330	22	1	600	0.99	0.970833	0	0	0	
21	2	1	307	23	1	300	0.6	0.550832	0	0	0	
21	2	1	147	24	1	300	0.75	0.655746	0	0	0	
21	2	1	138	25	1	400	0.5	0.443109	0	0	0	
21	2	1	201	26	1	200	0.75	0.816918	0	0	0	
21	2	1	81	27	1	200	0.5	0.416187	0	0	0	
21	2	1	314	28	1	500	0.75	0.745414	0	0	0	
21	2	1	279	29	1	500	0.01	0.0121478	0	0	0	
21	2	1	115	30	1	600	0.01	0.00769839	0	0	0	
21	2	1	225	31	1	600	0.01	0.0182247	0	0	0	
21	2	1	184	32	1	500	0.25	0.291432	0	0	0	
21	2	1	39	33	1	500	0.75	0.852394	0	0	0	
21	2	1	216	34	1	200	0.99	0.992032	0	0	0	
21	2	1	64	35	2	0	0.4	0	100	0	38	
21	2	1	146	36	2	0	0.95	0	100	50	99	
21	2	1	296	37	1	200	0.4	0.456311	0	0	0	
21	2	1	46	38	1	200	0.95	0.966477	0	0	0	
21	2	1	156	39	1	200	0.95	0.98021	0	0	0	
21	2	1	40	40	1	600	0.75	0.771668	0	0	0	
21	2	1	84	41	2	0	0.5	0	50	25	37.5	
21	2	1	232	42	1	300	0.1	0.0806885	0	0	0	
21	2	1	261	43	1	200	0.9	0.977282	0	0	0	
21	2	1	157	44	2	0	0.99	0	400	0	392	
21	2	1	211	45	1	200	0.95	0.983142	0	0	0	
21	2	1	55	46	1	600	0.99	0.979303	0	0	0	
21	2	1	221	47	1	200	0.01	0.0163097	0	0	0	
21	2	1	180	48	1	600	0.1	0.0802595	0	0	0	
21	2	1	12	49	2	0	0.01	0	150	50	52	
21	2	1	18	50	1	400	0.25	0.169057	0	0	0	
21	2	1	253	51	1	400	0.6	0.675927	0	0	0	
21	2	1	13	52	1	400	0.1	0.140264	0	0	0	
21	2	1	199	53	1	500	0.6	0.523185	0	0	0	
21	2	1	186	54	1	200	0.4	0.47908	0	0	0	
21	2	1	175	55	1	600	0.05	0.0915642	0	0	0	
21	2	1	109	56	1	500	0.99	0.98515	0	0	0	
21	2	1	80	57	2	0	0.5	0	150	0	75	
21	2	1	34	58	2	0	0.1	0	100	0	10	
21	2	1	28	59	2	0	0.05	0	150	100	103	
21	2	1	33	60	2	0	0.1	0	75	0	73.5	
21	2	1	263	61	1	400	0.9	0.846467	0	0	0	
21	2	1	23	62	2	0	0.05	0	800	0	16	
21	2	1	56	63	1	200	0.01	0.990059	0	0	0	
21	2	1	237	64	1	300	0.25	0.381026	0	0	0	
21	2	1	122	65	1	300	0.1	0.252892	0	0	0	
21	2	1	323	66	1	400	0.95	0.959223	0	0	0	
21	2	1	241	67	1	200	0.4	0.355975	0	0	0	
21	2	1	145	68	1	600	0.6	0.558151	0	0	0	
21	2	1	4	69	2	0	0.01	0	100	0	2	
21	2	1	65	70	2	0	0.4	0	150	0	57	
21	2	1	114	71	2	0	0.75	0	50	25	43.5	
21	2	1	22	72	2	0	0.05	0	400	0	24	
21	2	1	62	73	2	0	0.4	0	50	0	19	
21	2	1	147	74	2	0	0.95	0	150	50	144	
21	2	1	84	75	1	500	0.5	0.408845	0	0	0	
21	2	1	2	76	2	0	0.01	0	50	0	5	
21	2	1	61	77	2	0	0.4	0	25	0	9.5	
21	2	1	202	78	1	300	0.75	0.415431	0	0	0	
21	2	1	82	79	1	300	0.5	0.5	0	0	0	
21	2	1	120	80	2	0	0.75	0	200	150	187	
21	2	1	322	81	1	300	0.95	0.983421	0	0	0	
21	2	1	146	82	1	200	0.75	0.931992	0	0	0	
21	2	1	1	83	1	200	0.01	0.0132889	0	0	0	
21	2	1	102	84	1	300	0.95	0.943049	0	0	0	
21	2	1	117	85	2	0	0.75	0	150	50	124	
21	2	1	46	86	2	0	0.25	0	25	0	6.5	
21	2	1	301	87	1	200	0.5	0.465267	0	0	0	
21	2	1	90	88	1	600	0.6	0.57031	0	0	0	
21	2	1	313	89	1	400	0.75	0.671978	0	0	0	
21	2	1	98	90	1	400	0.9	0.950975	0	0	0	
21	2	1	141	91	2	0	0.95	0	200	0	188	
21	2	1	3	92	2	0	0.01	0	75	0	7.5	
21	2	1	93	93	2	0	0.6	0	75	0	43.5	
21	2	1	38	94	2	0	0.1	0	800	0	80	
21	2	1	26	95	2	0	0.05	0	100	50	55	
21	2	1	8	96	2	0	0.01	0	800	0	48	
21	2	1	244	97	1	500	0.4	0.535223	0	0	0	
21	2	1	300	98	1	600	0.4	0.464286	0	0	0	
21	2	1	196	99	1	200	0.6	0.715666	0	0	0	
21	2	2	128	100	2	0	0.9	0	800	0	720	
21	2	2	64	101	1	500	0.05	0.0544212	0	0	0	
21	2	2	94	102	1	500	0.75	0.890112	0	0	0	
21	2	2	132	103	2	0	0.9	0	150	50	144	
21	2	2	67	104	1	300	0.1	0.0222584	0	0	0	
21	2	2	1	105	2	0	0.01	0	25	0	2.5	
21	2	2	247	106	1	300	0.5	0.528288	0	0	0	
21	2	2	133	107	2	0	0.9	0	150	100	145	
21	2	2	121	108	1	200	0.1	0.0499188	0	0	0	
21	2	2	183	109	1	400	0.25	0.0708477	0	0	0	
21	2	2	195	110	1	600	0.5	0.462773	0	0	0	
21	2	2	39	111	2	0	0.1	0	50	25	27.5	
21	2	2	85	112	1	600	0.5	0.553707	0	0	0	
21	2	2	321	113	1	200	0.95	0.901947	0	0	0	
21	2	2	292	114	1	300	0.25	0.132161	0	0	0	
21	2	2	48	115	2	0	0.25	0	75	0	19.5	
21	2	2	255	116	1	600	0.6	0.58261	0	0	0	
21	2	2	152	117	2	0	0.99	0	50	0	49	
21	2	2	166	118	1	200	0.01	0.0156418	0	0	0	
21	2	2	266	119	1	200	0.95	0.972961	0	0	0	
21	2	2	16	120	1	200	0.25	0.149884	0	0	0	
21	2	2	135	121	2	0	0.9	0	200	150	195	
21	2	2	109	122	2	0	0.75	0	100	0	74	
21	2	2	257	123	1	300	0.75	0.891726	0	0	0	
21	2	2	234	124	1	500	0.1	0.158818	0	0	0	
21	2	2	106	125	1	200	0.99	0.978794	0	0	0	
21	2	2	149	126	1	500	0.75	0.639138	0	0	0	
21	2	2	81	127	2	0	0.5	0	200	0	100	
21	2	2	153	128	2	0	0.99	0	75	0	73.5	
21	2	2	52	129	2	0	0.25	0	400	0	104	
21	2	2	62	130	1	300	0.05	0.0217188	0	0	0	
21	2	2	74	131	1	500	0.25	0.115717	0	0	0	
21	2	2	133	132	1	400	0.4	0.136978	0	0	0	
21	2	2	162	133	2	0	0.99	0	150	50	148	
21	2	2	87	134	1	300	0.6	0.584277	0	0	0	
21	2	2	94	135	2	0	0.6	0	100	0	58	
21	2	2	305	136	1	600	0.5	0.530571	0	0	0	
21	2	2	271	137	1	200	0.99	0.985004	0	0	0	
21	2	2	131	138	1	200	0.4	0.454485	0	0	0	
21	2	2	123	139	1	400	0.1	0.133205	0	0	0	
21	2	2	182	140	1	300	0.25	0.273524	0	0	0	
21	2	2	212	141	1	300	0.95	0.86974	0	0	0	
21	2	2	87	142	2	0	0.5	0	150	50	100	
21	2	2	83	143	1	400	0.5	0.551906	0	0	0	
21	2	2	66	144	1	200	0.1	0.163431	0	0	0	
21	2	2	158	145	1	400	0.95	0.0649211	0	0	0	
21	2	2	270	146	1	600	0.95	0.067588	0	0	0	
21	2	2	30	147	2	0	0.05	0	200	150	153	
21	2	2	112	148	1	300	0.01	0.0238417	0	0	0	
21	2	2	47	149	2	0	0.25	0	50	0	25	
21	2	2	242	150	1	300	0.4	0.0866151	0	0	0	
21	2	2	288	151	1	400	0.1	0.0584416	0	0	0	
21	2	2	111	152	1	200	0.01	0.0225857	0	0	0	
21	2	2	71	153	2	0	0.4	0	100	50	69	
21	2	2	45	154	2	0	0.1	0	200	150	155	
21	2	2	18	155	2	0	0.05	0	75	0	4.5	
21	2	2	73	156	1	400	0.25	0.275116	0	0	0	
21	2	2	177	157	1	300	0.1	0.127239	0	0	0	
21	2	2	86	158	1	200	0.6	0.629226	0	0	0	
21	2	2	76	159	2	0	0.5	0	25	0	12.5	
21	2	2	78	160	2	0	0.5	0	75	0	37.5	
21	2	2	101	161	2	0	0.6	0	100	50	79	
21	2	2	294	162	1	500	0.25	0.330698	0	0	0	
21	2	2	60	163	2	0	0.25	0	200	150	163	
21	2	2	63	164	1	400	0.05	0.0687645	0	0	0	
21	2	2	11	165	2	0	0.01	0	100	50	51	
21	2	2	108	166	2	0	0.75	0	75	0	55.5	
21	2	2	119	167	1	500	0.05	0.948458	0	0	0	
21	2	2	63	168	2	0	0.4	0	75	0	28.5	
21	2	2	19	169	2	0	0.05	0	100	0	6	
21	2	2	32	170	1	300	0.6	0.644339	0	0	0	
21	2	2	24	171	1	500	0.4	0.540181	0	0	0	
21	2	2	27	172	1	300	0.5	0.516838	0	0	0	
21	2	2	125	173	1	600	0.1	0.133192	0	0	0	
21	2	2	283	174	1	400	0.05	0.0436738	0	0	0	
21	2	2	163	175	1	400	0.99	0.974053	0	0	0	
21	2	2	223	176	1	400	0.01	0.0204937	0	0	0	
21	2	2	14	177	2	0	0.01	0	200	100	102	
21	2	2	152	178	1	300	0.9	0.064408	0	0	0	
21	2	2	75	179	1	600	0.25	0.555047	0	0	0	
21	2	2	47	180	1	300	0.95	0.92147	0	0	0	
21	2	2	51	181	1	200	0.99	0.0175304	0	0	0	
21	2	2	42	182	1	300	0.9	0.930532	0	0	0	
21	2	2	328	183	1	400	0.99	0.978153	0	0	0	
21	2	2	320	184	1	600	0.9	0.563269	0	0	0	
21	2	2	312	185	1	300	0.75	0.556369	0	0	0	
21	2	2	200	186	1	600	0.6	0.559085	0	0	0	
21	2	2	75	187	2	0	0.4	0	200	150	169	
21	2	2	8	188	1	400	0.05	0.067619	0	0	0	
21	2	2	143	189	2	0	0.95	0	800	0	752	
21	2	2	66	190	2	0	0.4	0	200	0	76	
21	2	2	162	191	1	300	0.99	0.993898	0	0	0	
21	2	2	61	192	1	200	0.05	0.0251819	0	0	0	
21	2	2	35	193	1	600	0.6	0.77273	0	0	0	
21	2	2	316	194	1	200	0.9	0.0733289	0	0	0	
21	2	2	70	195	1	600	0.1	0.13807	0	0	0	
21	2	2	11	196	1	200	0.1	0.12018	0	0	0	
21	2	2	222	197	1	300	0.01	0.0214092	0	0	0	
21	2	2	10	198	2	0	0.01	0	75	50	50.5	
21	2	3	57	199	1	300	0.01	0.0196489	0	0	0	
21	2	3	156	200	2	0	0.99	0	200	0	196	
21	2	3	111	201	2	0	0.75	0	200	0	148	
21	2	3	220	202	1	600	0.99	0.980908	0	0	0	
21	2	3	128	203	1	400	0.25	0.364029	0	0	0	
21	2	3	265	204	1	600	0.9	0.878825	0	0	0	
21	2	3	317	205	1	300	0.9	0.881709	0	0	0	
21	2	3	42	206	2	0	0.1	0	150	50	60	
21	2	3	169	207	1	500	0.01	0.0288661	0	0	0	
21	2	3	295	208	1	600	0.25	0.366855	0	0	0	
21	2	3	3	209	1	400	0.01	0.0132181	0	0	0	
21	2	3	160	210	2	0	0.99	0	75	50	74.5	
21	2	3	154	211	2	0	0.99	0	100	0	98	
21	2	3	41	212	2	0	0.1	0	100	50	55	
21	2	3	16	213	2	0	0.05	0	25	0	1.5	
21	2	3	50	214	2	0	0.25	0	150	0	39	
21	2	3	36	215	2	0	0.1	0	200	0	20	
21	2	3	142	216	1	300	0.6	0.587961	0	0	0	
21	2	3	108	217	1	400	0.99	0.982558	0	0	0	
21	2	3	231	218	1	200	0.1	0.0679728	0	0	0	
21	2	3	278	219	1	400	0.01	0.0396799	0	0	0	
21	2	3	256	220	1	200	0.75	0.174939	0	0	0	
21	2	3	206	221	1	200	0.9	0.226713	0	0	0	
21	2	3	27	222	2	0	0.05	0	150	50	56	
21	2	3	148	223	1	400	0.75	0.802509	0	0	0	
21	2	3	131	224	2	0	0.9	0	100	50	95	
21	2	3	103	225	2	0	0.6	0	150	100	129	
21	2	3	251	226	1	200	0.6	0.566705	0	0	0	
21	2	3	105	227	1	600	0.95	0.866379	0	0	0	
21	2	3	17	228	2	0	0.05	0	50	0	3	
21	2	3	104	229	2	0	0.6	0	200	100	158	
21	2	3	171	230	1	200	0.05	0.0311925	0	0	0	
21	2	3	291	231	1	200	0.25	0.261008	0	0	0	
21	2	3	140	232	2	0	0.95	0	150	0	141	
21	2	3	89	233	1	500	0.6	0.634432	0	0	0	
21	2	3	286	234	1	200	0.1	0.222011	0	0	0	
21	2	3	21	235	2	0	0.05	0	200	0	12	
21	2	3	142	236	2	0	0.95	0	400	0	376	
21	2	3	233	237	1	400	0.1	0.173303	0	0	0	
21	2	3	37	238	2	0	0.1	0	400	0	40	
21	2	3	19	239	1	500	0.25	0.408522	0	0	0	
21	2	3	10	240	1	600	0.05	0.154634	0	0	0	
21	2	3	275	241	1	600	0.99	0.972686	0	0	0	
21	2	3	139	242	2	0	0.95	0	100	0	94	
21	2	3	153	243	1	400	0.9	0.921722	0	0	0	
21	2	3	306	244	1	200	0.6	0.432645	0	0	0	
21	2	3	310	245	1	600	0.6	0.574374	0	0	0	
21	2	3	193	246	1	400	0.5	0.5	0	0	0	
21	2	3	243	247	1	400	0.4	0.5	0	0	0	
21	2	3	106	248	2	0	0.75	0	25	0	18.5	
21	2	3	54	249	1	500	0.99	0.975543	0	0	0	
21	2	3	41	250	1	200	0.9	0.907016	0	0	0	
21	2	3	229	251	1	500	0.05	0.126832	0	0	0	
21	2	3	83	252	2	0	0.5	0	800	0	400	
21	2	3	252	253	1	300	0.6	0.616467	0	0	0	
21	2	3	273	254	1	400	0.99	0.949887	0	0	0	
21	2	3	60	255	1	600	0.01	0.0320373	0	0	0	
21	2	3	290	256	1	600	0.1	0.276656	0	0	0	
21	2	3	58	257	2	0	0.25	0	150	100	113	
21	2	3	52	258	1	300	0.99	0.984199	0	0	0	
21	2	3	190	259	1	600	0.4	0.425913	0	0	0	
21	2	3	71	260	1	200	0.25	0.285183	0	0	0	
21	2	3	36	261	1	200	0.75	0.681292	0	0	0	
21	2	3	107	262	1	300	0.99	0.984531	0	0	0	
21	2	3	28	263	1	400	0.5	0.54464	0	0	0	
21	2	3	165	264	1	600	0.99	0.9317	0	0	0	
21	2	3	325	265	1	600	0.95	0.906238	0	0	0	
21	2	3	172	266	1	300	0.05	0.11646	0	0	0	
21	2	3	74	267	2	0	0.4	0	200	100	138	
21	2	3	176	268	1	200	0.1	0.89817	0	0	0	
21	2	3	170	269	1	600	0.01	0.969794	0	0	0	
21	2	3	285	270	1	600	0.05	0.869497	0	0	0	
21	2	3	26	271	1	200	0.5	0.711876	0	0	0	
21	2	3	127	272	2	0	0.9	0	400	0	360	
21	2	3	72	273	1	300	0.25	0.411866	0	0	0	
21	2	3	260	274	1	600	0.75	0.767232	0	0	0	
21	2	3	95	275	1	600	0.75	0.751668	0	0	0	
21	2	3	70	276	2	0	0.4	0	75	50	59.5	
21	2	3	130	277	1	600	0.25	0.328739	0	0	0	
21	2	3	119	278	2	0	0.75	0	200	100	174	
21	2	3	97	279	1	300	0.9	0.870492	0	0	0	
21	2	3	102	280	2	0	0.6	0	150	50	108	
21	2	3	132	281	1	300	0.4	0.446572	0	0	0	
21	2	3	209	282	1	500	0.9	0.149039	0	0	0	
21	2	3	92	283	2	0	0.6	0	50	0	29	
21	2	3	49	284	2	0	0.25	0	100	0	18	
21	2	3	30	285	1	600	0.5	0.5	0	0	0	
21	2	3	311	286	1	200	0.75	0.766175	0	0	0	
21	2	3	164	287	1	500	0.99	0.977171	0	0	0	
21	2	3	219	288	1	500	0.99	0.985964	0	0	0	
21	2	3	164	289	2	0	0.99	0	200	100	198	
21	2	3	218	290	1	400	0.99	0.0394101	0	0	0	
21	2	3	165	291	2	0	0.99	0	200	150	199	
21	2	3	68	292	1	400	0.1	0.139972	0	0	0	
21	2	3	20	293	1	600	0.25	0.322892	0	0	0	
21	2	3	98	294	2	0	0.6	0	800	0	464	
21	2	3	121	295	2	0	0.9	0	25	0	22.5	
21	2	3	92	296	1	300	0.75	0.748767	0	0	0	
21	2	3	230	297	1	600	0.05	0.138897	0	0	0	
21	2	4	32	298	2	0	0.1	0	50	0	5	
21	2	4	154	299	1	500	0.9	0.883747	0	0	0	
21	2	4	139	300	1	500	0.5	0.267624	0	0	0	
21	2	4	318	301	1	400	0.9	0.865693	0	0	0	
21	2	4	272	302	1	300	0.99	0.986517	0	0	0	
21	2	4	155	303	1	600	0.9	0.831815	0	0	0	
21	2	4	20	304	2	0	0.05	0	150	0	9	
21	2	4	137	305	1	300	0.5	0.455267	0	0	0	
21	2	4	205	306	1	600	0.75	0.667913	0	0	0	
21	2	4	208	307	1	400	0.9	0.77729	0	0	0	
21	2	4	59	308	2	0	0.25	0	200	100	126	
21	2	4	214	309	1	500	0.95	0.867317	0	0	0	
21	2	4	138	310	2	0	0.95	0	75	0	70.5	
21	2	4	194	311	1	500	0.5	0.357894	0	0	0	
21	2	4	327	312	1	300	0.99	0.996437	0	0	0	
21	2	4	86	313	2	0	0.5	0	100	50	75	
21	2	4	99	314	1	500	0.9	0.937755	0	0	0	
21	2	4	51	315	2	0	0.25	0	200	0	52	
21	2	4	178	316	1	400	0.1	0.876074	0	0	0	
21	2	4	35	317	2	0	0.1	0	150	0	15	
21	2	4	13	318	2	0	0.01	0	150	100	101	
21	2	4	17	319	1	300	0.25	0.131892	0	0	0	
21	2	4	280	320	1	600	0.01	0.559801	0	0	0	
21	2	4	309	321	1	500	0.6	0.547019	0	0	0	
21	2	4	45	322	1	600	0.9	0.853035	0	0	0	
21	2	4	23	323	1	400	0.4	0.355838	0	0	0	
21	2	4	135	324	1	600	0.4	0.247098	0	0	0	
21	2	4	124	325	2	0	0.9	0	100	0	90	
21	2	4	157	326	1	300	0.95	0.951696	0	0	0	
21	2	4	15	327	2	0	0.01	0	200	150	151	
21	2	4	326	328	1	200	0.99	0.992501	0	0	0	
21	2	4	107	329	2	0	0.75	0	50	0	37	
21	2	4	129	330	1	500	0.25	0.24838	0	0	0	
21	2	4	249	331	1	500	0.5	0.433326	0	0	0	
21	2	4	53	332	1	400	0.99	0.956835	0	0	0	
21	2	4	197	333	1	300	0.6	0.66621	0	0	0	
21	2	4	159	334	2	0	0.99	0	50	25	49.5	
21	2	4	281	335	1	200	0.05	0.0366547	0	0	0	
21	2	4	187	336	1	300	0.4	0.468876	0	0	0	
21	2	4	44	337	2	0	0.1	0	200	100	110	
21	2	4	5	338	2	0	0.01	0	150	0	3	
21	2	4	99	339	2	0	0.6	0	50	25	39.5	
21	2	4	49	340	1	500	0.95	0.954946	0	0	0	
21	2	4	155	341	2	0	0.99	0	150	0	147	
21	2	4	69	342	2	0	0.4	0	50	25	34.5	
21	2	4	110	343	1	600	0.99	0.970886	0	0	0	
21	2	4	324	344	1	500	0.95	0.892359	0	0	0	
21	2	4	150	345	1	600	0.75	0.665158	0	0	0	
21	2	4	67	346	2	0	0.4	0	400	0	152	
21	2	4	113	347	2	0	0.75	0	800	0	592	
21	2	4	191	348	1	200	0.5	0.550496	0	0	0	
21	2	4	246	349	1	200	0.5	0.523614	0	0	0	
21	2	4	227	350	1	300	0.05	0.15118	0	0	0	
21	2	4	303	351	1	400	0.5	0.445727	0	0	0	
21	2	4	91	352	1	200	0.75	0.62085	0	0	0	
21	2	4	21	353	1	200	0.4	0.529978	0	0	0	
21	2	4	100	354	1	600	0.9	0.841209	0	0	0	
21	2	4	31	355	1	200	0.6	0.517342	0	0	0	
21	2	4	4	356	1	500	0.01	0.0217321	0	0	0	
21	2	4	115	357	2	0	0.75	0	75	50	68.5	
21	2	4	112	358	2	0	0.75	0	400	0	296	
21	2	4	100	359	2	0	0.6	0	75	50	64.5	
21	2	4	134	360	1	500	0.4	0.424883	0	0	0	
21	2	4	77	361	1	300	0.4	0.33785	0	0	0	
21	2	4	315	362	1	600	0.75	0.844296	0	0	0	
21	2	4	250	363	1	600	0.5	0.519491	0	0	0	
21	2	4	136	364	1	200	0.5	0.423476	0	0	0	
21	2	4	284	365	1	500	0.05	0.133369	0	0	0	
21	2	4	173	366	1	400	0.05	0.0738508	0	0	0	
21	2	4	96	367	1	200	0.9	0.893345	0	0	0	
21	2	4	80	368	1	600	0.4	0.256611	0	0	0	
21	2	4	136	369	2	0	0.95	0	25	0	23.5	
21	2	4	7	370	1	300	0.05	0.0758189	0	0	0	
21	2	4	2	371	1	300	0.01	0.0251376	0	0	0	
21	2	4	122	372	2	0	0.9	0	50	0	45	
21	2	4	130	373	2	0	0.9	0	75	50	72.5	
21	2	4	9	374	2	0	0.01	0	50	25	25.5	
21	2	4	72	375	2	0	0.4	0	150	50	68	
21	2	4	76	376	1	200	0.4	0.455055	0	0	0	
21	2	4	78	377	1	400	0.4	0.446002	0	0	0	
21	2	4	240	378	1	600	0.25	0.321238	0	0	0	
21	2	4	259	379	1	500	0.75	0.282573	0	0	0	
21	2	4	140	380	1	600	0.5	0.440712	0	0	0	
21	2	4	262	381	1	300	0.9	0.873641	0	0	0	
21	2	4	113	382	1	400	0.01	0.0340143	0	0	0	
21	2	4	145	383	2	0	0.95	0	75	50	73.5	
21	2	4	7	384	2	0	0.01	0	400	0	8	
21	2	4	93	385	1	400	0.75	0.64307	0	0	0	
21	2	4	125	386	2	0	0.9	0	150	0	135	
21	2	4	104	387	1	500	0.95	0.91181	0	0	0	
21	2	4	185	388	1	600	0.25	0.225806	0	0	0	
21	2	4	79	389	2	0	0.5	0	100	0	50	
21	2	4	181	390	1	200	0.25	0.450053	0	0	0	
21	2	4	22	391	1	300	0.4	0.4359	0	0	0	
21	2	4	118	392	2	0	0.75	0	150	100	137	
21	2	4	144	393	1	500	0.6	0.553295	0	0	0	
21	2	4	31	394	2	0	0.1	0	25	0	2.5	
21	2	4	302	395	1	300	0.5	0.466537	0	0	0	
21	2	4	58	396	1	400	0.01	0.0210288	0	0	0	
21	2	5	174	397	1	500	0.05	0.0555048	0	0	0	
21	2	5	25	398	1	600	0.4	0.45483	0	0	0	
21	2	5	276	399	1	200	0.01	0.0230103	0	0	0	
21	2	5	134	400	2	0	0.9	0	200	100	190	
21	2	5	89	401	2	0	0.5	0	200	100	150	
21	2	5	264	402	1	500	0.9	0.871903	0	0	0	
21	2	5	114	403	1	500	0.01	0.0420196	0	0	0	
21	2	5	116	404	2	0	0.75	0	100	50	87	
21	2	5	289	405	1	500	0.1	0.196806	0	0	0	
21	2	5	160	406	1	600	0.95	0.886388	0	0	0	
21	2	5	298	407	1	400	0.4	0.358708	0	0	0	
21	2	5	69	408	1	500	0.1	0.17505	0	0	0	
21	2	5	85	409	2	0	0.5	0	75	50	67.5	
21	2	5	82	410	2	0	0.5	0	400	0	200	
21	2	5	198	411	1	400	0.6	0.577948	0	0	0	
21	2	5	25	412	2	0	0.05	0	75	50	51.5	
21	2	5	123	413	2	0	0.9	0	75	0	67.5	
21	2	5	267	414	1	300	0.95	0.949006	0	0	0	
21	2	5	207	415	1	300	0.9	0.953987	0	0	0	
21	2	5	12	416	1	300	0.1	0.0681276	0	0	0	
21	2	5	150	417	2	0	0.95	0	200	150	197	
21	2	5	126	418	2	0	0.9	0	200	0	180	
21	2	5	120	419	1	600	0.05	0.111591	0	0	0	
21	2	5	54	420	2	0	0.25	0	50	25	31.5	
21	2	5	141	421	1	200	0.6	0.564458	0	0	0	
21	2	5	110	422	2	0	0.75	0	150	0	111	
21	2	5	254	423	1	500	0.6	0.558757	0	0	0	
21	2	5	210	424	1	600	0.9	0.84725	0	0	0	
21	2	5	239	425	1	500	0.25	0.174094	0	0	0	
21	2	5	90	426	2	0	0.5	0	200	150	175	
21	2	5	215	427	1	600	0.95	0.954376	0	0	0	
21	2	5	97	428	2	0	0.6	0	400	0	232	
21	2	5	103	429	1	400	0.95	0.956516	0	0	0	
21	2	5	127	430	1	300	0.25	0.167748	0	0	0	
21	2	5	33	431	1	400	0.6	0.431707	0	0	0	
21	2	5	65	432	1	600	0.05	0.0832803	0	0	0	
21	2	5	297	433	1	300	0.4	0.430986	0	0	0	
21	2	5	228	434	1	400	0.05	0.1465	0	0	0	
21	2	5	5	435	1	600	0.01	0.0561329	0	0	0	
21	2	5	88	436	2	0	0.5	0	150	100	125	
21	2	5	245	437	1	600	0.4	0.541946	0	0	0	
21	2	5	124	438	1	500	0.1	0.349026	0	0	0	
21	2	5	117	439	1	300	0.05	0.133019	0	0	0	
21	2	5	29	440	1	500	0.5	0.54885	0	0	0	
21	2	5	224	441	1	500	0.01	0.0165352	0	0	0	
21	2	5	105	442	2	0	0.6	0	200	150	179	
21	2	5	151	443	2	0	0.99	0	25	0	24.5	
21	2	5	299	444	1	500	0.4	0.519668	0	0	0	
21	2	5	116	445	1	200	0.05	0.0717322	0	0	0	
21	2	5	179	446	1	500	0.1	0.255855	0	0	0	
21	2	5	129	447	2	0	0.9	0	50	25	47.5	
21	2	5	73	448	2	0	0.4	0	150	100	119	
21	2	5	24	449	2	0	0.05	0	50	25	26.5	
21	2	5	14	450	1	500	0.1	0.0896845	0	0	0	
21	2	5	238	451	1	400	0.25	0.324356	0	0	0	
21	2	5	68	452	2	0	0.4	0	800	0	304	
21	2	5	293	453	1	400	0.25	0.381738	0	0	0	
21	2	5	161	454	1	200	0.99	0.988312	0	0	0	
21	2	5	329	455	1	500	0.99	0.977941	0	0	0	
21	2	5	151	456	1	200	0.9	0.879245	0	0	0	
21	2	5	48	457	1	400	0.95	0.889351	0	0	0	
21	2	5	308	458	1	400	0.6	0.526524	0	0	0	
21	2	5	304	459	1	500	0.5	0.500358	0	0	0	
21	2	5	144	460	2	0	0.95	0	50	25	48.5	
21	2	5	95	461	2	0	0.6	0	150	0	87	
21	2	5	213	462	1	400	0.95	0.889935	0	0	0	
21	2	5	9	463	1	500	0.05	0.18478	0	0	0	
21	2	5	192	464	1	300	0.5	0.571734	0	0	0	
21	2	5	56	465	2	0	0.25	0	100	50	63	
21	2	5	137	466	2	0	0.95	0	50	0	47	
21	2	5	101	467	1	200	0.95	0.918338	0	0	0	
21	2	5	43	468	2	0	0.1	0	150	100	105	
21	2	5	57	469	2	0	0.25	0	150	50	76	
21	2	5	268	470	1	400	0.95	0.928502	0	0	0	
21	2	5	53	471	2	0	0.25	0	800	0	208	
21	2	5	6	472	1	200	0.05	0.0702329	0	0	0	
21	2	5	269	473	1	500	0.95	0.879555	0	0	0	
21	2	5	118	474	1	400	0.05	0.888303	0	0	0	
21	2	5	163	475	2	0	0.99	0	150	100	149	
21	2	5	319	476	1	500	0.9	0.172883	0	0	0	
21	2	5	161	477	2	0	0.99	0	100	50	99	
21	2	5	203	478	1	400	0.75	0.62981	0	0	0	
21	2	5	38	479	1	400	0.75	0.655012	0	0	0	
21	2	5	34	480	1	500	0.6	0.504334	0	0	0	
21	2	5	204	481	1	500	0.75	0.580182	0	0	0	
21	2	5	258	482	1	400	0.75	0.642822	0	0	0	
21	2	5	235	483	1	600	0.1	0.329433	0	0	0	
21	2	5	149	484	2	0	0.95	0	200	100	194	
21	2	5	236	485	1	200	0.25	0.32467	0	0	0	
21	2	5	148	486	2	0	0.95	0	150	100	147	
21	2	5	59	487	1	500	0.01	0.0116214	0	0	0	
21	2	5	126	488	1	200	0.25	0.248261	0	0	0	
21	2	5	40	489	2	0	0.1	0	75	50	52.5	
21	2	5	143	490	1	400	0.6	0.361623	0	0	0	
21	2	5	88	491	1	400	0.6	0.328067	0	0	0	
21	2	5	43	492	1	400	0.9	0.673066	0	0	0	
21	2	5	167	493	1	300	0.01	0.0097727	0	0	0	
21	2	5	158	494	2	0	0.99	0	800	0	784	
21	2	5	277	495	1	300	0.01	0.0130544	0	0	0	
