Subject#	Session#	Block#	Stim#	Trial#	Task	Numerosity	P_true	P_reported	x1	x2	CE	
18	1	1	114	1	2	0	0.75	0	50	25	35.5	
18	1	1	29	2	1	500	0.5	0.608399	0	0	0	
18	1	1	234	3	1	500	0.1	0.112206	0	0	0	
18	1	1	129	4	1	500	0.25	0.370849	0	0	0	
18	1	1	141	5	1	200	0.6	0.615171	0	0	0	
18	1	1	301	6	1	200	0.5	0.584786	0	0	0	
18	1	1	29	7	2	0	0.05	0	200	100	134	
18	1	1	243	8	1	400	0.4	0.520646	0	0	0	
18	1	1	3	9	2	0	0.01	0	75	0	7.5	
18	1	1	65	10	2	0	0.4	0	150	0	39	
18	1	1	19	11	2	0	0.05	0	100	0	30	
18	1	1	263	12	1	400	0.9	0.873195	0	0	0	
18	1	1	151	13	2	0	0.99	0	25	0	2.5	
18	1	1	37	14	2	0	0.1	0	400	0	24	
18	1	1	211	15	1	200	0.95	0.964703	0	0	0	
18	1	1	285	16	1	600	0.05	0.0311085	0	0	0	
18	1	1	161	17	1	200	0.99	0.98465	0	0	0	
18	1	1	65	18	1	600	0.05	0.054492	0	0	0	
18	1	1	124	19	1	500	0.1	0.110078	0	0	0	
18	1	1	75	20	2	0	0.4	0	200	150	173	
18	1	1	31	21	1	200	0.6	0.611035	0	0	0	
18	1	1	322	22	1	300	0.95	0.809196	0	0	0	
18	1	1	7	23	1	300	0.05	0.0365176	0	0	0	
18	1	1	84	24	2	0	0.5	0	50	25	38.5	
18	1	1	228	25	1	400	0.05	0.0649211	0	0	0	
18	1	1	48	26	1	400	0.95	0.924287	0	0	0	
18	1	1	212	27	1	300	0.95	0.910046	0	0	0	
18	1	1	86	28	1	200	0.6	0.495245	0	0	0	
18	1	1	150	29	1	600	0.75	0.870784	0	0	0	
18	1	1	309	30	1	500	0.6	0.392255	0	0	0	
18	1	1	221	31	1	200	0.01	0.0321478	0	0	0	
18	1	1	219	32	1	500	0.99	0.979347	0	0	0	
18	1	1	108	33	1	400	0.99	0.98787	0	0	0	
18	1	1	23	34	2	0	0.05	0	800	0	48	
18	1	1	220	35	1	600	0.99	0.976556	0	0	0	
18	1	1	251	36	1	200	0.6	0.506763	0	0	0	
18	1	1	293	37	1	400	0.25	0.384334	0	0	0	
18	1	1	63	38	2	0	0.4	0	75	0	19.5	
18	1	1	86	39	2	0	0.5	0	100	50	75	
18	1	1	7	40	2	0	0.01	0	400	0	8	
18	1	1	21	41	1	200	0.4	0.536878	0	0	0	
18	1	1	318	42	1	400	0.9	0.874035	0	0	0	
18	1	1	182	43	1	300	0.25	0.381371	0	0	0	
18	1	1	26	44	1	200	0.5	0.651049	0	0	0	
18	1	1	64	45	2	0	0.4	0	100	0	30	
18	1	1	153	46	2	0	0.99	0	75	0	4.5	
18	1	1	239	47	1	500	0.25	0.218884	0	0	0	
18	1	1	249	48	1	500	0.5	0.491796	0	0	0	
18	1	1	224	49	1	500	0.01	0.0270925	0	0	0	
18	1	1	25	50	2	0	0.05	0	75	50	64.5	
18	1	1	290	51	1	600	0.1	0.228287	0	0	0	
18	1	1	204	52	1	500	0.75	0.81189	0	0	0	
18	1	1	11	53	1	200	0.1	0.0689503	0	0	0	
18	1	1	245	54	1	600	0.4	0.514073	0	0	0	
18	1	1	163	55	1	400	0.99	0.962244	0	0	0	
18	1	1	81	56	1	200	0.5	0.577324	0	0	0	
18	1	1	137	57	1	300	0.5	0.615905	0	0	0	
18	1	1	56	58	1	200	0.01	0.00716323	0	0	0	
18	1	1	100	59	2	0	0.6	0	75	50	62.5	
18	1	1	246	60	1	200	0.5	0.535135	0	0	0	
18	1	1	1	61	2	0	0.01	0	25	0	2.5	
18	1	1	39	62	2	0	0.1	0	50	25	32.5	
18	1	1	21	63	2	0	0.05	0	200	0	12	
18	1	1	200	64	1	600	0.6	0.646794	0	0	0	
18	1	1	160	65	2	0	0.99	0	75	50	74.5	
18	1	1	179	66	1	500	0.1	0.410243	0	0	0	
18	1	1	148	67	2	0	0.95	0	150	100	139	
18	1	1	42	68	1	300	0.9	0.901625	0	0	0	
18	1	1	131	69	2	0	0.9	0	100	50	87	
18	1	1	117	70	1	300	0.05	0.0780878	0	0	0	
18	1	1	152	71	1	300	0.9	0.909466	0	0	0	
18	1	1	50	72	1	600	0.95	0.873862	0	0	0	
18	1	1	54	73	2	0	0.25	0	50	25	34.5	
18	1	1	165	74	1	600	0.99	0.959657	0	0	0	
18	1	1	154	75	2	0	0.99	0	100	0	90	
18	1	1	156	76	1	200	0.95	0.871567	0	0	0	
18	1	1	139	77	2	0	0.95	0	100	0	70	
18	1	1	145	78	2	0	0.95	0	75	50	69.5	
18	1	1	18	79	1	400	0.25	0.389035	0	0	0	
18	1	1	176	80	1	200	0.1	0.0348988	0	0	0	
18	1	1	119	81	1	500	0.05	0.0571546	0	0	0	
18	1	1	136	82	1	200	0.5	0.526028	0	0	0	
18	1	1	22	83	2	0	0.05	0	400	0	8	
18	1	1	284	84	1	500	0.05	0.057619	0	0	0	
18	1	1	22	85	1	300	0.4	0.495829	0	0	0	
18	1	1	68	86	1	400	0.1	0.0892865	0	0	0	
18	1	1	161	87	2	0	0.99	0	100	50	95	
18	1	1	34	88	2	0	0.1	0	100	0	6	
18	1	1	36	89	2	0	0.1	0	200	0	12	
18	1	1	5	90	1	600	0.01	0.0203875	0	0	0	
18	1	1	272	91	1	300	0.99	0.967317	0	0	0	
18	1	1	121	92	2	0	0.9	0	25	0	14.5	
18	1	1	233	93	1	400	0.1	0.0873493	0	0	0	
18	1	1	52	94	2	0	0.25	0	400	0	24	
18	1	1	116	95	1	200	0.05	0.103599	0	0	0	
18	1	1	317	96	1	300	0.9	0.898405	0	0	0	
18	1	1	173	97	1	400	0.05	0.0547706	0	0	0	
18	1	1	297	98	1	300	0.4	0.442954	0	0	0	
18	1	1	267	99	1	300	0.95	0.861832	0	0	0	
18	1	2	148	100	1	400	0.75	0.605246	0	0	0	
18	1	2	276	101	1	200	0.01	0.0268404	0	0	0	
18	1	2	144	102	2	0	0.95	0	50	25	36.5	
18	1	2	146	103	1	200	0.75	0.810023	0	0	0	
18	1	2	83	104	2	0	0.5	0	800	0	48	
18	1	2	138	105	1	400	0.5	0.596033	0	0	0	
18	1	2	40	106	1	600	0.75	0.825034	0	0	0	
18	1	2	226	107	1	200	0.05	0.0997509	0	0	0	
18	1	2	157	108	1	300	0.95	0.91124	0	0	0	
18	1	2	184	109	1	500	0.25	0.196784	0	0	0	
18	1	2	190	110	1	600	0.4	0.627218	0	0	0	
18	1	2	32	111	2	0	0.1	0	50	0	11	
18	1	2	298	112	1	400	0.4	0.536586	0	0	0	
18	1	2	35	113	2	0	0.1	0	150	0	9	
18	1	2	325	114	1	600	0.95	0.900094	0	0	0	
18	1	2	111	115	1	200	0.01	0.0698525	0	0	0	
18	1	2	142	116	2	0	0.95	0	400	0	296	
18	1	2	206	117	1	200	0.9	0.767051	0	0	0	
18	1	2	15	118	1	600	0.1	0.155908	0	0	0	
18	1	2	135	119	2	0	0.9	0	200	150	173	
18	1	2	27	120	2	0	0.05	0	150	50	52	
18	1	2	93	121	1	400	0.75	0.531813	0	0	0	
18	1	2	1	122	1	200	0.01	0.0502815	0	0	0	
18	1	2	47	123	2	0	0.25	0	50	0	5	
18	1	2	160	124	1	600	0.95	0.930245	0	0	0	
18	1	2	287	125	1	300	0.1	0.209875	0	0	0	
18	1	2	144	126	1	500	0.6	0.693066	0	0	0	
18	1	2	11	127	2	0	0.01	0	100	50	51	
18	1	2	174	128	1	500	0.05	0.0456817	0	0	0	
18	1	2	90	129	2	0	0.5	0	200	150	177	
18	1	2	69	130	1	500	0.1	0.139203	0	0	0	
18	1	2	46	131	2	0	0.25	0	25	0	5.5	
18	1	2	314	132	1	500	0.75	0.766352	0	0	0	
18	1	2	39	133	1	500	0.75	0.812863	0	0	0	
18	1	2	248	134	1	400	0.5	0.628811	0	0	0	
18	1	2	47	135	1	300	0.95	0.919749	0	0	0	
18	1	2	323	136	1	400	0.95	0.951023	0	0	0	
18	1	2	279	137	1	500	0.01	0.0294278	0	0	0	
18	1	2	111	138	2	0	0.75	0	200	0	100	
18	1	2	296	139	1	200	0.4	0.471278	0	0	0	
18	1	2	25	140	1	600	0.4	0.464719	0	0	0	
18	1	2	262	141	1	300	0.9	0.721765	0	0	0	
18	1	2	134	142	2	0	0.9	0	200	100	158	
18	1	2	155	143	2	0	0.99	0	150	0	147	
18	1	2	38	144	1	400	0.75	0.707705	0	0	0	
18	1	2	227	145	1	300	0.05	0.085474	0	0	0	
18	1	2	43	146	2	0	0.1	0	150	100	105	
18	1	2	99	147	1	500	0.9	0.852336	0	0	0	
18	1	2	120	148	1	600	0.05	0.0943197	0	0	0	
18	1	2	278	149	1	400	0.01	0.0350359	0	0	0	
18	1	2	53	150	2	0	0.25	0	800	0	48	
18	1	2	6	151	2	0	0.01	0	200	0	4	
18	1	2	326	152	1	200	0.99	0.960426	0	0	0	
18	1	2	51	153	2	0	0.25	0	200	0	12	
18	1	2	88	154	2	0	0.5	0	150	100	123	
18	1	2	113	155	1	400	0.01	0.0551201	0	0	0	
18	1	2	100	156	1	600	0.9	0.866675	0	0	0	
18	1	2	153	157	1	400	0.9	0.849055	0	0	0	
18	1	2	10	158	1	600	0.05	0.105969	0	0	0	
18	1	2	170	159	1	600	0.01	0.0662744	0	0	0	
18	1	2	122	160	2	0	0.9	0	50	0	39	
18	1	2	123	161	1	400	0.1	0.130003	0	0	0	
18	1	2	273	162	1	400	0.99	0.943885	0	0	0	
18	1	2	216	163	1	200	0.99	0.915955	0	0	0	
18	1	2	103	164	1	400	0.95	0.880156	0	0	0	
18	1	2	9	165	2	0	0.01	0	50	25	25.5	
18	1	2	167	166	1	300	0.01	0.0772077	0	0	0	
18	1	2	8	167	1	400	0.05	0.115107	0	0	0	
18	1	2	330	168	1	600	0.99	0.935897	0	0	0	
18	1	2	16	169	2	0	0.05	0	25	0	1.5	
18	1	2	158	170	2	0	0.99	0	800	0	624	
18	1	2	126	171	2	0	0.9	0	200	0	156	
18	1	2	76	172	2	0	0.5	0	25	0	8.5	
18	1	2	109	173	1	500	0.99	0.919082	0	0	0	
18	1	2	188	174	1	400	0.4	0.51927	0	0	0	
18	1	2	223	175	1	400	0.01	0.061657	0	0	0	
18	1	2	81	176	2	0	0.5	0	200	0	60	
18	1	2	6	177	1	200	0.05	0.295926	0	0	0	
18	1	2	44	178	2	0	0.1	0	200	100	110	
18	1	2	133	179	2	0	0.9	0	150	100	103	
18	1	2	116	180	2	0	0.75	0	100	50	65	
18	1	2	122	181	1	300	0.1	0.290866	0	0	0	
18	1	2	320	182	1	600	0.9	0.813141	0	0	0	
18	1	2	46	183	1	200	0.95	0.778307	0	0	0	
18	1	2	95	184	2	0	0.6	0	150	0	45	
18	1	2	120	185	2	0	0.75	0	200	150	179	
18	1	2	254	186	1	500	0.6	0.475736	0	0	0	
18	1	2	165	187	2	0	0.99	0	200	150	189	
18	1	2	316	188	1	200	0.9	0.778895	0	0	0	
18	1	2	61	189	1	200	0.05	0.181476	0	0	0	
18	1	2	44	190	1	500	0.9	0.85503	0	0	0	
18	1	2	191	191	1	200	0.5	0.465356	0	0	0	
18	1	2	127	192	1	300	0.25	0.432857	0	0	0	
18	1	2	91	193	2	0	0.6	0	25	0	14.5	
18	1	2	89	194	1	500	0.6	0.567837	0	0	0	
18	1	2	247	195	1	300	0.5	0.529261	0	0	0	
18	1	2	96	196	1	200	0.9	0.718652	0	0	0	
18	1	2	289	197	1	500	0.1	0.164687	0	0	0	
18	1	2	92	198	1	300	0.75	0.73541	0	0	0	
18	1	3	24	199	2	0	0.05	0	50	25	26.5	
18	1	3	207	200	1	300	0.9	0.804738	0	0	0	
18	1	3	149	201	2	0	0.95	0	200	100	170	
18	1	3	94	202	2	0	0.6	0	100	0	34	
18	1	3	253	203	1	400	0.6	0.630018	0	0	0	
18	1	3	126	204	1	200	0.25	0.379372	0	0	0	
18	1	3	4	205	2	0	0.01	0	100	0	2	
18	1	3	244	206	1	500	0.4	0.453255	0	0	0	
18	1	3	112	207	1	300	0.01	0.0810777	0	0	0	
18	1	3	17	208	2	0	0.05	0	50	0	3	
18	1	3	328	209	1	400	0.99	0.946437	0	0	0	
18	1	3	271	210	1	200	0.99	0.933243	0	0	0	
18	1	3	250	211	1	600	0.5	0.454976	0	0	0	
18	1	3	118	212	1	400	0.05	0.0853325	0	0	0	
18	1	3	180	213	1	600	0.1	0.0873758	0	0	0	
18	1	3	78	214	1	400	0.4	0.181556	0	0	0	
18	1	3	261	215	1	200	0.9	0.708913	0	0	0	
18	1	3	242	216	1	300	0.4	0.564171	0	0	0	
18	1	3	18	217	2	0	0.05	0	75	0	7.5	
18	1	3	130	218	1	600	0.25	0.378469	0	0	0	
18	1	3	292	219	1	300	0.25	0.428102	0	0	0	
18	1	3	72	220	2	0	0.4	0	150	50	80	
18	1	3	50	221	2	0	0.25	0	150	0	15	
18	1	3	125	222	2	0	0.9	0	150	0	9	
18	1	3	41	223	2	0	0.1	0	100	50	59	
18	1	3	3	224	1	400	0.01	0.0848769	0	0	0	
18	1	3	158	225	1	400	0.95	0.931045	0	0	0	
18	1	3	134	226	1	500	0.4	0.465321	0	0	0	
18	1	3	82	227	1	300	0.5	0.574224	0	0	0	
18	1	3	71	228	1	200	0.25	0.40448	0	0	0	
18	1	3	38	229	2	0	0.1	0	800	0	16	
18	1	3	80	230	1	600	0.4	0.477974	0	0	0	
18	1	3	33	231	2	0	0.1	0	75	0	7.5	
18	1	3	280	232	1	600	0.01	0.0437578	0	0	0	
18	1	3	260	233	1	600	0.75	0.606462	0	0	0	
18	1	3	32	234	1	300	0.6	0.567453	0	0	0	
18	1	3	17	235	1	300	0.25	0.415639	0	0	0	
18	1	3	60	236	2	0	0.25	0	200	150	165	
18	1	3	159	237	1	500	0.95	0.878728	0	0	0	
18	1	3	274	238	1	500	0.99	0.959617	0	0	0	
18	1	3	57	239	1	300	0.01	0.05581	0	0	0	
18	1	3	121	240	1	200	0.1	0.155881	0	0	0	
18	1	3	147	241	2	0	0.95	0	150	50	128	
18	1	3	183	242	1	400	0.25	0.412923	0	0	0	
18	1	3	77	243	1	300	0.4	0.511583	0	0	0	
18	1	3	94	244	1	500	0.75	0.576506	0	0	0	
18	1	3	155	245	1	600	0.9	0.73066	0	0	0	
18	1	3	164	246	2	0	0.99	0	200	100	194	
18	1	3	131	247	1	200	0.4	0.557046	0	0	0	
18	1	3	109	248	2	0	0.75	0	100	0	58	
18	1	3	172	249	1	300	0.05	0.0914537	0	0	0	
18	1	3	101	250	2	0	0.6	0	100	50	75	
18	1	3	98	251	1	400	0.9	0.812036	0	0	0	
18	1	3	119	252	2	0	0.75	0	200	100	154	
18	1	3	202	253	1	300	0.75	0.763884	0	0	0	
18	1	3	30	254	2	0	0.05	0	200	150	153	
18	1	3	54	255	1	500	0.99	0.928042	0	0	0	
18	1	3	214	256	1	500	0.95	0.831341	0	0	0	
18	1	3	28	257	2	0	0.05	0	150	100	103	
18	1	3	303	258	1	400	0.5	0.579704	0	0	0	
18	1	3	105	259	2	0	0.6	0	200	150	175	
18	1	3	231	260	1	200	0.1	0.233467	0	0	0	
18	1	3	149	261	1	500	0.75	0.716657	0	0	0	
18	1	3	147	262	1	300	0.75	0.757069	0	0	0	
18	1	3	238	263	1	400	0.25	0.399265	0	0	0	
18	1	3	52	264	1	300	0.99	0.908675	0	0	0	
18	1	3	295	265	1	600	0.25	0.291813	0	0	0	
18	1	3	282	266	1	300	0.05	0.232414	0	0	0	
18	1	3	12	267	2	0	0.01	0	150	50	52	
18	1	3	154	268	1	500	0.9	0.872978	0	0	0	
18	1	3	66	269	2	0	0.4	0	200	0	52	
18	1	3	312	270	1	300	0.75	0.611986	0	0	0	
18	1	3	30	271	1	600	0.5	0.444741	0	0	0	
18	1	3	146	272	2	0	0.95	0	100	50	79	
18	1	3	14	273	1	500	0.1	0.0857659	0	0	0	
18	1	3	265	274	1	600	0.9	0.851885	0	0	0	
18	1	3	329	275	1	500	0.99	0.929033	0	0	0	
18	1	3	106	276	2	0	0.75	0	25	0	7.5	
18	1	3	310	277	1	600	0.6	0.572539	0	0	0	
18	1	3	87	278	2	0	0.5	0	150	50	80	
18	1	3	241	279	1	200	0.4	0.475241	0	0	0	
18	1	3	324	280	1	500	0.95	0.935676	0	0	0	
18	1	3	59	281	1	500	0.01	0.0255711	0	0	0	
18	1	3	159	282	2	0	0.99	0	50	25	49.5	
18	1	3	20	283	1	600	0.25	0.228491	0	0	0	
18	1	3	34	284	1	500	0.6	0.598828	0	0	0	
18	1	3	20	285	2	0	0.05	0	150	0	3	
18	1	3	13	286	2	0	0.01	0	150	100	101	
18	1	3	113	287	2	0	0.75	0	800	0	496	
18	1	3	66	288	1	200	0.1	0.208084	0	0	0	
18	1	3	150	289	2	0	0.95	0	200	150	189	
18	1	3	89	290	2	0	0.5	0	200	100	150	
18	1	3	281	291	1	200	0.05	0.134196	0	0	0	
18	1	3	258	292	1	400	0.75	0.821045	0	0	0	
18	1	3	97	293	2	0	0.6	0	400	0	56	
18	1	3	255	294	1	600	0.6	0.601323	0	0	0	
18	1	3	83	295	1	400	0.5	0.645635	0	0	0	
18	1	3	305	296	1	600	0.5	0.589328	0	0	0	
18	1	3	217	297	1	300	0.99	0.906614	0	0	0	
18	1	4	291	298	1	200	0.25	0.261229	0	0	0	
18	1	4	140	299	1	600	0.5	0.712088	0	0	0	
18	1	4	264	300	1	500	0.9	0.848887	0	0	0	
18	1	4	110	301	2	0	0.75	0	150	0	69	
18	1	4	193	302	1	400	0.5	0.541561	0	0	0	
18	1	4	45	303	1	600	0.9	0.789638	0	0	0	
18	1	4	55	304	2	0	0.25	0	75	50	61.5	
18	1	4	62	305	1	300	0.05	0.107124	0	0	0	
18	1	4	132	306	1	300	0.4	0.547501	0	0	0	
18	1	4	49	307	1	500	0.95	0.72813	0	0	0	
18	1	4	257	308	1	300	0.75	0.704968	0	0	0	
18	1	4	95	309	1	600	0.75	0.713274	0	0	0	
18	1	4	192	310	1	300	0.5	0.461362	0	0	0	
18	1	4	209	311	1	500	0.9	0.817927	0	0	0	
18	1	4	23	312	1	400	0.4	0.457704	0	0	0	
18	1	4	112	313	2	0	0.75	0	400	0	184	
18	1	4	277	314	1	300	0.01	0.0319002	0	0	0	
18	1	4	49	315	2	0	0.25	0	100	0	10	
18	1	4	74	316	1	500	0.25	0.217005	0	0	0	
18	1	4	156	317	2	0	0.99	0	200	0	188	
18	1	4	142	318	1	300	0.6	0.595688	0	0	0	
18	1	4	175	319	1	600	0.05	0.0885169	0	0	0	
18	1	4	294	320	1	500	0.25	0.235267	0	0	0	
18	1	4	103	321	2	0	0.6	0	150	100	127	
18	1	4	96	322	2	0	0.6	0	200	0	68	
18	1	4	163	323	2	0	0.99	0	150	100	149	
18	1	4	210	324	1	600	0.9	0.868714	0	0	0	
18	1	4	71	325	2	0	0.4	0	100	50	75	
18	1	4	62	326	2	0	0.4	0	50	0	19	
18	1	4	270	327	1	600	0.95	0.856883	0	0	0	
18	1	4	135	328	1	600	0.4	0.295718	0	0	0	
18	1	4	104	329	2	0	0.6	0	200	100	150	
18	1	4	218	330	1	400	0.99	0.956388	0	0	0	
18	1	4	151	331	1	200	0.9	0.816627	0	0	0	
18	1	4	70	332	1	600	0.1	0.103581	0	0	0	
18	1	4	10	333	2	0	0.01	0	75	50	50.5	
18	1	4	194	334	1	500	0.5	0.534193	0	0	0	
18	1	4	35	335	1	600	0.6	0.553189	0	0	0	
18	1	4	15	336	2	0	0.01	0	200	150	151	
18	1	4	33	337	1	400	0.6	0.705397	0	0	0	
18	1	4	2	338	2	0	0.01	0	50	0	1	
18	1	4	85	339	2	0	0.5	0	75	50	56.5	
18	1	4	79	340	1	500	0.4	0.548324	0	0	0	
18	1	4	88	341	1	400	0.6	0.593331	0	0	0	
18	1	4	185	342	1	600	0.25	0.272104	0	0	0	
18	1	4	162	343	2	0	0.99	0	150	50	128	
18	1	4	125	344	1	600	0.1	0.0684372	0	0	0	
18	1	4	124	345	2	0	0.9	0	100	0	58	
18	1	4	128	346	1	400	0.25	0.448536	0	0	0	
18	1	4	104	347	1	500	0.95	0.853805	0	0	0	
18	1	4	2	348	1	300	0.01	0.0345362	0	0	0	
18	1	4	5	349	2	0	0.01	0	150	0	3	
18	1	4	93	350	2	0	0.6	0	75	0	19.5	
18	1	4	73	351	2	0	0.4	0	150	100	123	
18	1	4	321	352	1	200	0.95	0.873442	0	0	0	
18	1	4	16	353	1	200	0.25	0.126505	0	0	0	
18	1	4	90	354	1	600	0.6	0.721474	0	0	0	
18	1	4	152	355	2	0	0.99	0	50	0	39	
18	1	4	56	356	2	0	0.25	0	100	50	65	
18	1	4	80	357	2	0	0.5	0	150	0	39	
18	1	4	59	358	2	0	0.25	0	200	100	130	
18	1	4	222	359	1	300	0.01	0.0347175	0	0	0	
18	1	4	27	360	1	300	0.5	0.684397	0	0	0	
18	1	4	128	361	2	0	0.9	0	800	0	592	
18	1	4	99	362	2	0	0.6	0	50	25	44.5	
18	1	4	132	363	2	0	0.9	0	150	50	124	
18	1	4	51	364	1	200	0.99	0.963819	0	0	0	
18	1	4	91	365	1	200	0.75	0.710319	0	0	0	
18	1	4	178	366	1	400	0.1	0.0888928	0	0	0	
18	1	4	76	367	1	200	0.4	0.179879	0	0	0	
18	1	4	19	368	1	500	0.25	0.101626	0	0	0	
18	1	4	53	369	1	400	0.99	0.977839	0	0	0	
18	1	4	313	370	1	400	0.75	0.830965	0	0	0	
18	1	4	31	371	2	0	0.1	0	25	0	5.5	
18	1	4	40	372	2	0	0.1	0	75	50	54.5	
18	1	4	203	373	1	400	0.75	0.856109	0	0	0	
18	1	4	37	374	1	300	0.75	0.784468	0	0	0	
18	1	4	36	375	1	200	0.75	0.745237	0	0	0	
18	1	4	87	376	1	300	0.6	0.668422	0	0	0	
18	1	4	189	377	1	500	0.4	0.464321	0	0	0	
18	1	4	315	378	1	600	0.75	0.690385	0	0	0	
18	1	4	300	379	1	600	0.4	0.427028	0	0	0	
18	1	4	24	380	1	500	0.4	0.473627	0	0	0	
18	1	4	198	381	1	400	0.6	0.635295	0	0	0	
18	1	4	136	382	2	0	0.95	0	25	0	14.5	
18	1	4	168	383	1	400	0.01	0.0174375	0	0	0	
18	1	4	114	384	1	500	0.01	0.00534102	0	0	0	
18	1	4	268	385	1	400	0.95	0.941819	0	0	0	
18	1	4	143	386	1	400	0.6	0.57035	0	0	0	
18	1	4	58	387	2	0	0.25	0	150	100	115	
18	1	4	55	388	1	600	0.99	0.973332	0	0	0	
18	1	4	63	389	1	400	0.05	0.0859959	0	0	0	
18	1	4	14	390	2	0	0.01	0	200	100	102	
18	1	4	78	391	2	0	0.5	0	75	0	13.5	
18	1	4	139	392	1	500	0.5	0.609328	0	0	0	
18	1	4	208	393	1	400	0.9	0.711938	0	0	0	
18	1	4	299	394	1	500	0.4	0.636586	0	0	0	
18	1	4	4	395	1	500	0.01	0.023196	0	0	0	
18	1	4	236	396	1	200	0.25	0.4536	0	0	0	
18	1	5	157	397	2	0	0.99	0	400	0	312	
18	1	5	229	398	1	500	0.05	0.072232	0	0	0	
18	1	5	68	399	2	0	0.4	0	800	0	80	
18	1	5	108	400	2	0	0.75	0	75	0	58.5	
18	1	5	232	401	1	300	0.1	0.101202	0	0	0	
18	1	5	41	402	1	200	0.9	0.814473	0	0	0	
18	1	5	117	403	2	0	0.75	0	150	50	100	
18	1	5	64	404	1	500	0.05	0.093758	0	0	0	
18	1	5	28	405	1	400	0.5	0.724397	0	0	0	
18	1	5	58	406	1	400	0.01	0.0213517	0	0	0	
18	1	5	304	407	1	500	0.5	0.879953	0	0	0	
18	1	5	82	408	2	0	0.5	0	400	0	104	
18	1	5	67	409	1	300	0.1	0.11493	0	0	0	
18	1	5	141	410	2	0	0.95	0	200	0	156	
18	1	5	213	411	1	400	0.95	0.90319	0	0	0	
18	1	5	107	412	1	300	0.99	0.922487	0	0	0	
18	1	5	181	413	1	200	0.25	0.385572	0	0	0	
18	1	5	197	414	1	300	0.6	0.713198	0	0	0	
18	1	5	252	415	1	300	0.6	0.76288	0	0	0	
18	1	5	106	416	1	200	0.99	0.964119	0	0	0	
18	1	5	306	417	1	200	0.6	0.486524	0	0	0	
18	1	5	69	418	2	0	0.4	0	50	25	31.5	
18	1	5	240	419	1	600	0.25	0.319654	0	0	0	
18	1	5	73	420	1	400	0.25	0.339429	0	0	0	
18	1	5	85	421	1	600	0.5	0.548678	0	0	0	
18	1	5	102	422	1	300	0.95	0.811642	0	0	0	
18	1	5	70	423	2	0	0.4	0	75	50	59.5	
18	1	5	225	424	1	600	0.01	0.0359647	0	0	0	
18	1	5	48	425	2	0	0.25	0	75	0	7.5	
18	1	5	74	426	2	0	0.4	0	200	100	134	
18	1	5	201	427	1	200	0.75	0.771558	0	0	0	
18	1	5	288	428	1	400	0.1	0.140631	0	0	0	
18	1	5	115	429	1	600	0.01	0.0457525	0	0	0	
18	1	5	60	430	1	600	0.01	0.0191447	0	0	0	
18	1	5	143	431	2	0	0.95	0	800	0	432	
18	1	5	259	432	1	500	0.75	0.823584	0	0	0	
18	1	5	199	433	1	500	0.6	0.70591	0	0	0	
18	1	5	302	434	1	300	0.5	0.541889	0	0	0	
18	1	5	235	435	1	600	0.1	0.209384	0	0	0	
18	1	5	84	436	1	500	0.5	0.482605	0	0	0	
18	1	5	130	437	2	0	0.9	0	75	50	64.5	
18	1	5	67	438	2	0	0.4	0	400	0	104	
18	1	5	42	439	2	0	0.1	0	150	50	80	
18	1	5	195	440	1	600	0.5	0.538541	0	0	0	
18	1	5	133	441	1	400	0.4	0.444215	0	0	0	
18	1	5	138	442	2	0	0.95	0	75	0	43.5	
18	1	5	102	443	2	0	0.6	0	150	50	100	
18	1	5	256	444	1	200	0.75	0.796074	0	0	0	
18	1	5	92	445	2	0	0.6	0	50	0	25	
18	1	5	8	446	2	0	0.01	0	800	0	16	
18	1	5	57	447	2	0	0.25	0	150	50	72	
18	1	5	187	448	1	300	0.4	0.470283	0	0	0	
18	1	5	237	449	1	300	0.25	0.375188	0	0	0	
18	1	5	13	450	1	400	0.1	0.248159	0	0	0	
18	1	5	308	451	1	400	0.6	0.708714	0	0	0	
18	1	5	311	452	1	200	0.75	0.726294	0	0	0	
18	1	5	327	453	1	300	0.99	0.964946	0	0	0	
18	1	5	307	454	1	300	0.6	0.772491	0	0	0	
18	1	5	43	455	1	400	0.9	0.812695	0	0	0	
18	1	5	98	456	2	0	0.6	0	800	0	144	
18	1	5	215	457	1	600	0.95	0.959347	0	0	0	
18	1	5	177	458	1	300	0.1	0.169185	0	0	0	
18	1	5	97	459	1	300	0.9	0.819404	0	0	0	
18	1	5	26	460	2	0	0.05	0	100	50	61	
18	1	5	115	461	2	0	0.75	0	75	50	60.5	
18	1	5	186	462	1	200	0.4	0.60943	0	0	0	
18	1	5	123	463	2	0	0.9	0	75	0	28.5	
18	1	5	79	464	2	0	0.5	0	100	0	30	
18	1	5	196	465	1	200	0.6	0.698435	0	0	0	
18	1	5	72	466	1	300	0.25	0.266585	0	0	0	
18	1	5	169	467	1	500	0.01	0.0236869	0	0	0	
18	1	5	45	468	2	0	0.1	0	200	150	161	
18	1	5	205	469	1	600	0.75	0.839484	0	0	0	
18	1	5	75	470	1	600	0.25	0.145996	0	0	0	
18	1	5	162	471	1	300	0.99	0.965482	0	0	0	
18	1	5	269	472	1	500	0.95	0.917144	0	0	0	
18	1	5	101	473	1	200	0.95	0.881815	0	0	0	
18	1	5	9	474	1	500	0.05	0.0698039	0	0	0	
18	1	5	286	475	1	200	0.1	0.160848	0	0	0	
18	1	5	171	476	1	200	0.05	0.101277	0	0	0	
18	1	5	118	477	2	0	0.75	0	150	100	127	
18	1	5	283	478	1	400	0.05	0.0854563	0	0	0	
18	1	5	127	479	2	0	0.9	0	400	0	296	
18	1	5	140	480	2	0	0.95	0	150	0	105	
18	1	5	12	481	1	300	0.1	0.0898614	0	0	0	
18	1	5	107	482	2	0	0.75	0	50	0	25	
18	1	5	77	483	2	0	0.5	0	50	0	15	
18	1	5	230	484	1	600	0.05	0.0926434	0	0	0	
18	1	5	275	485	1	600	0.99	0.974871	0	0	0	
18	1	5	105	486	1	600	0.95	0.906507	0	0	0	
18	1	5	61	487	2	0	0.4	0	25	0	9.5	
18	1	5	319	488	1	500	0.9	0.898007	0	0	0	
18	1	5	145	489	1	600	0.6	0.513565	0	0	0	
18	1	5	166	490	1	200	0.01	0.0261107	0	0	0	
18	1	5	110	491	1	600	0.99	0.976596	0	0	0	
18	1	5	137	492	2	0	0.95	0	50	0	39	
18	1	5	266	493	1	200	0.95	0.888719	0	0	0	
18	1	5	129	494	2	0	0.9	0	50	25	39.5	
18	1	5	164	495	1	500	0.99	0.967202	0	0	0	
18	2	1	116	1	1	200	0.05	0.0504849	0	0	0	
18	2	1	66	2	1	200	0.1	0.116704	0	0	0	
18	2	1	96	3	1	200	0.9	0.912275	0	0	0	
18	2	1	50	4	1	600	0.95	0.95572	0	0	0	
18	2	1	192	5	1	300	0.5	0.411893	0	0	0	
18	2	1	152	6	1	300	0.9	0.868471	0	0	0	
18	2	1	10	7	1	600	0.05	0.0483133	0	0	0	
18	2	1	83	8	1	400	0.5	0.575281	0	0	0	
18	2	1	12	9	2	0	0.01	0	150	50	52	
18	2	1	251	10	1	200	0.6	0.721045	0	0	0	
18	2	1	104	11	2	0	0.6	0	200	100	130	
18	2	1	127	12	1	300	0.25	0.160773	0	0	0	
18	2	1	162	13	2	0	0.99	0	150	50	52	
18	2	1	85	14	2	0	0.5	0	75	50	61.5	
18	2	1	182	15	1	300	0.25	0.32754	0	0	0	
18	2	1	56	16	2	0	0.25	0	100	50	61	
18	2	1	202	17	1	300	0.75	0.853283	0	0	0	
18	2	1	32	18	2	0	0.1	0	50	0	5	
18	2	1	306	19	1	200	0.6	0.512074	0	0	0	
18	2	1	267	20	1	300	0.95	0.923726	0	0	0	
18	2	1	106	21	2	0	0.75	0	25	0	12.5	
18	2	1	236	22	1	200	0.25	0.421919	0	0	0	
18	2	1	310	23	1	600	0.6	0.720846	0	0	0	
18	2	1	94	24	2	0	0.6	0	100	0	46	
18	2	1	47	25	1	300	0.95	0.938644	0	0	0	
18	2	1	55	26	1	600	0.99	0.982111	0	0	0	
18	2	1	262	27	1	300	0.9	0.869643	0	0	0	
18	2	1	278	28	1	400	0.01	0.0179461	0	0	0	
18	2	1	280	29	1	600	0.01	0.00668114	0	0	0	
18	2	1	71	30	2	0	0.4	0	100	50	65	
18	2	1	171	31	1	200	0.05	0.100211	0	0	0	
18	2	1	241	32	1	200	0.4	0.428474	0	0	0	
18	2	1	303	33	1	400	0.5	0.606462	0	0	0	
18	2	1	66	34	2	0	0.4	0	200	0	36	
18	2	1	209	35	1	500	0.9	0.902129	0	0	0	
18	2	1	191	36	1	200	0.5	0.815561	0	0	0	
18	2	1	30	37	1	600	0.5	0.723163	0	0	0	
18	2	1	254	38	1	500	0.6	0.715693	0	0	0	
18	2	1	75	39	2	0	0.4	0	200	150	175	
18	2	1	324	40	1	500	0.95	0.0666239	0	0	0	
18	2	1	319	41	1	500	0.9	0.104536	0	0	0	
18	2	1	54	42	1	500	0.99	0.0191182	0	0	0	
18	2	1	136	43	2	0	0.95	0	25	0	5.5	
18	2	1	113	44	2	0	0.75	0	800	0	304	
18	2	1	76	45	2	0	0.5	0	25	0	14.5	
18	2	1	48	46	1	400	0.95	0.967888	0	0	0	
18	2	1	314	47	1	500	0.75	0.608864	0	0	0	
18	2	1	240	48	1	600	0.25	0.325723	0	0	0	
18	2	1	107	49	2	0	0.75	0	50	0	25	
18	2	1	164	50	1	500	0.99	0.964442	0	0	0	
18	2	1	130	51	1	600	0.25	0.273126	0	0	0	
18	2	1	308	52	1	400	0.6	0.567873	0	0	0	
18	2	1	313	53	1	400	0.75	0.601681	0	0	0	
18	2	1	169	54	1	500	0.01	0.013824	0	0	0	
18	2	1	329	55	1	500	0.99	0.97446	0	0	0	
18	2	1	285	56	1	600	0.05	0.0300603	0	0	0	
18	2	1	85	57	1	600	0.5	0.606029	0	0	0	
18	2	1	42	58	1	300	0.9	0.630642	0	0	0	
18	2	1	290	59	1	600	0.1	0.384228	0	0	0	
18	2	1	26	60	2	0	0.05	0	100	50	53	
18	2	1	116	61	2	0	0.75	0	100	50	69	
18	2	1	97	62	1	300	0.9	0.830169	0	0	0	
18	2	1	138	63	2	0	0.95	0	75	0	43.5	
18	2	1	145	64	2	0	0.95	0	75	50	69.5	
18	2	1	111	65	2	0	0.75	0	200	0	148	
18	2	1	126	66	2	0	0.9	0	200	0	156	
18	2	1	59	67	1	500	0.01	0.0115816	0	0	0	
18	2	1	98	68	2	0	0.6	0	800	0	400	
18	2	1	72	69	2	0	0.4	0	150	50	80	
18	2	1	17	70	1	300	0.25	0.391362	0	0	0	
18	2	1	304	71	1	500	0.5	0.586741	0	0	0	
18	2	1	50	72	2	0	0.25	0	150	0	15	
18	2	1	159	73	2	0	0.99	0	50	25	44.5	
18	2	1	266	74	1	200	0.95	0.880271	0	0	0	
18	2	1	152	75	2	0	0.99	0	50	0	39	
18	2	1	81	76	1	200	0.5	0.443534	0	0	0	
18	2	1	5	77	2	0	0.01	0	150	0	3	
18	2	1	39	78	2	0	0.1	0	50	25	27.5	
18	2	1	125	79	2	0	0.9	0	150	0	99	
18	2	1	112	80	1	300	0.01	0.0146997	0	0	0	
18	2	1	124	81	2	0	0.9	0	100	0	78	
18	2	1	75	82	1	600	0.25	0.381433	0	0	0	
18	2	1	225	83	1	600	0.01	0.0239877	0	0	0	
18	2	1	289	84	1	500	0.1	0.0849477	0	0	0	
18	2	1	206	85	1	200	0.9	0.892076	0	0	0	
18	2	1	298	86	1	400	0.4	0.434232	0	0	0	
18	2	1	105	87	1	600	0.95	0.863018	0	0	0	
18	2	1	125	88	1	600	0.1	0.113409	0	0	0	
18	2	1	79	89	2	0	0.5	0	100	0	38	
18	2	1	170	90	1	600	0.01	0.0127272	0	0	0	
18	2	1	165	91	1	600	0.99	0.981262	0	0	0	
18	2	1	1	92	1	200	0.01	0.0229395	0	0	0	
18	2	1	140	93	1	600	0.5	0.672831	0	0	0	
18	2	1	129	94	1	500	0.25	0.437735	0	0	0	
18	2	1	142	95	2	0	0.95	0	400	0	312	
18	2	1	154	96	1	500	0.9	0.912465	0	0	0	
18	2	1	269	97	1	500	0.95	0.925707	0	0	0	
18	2	1	312	98	1	300	0.75	0.715702	0	0	0	
18	2	1	55	99	2	0	0.25	0	75	50	55.5	
18	2	2	230	100	1	600	0.05	0.0675969	0	0	0	
18	2	2	327	101	1	300	0.99	0.980086	0	0	0	
18	2	2	40	102	1	600	0.75	0.605409	0	0	0	
18	2	2	65	103	1	600	0.05	0.0905912	0	0	0	
18	2	2	167	104	1	300	0.01	0.0238771	0	0	0	
18	2	2	166	105	1	200	0.01	0.0248546	0	0	0	
18	2	2	196	106	1	200	0.6	0.578709	0	0	0	
18	2	2	204	107	1	500	0.75	0.619381	0	0	0	
18	2	2	33	108	2	0	0.1	0	75	0	4.5	
18	2	2	205	109	1	600	0.75	0.622712	0	0	0	
18	2	2	21	110	2	0	0.05	0	200	0	4	
18	2	2	234	111	1	500	0.1	0.147217	0	0	0	
18	2	2	11	112	2	0	0.01	0	100	50	51	
18	2	2	292	113	1	300	0.25	0.450035	0	0	0	
18	2	2	305	114	1	600	0.5	0.567758	0	0	0	
18	2	2	211	115	1	200	0.95	0.84403	0	0	0	
18	2	2	307	116	1	300	0.6	0.609266	0	0	0	
18	2	2	143	117	2	0	0.95	0	800	0	592	
18	2	2	216	118	1	200	0.99	0.981452	0	0	0	
18	2	2	57	119	2	0	0.25	0	150	50	76	
18	2	2	201	120	1	200	0.75	0.835543	0	0	0	
18	2	2	145	121	1	600	0.6	0.74897	0	0	0	
18	2	2	97	122	2	0	0.6	0	400	0	184	
18	2	2	93	123	1	400	0.75	0.618691	0	0	0	
18	2	2	172	124	1	300	0.05	0.124218	0	0	0	
18	2	2	117	125	2	0	0.75	0	150	50	100	
18	2	2	200	126	1	600	0.6	0.780169	0	0	0	
18	2	2	227	127	1	300	0.05	0.0752351	0	0	0	
18	2	2	9	128	1	500	0.05	0.0308298	0	0	0	
18	2	2	90	129	2	0	0.5	0	200	150	179	
18	2	2	62	130	1	300	0.05	0.133807	0	0	0	
18	2	2	103	131	1	400	0.95	0.916193	0	0	0	
18	2	2	15	132	2	0	0.01	0	200	150	151	
18	2	2	13	133	1	400	0.1	0.0871281	0	0	0	
18	2	2	108	134	1	400	0.99	0.984075	0	0	0	
18	2	2	82	135	1	300	0.5	0.556285	0	0	0	
18	2	2	23	136	1	400	0.4	0.543844	0	0	0	
18	2	2	86	137	2	0	0.5	0	100	50	69	
18	2	2	8	138	2	0	0.01	0	800	0	16	
18	2	2	105	139	2	0	0.6	0	200	150	169	
18	2	2	45	140	2	0	0.1	0	200	150	165	
18	2	2	52	141	1	300	0.99	0.968493	0	0	0	
18	2	2	96	142	2	0	0.6	0	200	0	76	
18	2	2	27	143	2	0	0.05	0	150	50	56	
18	2	2	35	144	1	600	0.6	0.614848	0	0	0	
18	2	2	149	145	2	0	0.95	0	200	100	170	
18	2	2	60	146	1	600	0.01	0.0101044	0	0	0	
18	2	2	326	147	1	200	0.99	0.987569	0	0	0	
18	2	2	51	148	2	0	0.25	0	200	0	20	
18	2	2	63	149	1	400	0.05	0.105191	0	0	0	
18	2	2	179	150	1	500	0.1	0.0653147	0	0	0	
18	2	2	250	151	1	600	0.5	0.557599	0	0	0	
18	2	2	142	152	1	300	0.6	0.572145	0	0	0	
18	2	2	7	153	1	300	0.05	0.33088	0	0	0	
18	2	2	185	154	1	600	0.25	0.286824	0	0	0	
18	2	2	217	155	1	300	0.99	0.953252	0	0	0	
18	2	2	294	156	1	500	0.25	0.397196	0	0	0	
18	2	2	58	157	1	400	0.01	0.0111659	0	0	0	
18	2	2	103	158	2	0	0.6	0	150	100	125	
18	2	2	162	159	1	300	0.99	0.981329	0	0	0	
18	2	2	14	160	2	0	0.01	0	200	100	102	
18	2	2	212	161	1	300	0.95	0.916193	0	0	0	
18	2	2	270	162	1	600	0.95	0.949652	0	0	0	
18	2	2	296	163	1	200	0.4	0.432636	0	0	0	
18	2	2	110	164	2	0	0.75	0	150	0	75	
18	2	2	131	165	2	0	0.9	0	100	50	89	
18	2	2	84	166	1	500	0.5	0.635383	0	0	0	
18	2	2	90	167	1	600	0.6	0.620398	0	0	0	
18	2	2	64	168	2	0	0.4	0	100	0	30	
18	2	2	123	169	2	0	0.9	0	75	0	49.5	
18	2	2	11	170	1	200	0.1	0.107708	0	0	0	
18	2	2	87	171	1	300	0.6	0.626458	0	0	0	
18	2	2	3	172	1	400	0.01	0.0242221	0	0	0	
18	2	2	207	173	1	300	0.9	0.908533	0	0	0	
18	2	2	89	174	1	500	0.6	0.70587	0	0	0	
18	2	2	249	175	1	500	0.5	0.653702	0	0	0	
18	2	2	140	176	2	0	0.95	0	150	0	87	
18	2	2	157	177	1	300	0.95	0.914212	0	0	0	
18	2	2	156	178	2	0	0.99	0	200	0	116	
18	2	2	92	179	2	0	0.6	0	50	0	19	
18	2	2	114	180	1	500	0.01	0.0290518	0	0	0	
18	2	2	316	181	1	200	0.9	0.837909	0	0	0	
18	2	2	82	182	2	0	0.5	0	400	0	120	
18	2	2	295	183	1	600	0.25	0.424701	0	0	0	
18	2	2	101	184	2	0	0.6	0	100	50	67	
18	2	2	231	185	1	200	0.1	0.205191	0	0	0	
18	2	2	186	186	1	200	0.4	0.575219	0	0	0	
18	2	2	302	187	1	300	0.5	0.64403	0	0	0	
18	2	2	67	188	2	0	0.4	0	400	0	72	
18	2	2	6	189	1	200	0.05	0.105585	0	0	0	
18	2	2	259	190	1	500	0.75	0.908418	0	0	0	
18	2	2	151	191	2	0	0.99	0	25	0	24.5	
18	2	2	122	192	1	300	0.1	0.147314	0	0	0	
18	2	2	88	193	1	400	0.6	0.834857	0	0	0	
18	2	2	62	194	2	0	0.4	0	50	0	15	
18	2	2	163	195	2	0	0.99	0	150	100	149	
18	2	2	139	196	2	0	0.95	0	100	0	90	
18	2	2	16	197	1	200	0.25	0.402229	0	0	0	
18	2	2	242	198	1	300	0.4	0.558992	0	0	0	
18	2	3	150	199	2	0	0.95	0	200	150	179	
18	2	3	104	200	1	500	0.95	0.923792	0	0	0	
18	2	3	12	201	1	300	0.1	0.139096	0	0	0	
18	2	3	330	202	1	600	0.99	0.981461	0	0	0	
18	2	3	287	203	1	300	0.1	0.214528	0	0	0	
18	2	3	252	204	1	300	0.6	0.610761	0	0	0	
18	2	3	59	205	2	0	0.25	0	200	100	130	
18	2	3	190	206	1	600	0.4	0.36666	0	0	0	
18	2	3	158	207	1	400	0.95	0.908582	0	0	0	
18	2	3	53	208	1	400	0.99	0.94323	0	0	0	
18	2	3	197	209	1	300	0.6	0.577745	0	0	0	
18	2	3	58	210	2	0	0.25	0	150	100	115	
18	2	3	137	211	2	0	0.95	0	50	0	39	
18	2	3	131	212	1	200	0.4	0.559014	0	0	0	
18	2	3	210	213	1	600	0.9	0.894623	0	0	0	
18	2	3	35	214	2	0	0.1	0	150	0	9	
18	2	3	286	215	1	200	0.1	0.104222	0	0	0	
18	2	3	135	216	1	600	0.4	0.398067	0	0	0	
18	2	3	138	217	1	400	0.5	0.575091	0	0	0	
18	2	3	91	218	1	200	0.75	0.620487	0	0	0	
18	2	3	44	219	1	500	0.9	0.860337	0	0	0	
18	2	3	68	220	1	400	0.1	0.115877	0	0	0	
18	2	3	72	221	1	300	0.25	0.162874	0	0	0	
18	2	3	279	222	1	500	0.01	0.0226078	0	0	0	
18	2	3	189	223	1	500	0.4	0.836158	0	0	0	
18	2	3	102	224	1	300	0.95	0.923929	0	0	0	
18	2	3	118	225	1	400	0.05	0.0223247	0	0	0	
18	2	3	76	226	1	200	0.4	0.108897	0	0	0	
18	2	3	293	227	1	400	0.25	0.38356	0	0	0	
18	2	3	20	228	2	0	0.05	0	150	0	9	
18	2	3	9	229	2	0	0.01	0	50	25	25.5	
18	2	3	109	230	2	0	0.75	0	100	0	50	
18	2	3	22	231	1	300	0.4	0.619439	0	0	0	
18	2	3	83	232	2	0	0.5	0	800	0	304	
18	2	3	91	233	2	0	0.6	0	25	0	9.5	
18	2	3	124	234	1	500	0.1	0.0919358	0	0	0	
18	2	3	325	235	1	600	0.95	0.925344	0	0	0	
18	2	3	48	236	2	0	0.25	0	75	0	19.5	
18	2	3	195	237	1	600	0.5	0.619479	0	0	0	
18	2	3	70	238	1	600	0.1	0.131365	0	0	0	
18	2	3	163	239	1	400	0.99	0.967189	0	0	0	
18	2	3	95	240	1	600	0.75	0.83185	0	0	0	
18	2	3	34	241	2	0	0.1	0	100	0	6	
18	2	3	89	242	2	0	0.5	0	200	100	150	
18	2	3	26	243	1	200	0.5	0.529062	0	0	0	
18	2	3	18	244	1	400	0.25	0.351087	0	0	0	
18	2	3	61	245	2	0	0.4	0	25	0	9.5	
18	2	3	164	246	2	0	0.99	0	200	100	198	
18	2	3	38	247	2	0	0.1	0	800	0	48	
18	2	3	143	248	1	400	0.6	0.606038	0	0	0	
18	2	3	8	249	1	400	0.05	0.0727539	0	0	0	
18	2	3	157	250	2	0	0.99	0	400	0	392	
18	2	3	4	251	2	0	0.01	0	100	0	2	
18	2	3	135	252	2	0	0.9	0	200	150	189	
18	2	3	64	253	1	500	0.05	0.0563806	0	0	0	
18	2	3	43	254	1	400	0.9	0.866927	0	0	0	
18	2	3	46	255	1	200	0.95	0.898714	0	0	0	
18	2	3	29	256	2	0	0.05	0	200	100	102	
18	2	3	260	257	1	600	0.75	0.799599	0	0	0	
18	2	3	219	258	1	500	0.99	0.977666	0	0	0	
18	2	3	3	259	2	0	0.01	0	75	0	1.5	
18	2	3	141	260	1	200	0.6	0.585432	0	0	0	
18	2	3	36	261	2	0	0.1	0	200	0	12	
18	2	3	243	262	1	400	0.4	0.326616	0	0	0	
18	2	3	31	263	2	0	0.1	0	25	0	2.5	
18	2	3	141	264	2	0	0.95	0	200	0	156	
18	2	3	237	265	1	300	0.25	0.402994	0	0	0	
18	2	3	40	266	2	0	0.1	0	75	50	59.5	
18	2	3	156	267	1	200	0.95	0.916273	0	0	0	
18	2	3	161	268	2	0	0.99	0	100	50	99	
18	2	3	121	269	1	200	0.1	0.0749344	0	0	0	
18	2	3	228	270	1	400	0.05	0.0327759	0	0	0	
18	2	3	132	271	1	300	0.4	0.527629	0	0	0	
18	2	3	121	272	2	0	0.9	0	25	0	19.5	
18	2	3	28	273	1	400	0.5	0.523543	0	0	0	
18	2	3	222	274	1	300	0.01	0.032108	0	0	0	
18	2	3	158	275	2	0	0.99	0	800	0	784	
18	2	3	301	276	1	200	0.5	0.584153	0	0	0	
18	2	3	283	277	1	400	0.05	0.023572	0	0	0	
18	2	3	181	278	1	200	0.25	0.307766	0	0	0	
18	2	3	246	279	1	200	0.5	0.60449	0	0	0	
18	2	3	226	280	1	200	0.05	0.167606	0	0	0	
18	2	3	77	281	1	300	0.4	0.549005	0	0	0	
18	2	3	247	282	1	300	0.5	0.545489	0	0	0	
18	2	3	27	283	1	300	0.5	0.608121	0	0	0	
18	2	3	117	284	1	300	0.05	0.0394942	0	0	0	
18	2	3	37	285	2	0	0.1	0	400	0	24	
18	2	3	17	286	2	0	0.05	0	50	0	1	
18	2	3	198	287	1	400	0.6	0.599916	0	0	0	
18	2	3	49	288	1	500	0.95	0.919188	0	0	0	
18	2	3	239	289	1	500	0.25	0.381663	0	0	0	
18	2	3	77	290	2	0	0.5	0	50	0	25	
18	2	3	25	291	1	600	0.4	0.447404	0	0	0	
18	2	3	134	292	1	500	0.4	0.448085	0	0	0	
18	2	3	284	293	1	500	0.05	0.0389988	0	0	0	
18	2	3	109	294	1	500	0.99	0.968224	0	0	0	
18	2	3	49	295	2	0	0.25	0	100	0	14	
18	2	3	73	296	2	0	0.4	0	150	100	129	
18	2	3	79	297	1	500	0.4	0.52782	0	0	0	
18	2	4	38	298	1	400	0.75	0.598253	0	0	0	
18	2	4	13	299	2	0	0.01	0	150	100	101	
18	2	4	300	300	1	600	0.4	0.40555	0	0	0	
18	2	4	320	301	1	600	0.9	0.789448	0	0	0	
18	2	4	108	302	2	0	0.75	0	75	0	40.5	
18	2	4	132	303	2	0	0.9	0	150	50	108	
18	2	4	23	304	2	0	0.05	0	800	0	16	
18	2	4	110	305	1	600	0.99	0.966707	0	0	0	
18	2	4	19	306	1	500	0.25	0.419845	0	0	0	
18	2	4	193	307	1	400	0.5	0.554295	0	0	0	
18	2	4	118	308	2	0	0.75	0	150	100	139	
18	2	4	144	309	2	0	0.95	0	50	25	49.5	
18	2	4	2	310	1	300	0.01	0.0225989	0	0	0	
18	2	4	67	311	1	300	0.1	0.102405	0	0	0	
18	2	4	268	312	1	400	0.95	0.809563	0	0	0	
18	2	4	21	313	1	200	0.4	0.540177	0	0	0	
18	2	4	328	314	1	400	0.99	0.977534	0	0	0	
18	2	4	74	315	2	0	0.4	0	200	100	150	
18	2	4	31	316	1	200	0.6	0.5	0	0	0	
18	2	4	220	317	1	600	0.99	0.978976	0	0	0	
18	2	4	86	318	1	200	0.6	0.573388	0	0	0	
18	2	4	318	319	1	400	0.9	0.805375	0	0	0	
18	2	4	115	320	2	0	0.75	0	75	50	67.5	
18	2	4	323	321	1	400	0.95	0.860293	0	0	0	
18	2	4	161	322	1	200	0.99	0.968405	0	0	0	
18	2	4	248	323	1	400	0.5	0.468279	0	0	0	
18	2	4	122	324	2	0	0.9	0	50	0	39	
18	2	4	30	325	2	0	0.05	0	200	150	153	
18	2	4	153	326	2	0	0.99	0	75	0	73.5	
18	2	4	47	327	2	0	0.25	0	50	0	5	
18	2	4	87	328	2	0	0.5	0	150	50	80	
18	2	4	215	329	1	600	0.95	0.923774	0	0	0	
18	2	4	133	330	2	0	0.9	0	150	100	149	
18	2	4	309	331	1	500	0.6	0.46965	0	0	0	
18	2	4	297	332	1	300	0.4	0.432614	0	0	0	
18	2	4	98	333	1	400	0.9	0.797922	0	0	0	
18	2	4	102	334	2	0	0.6	0	150	50	80	
18	2	4	165	335	2	0	0.99	0	200	150	199	
18	2	4	29	336	1	500	0.5	0.570235	0	0	0	
18	2	4	112	337	2	0	0.75	0	400	0	200	
18	2	4	43	338	2	0	0.1	0	150	100	111	
18	2	4	95	339	2	0	0.6	0	150	0	39	
18	2	4	119	340	1	500	0.05	0.0586716	0	0	0	
18	2	4	128	341	1	400	0.25	0.305342	0	0	0	
18	2	4	221	342	1	200	0.01	0.0235498	0	0	0	
18	2	4	151	343	1	200	0.9	0.888042	0	0	0	
18	2	4	153	344	1	400	0.9	0.922907	0	0	0	
18	2	4	78	345	1	400	0.4	0.459535	0	0	0	
18	2	4	233	346	1	400	0.1	0.223183	0	0	0	
18	2	4	24	347	2	0	0.05	0	50	25	26.5	
18	2	4	203	348	1	400	0.75	0.616869	0	0	0	
18	2	4	36	349	1	200	0.75	0.709315	0	0	0	
18	2	4	155	350	1	600	0.9	0.828409	0	0	0	
18	2	4	57	351	1	300	0.01	0.010644	0	0	0	
18	2	4	61	352	1	200	0.05	0.0376366	0	0	0	
18	2	4	10	353	2	0	0.01	0	75	50	50.5	
18	2	4	148	354	1	400	0.75	0.817485	0	0	0	
18	2	4	41	355	1	200	0.9	0.807418	0	0	0	
18	2	4	113	356	1	400	0.01	0.0254561	0	0	0	
18	2	4	256	357	1	200	0.75	0.677882	0	0	0	
18	2	4	274	358	1	500	0.99	0.961957	0	0	0	
18	2	4	14	359	1	500	0.1	0.16409	0	0	0	
18	2	4	54	360	2	0	0.25	0	50	25	31.5	
18	2	4	244	361	1	500	0.4	0.352273	0	0	0	
18	2	4	187	362	1	300	0.4	0.479832	0	0	0	
18	2	4	42	363	2	0	0.1	0	150	50	56	
18	2	4	258	364	1	400	0.75	0.636356	0	0	0	
18	2	4	25	365	2	0	0.05	0	75	50	50.5	
18	2	4	107	366	1	300	0.99	0.978334	0	0	0	
18	2	4	130	367	2	0	0.9	0	75	50	69.5	
18	2	4	265	368	1	600	0.9	0.917556	0	0	0	
18	2	4	223	369	1	400	0.01	0.0242133	0	0	0	
18	2	4	147	370	1	300	0.75	0.623724	0	0	0	
18	2	4	93	371	2	0	0.6	0	75	0	10.5	
18	2	4	88	372	2	0	0.5	0	150	100	115	
18	2	4	183	373	1	400	0.25	0.494144	0	0	0	
18	2	4	100	374	1	600	0.9	0.777409	0	0	0	
18	2	4	32	375	1	300	0.6	0.629545	0	0	0	
18	2	4	33	376	1	400	0.6	0.482211	0	0	0	
18	2	4	126	377	1	200	0.25	0.169353	0	0	0	
18	2	4	120	378	2	0	0.75	0	200	150	187	
18	2	4	94	379	1	500	0.75	0.733641	0	0	0	
18	2	4	39	380	1	500	0.75	0.769276	0	0	0	
18	2	4	276	381	1	200	0.01	0.0160222	0	0	0	
18	2	4	235	382	1	600	0.1	0.0250315	0	0	0	
18	2	4	214	383	1	500	0.95	0.947582	0	0	0	
18	2	4	114	384	2	0	0.75	0	50	25	39.5	
18	2	4	120	385	1	600	0.05	0.058875	0	0	0	
18	2	4	199	386	1	500	0.6	0.812925	0	0	0	
18	2	4	123	387	1	400	0.1	0.120494	0	0	0	
18	2	4	80	388	2	0	0.5	0	150	0	51	
18	2	4	288	389	1	400	0.1	0.0697818	0	0	0	
18	2	4	52	390	2	0	0.25	0	400	0	56	
18	2	4	150	391	1	600	0.75	0.884716	0	0	0	
18	2	4	100	392	2	0	0.6	0	75	50	69.5	
18	2	4	178	393	1	400	0.1	0.272914	0	0	0	
18	2	4	137	394	1	300	0.5	0.496833	0	0	0	
18	2	4	177	395	1	300	0.1	0.28478	0	0	0	
18	2	4	127	396	2	0	0.9	0	400	0	296	
18	2	5	146	397	2	0	0.95	0	100	50	99	
18	2	5	229	398	1	500	0.05	0.0519179	0	0	0	
18	2	5	232	399	1	300	0.1	0.104939	0	0	0	
18	2	5	273	400	1	400	0.99	0.948405	0	0	0	
18	2	5	317	401	1	300	0.9	0.844574	0	0	0	
18	2	5	28	402	2	0	0.05	0	150	100	105	
18	2	5	275	403	1	600	0.99	0.966278	0	0	0	
18	2	5	53	404	2	0	0.25	0	800	0	208	
18	2	5	261	405	1	200	0.9	0.717338	0	0	0	
18	2	5	149	406	1	500	0.75	0.721735	0	0	0	
18	2	5	41	407	2	0	0.1	0	100	50	55	
18	2	5	133	408	1	400	0.4	0.375754	0	0	0	
18	2	5	194	409	1	500	0.5	0.628939	0	0	0	
18	2	5	16	410	2	0	0.05	0	25	0	0.5	
18	2	5	71	411	1	200	0.25	0.266001	0	0	0	
18	2	5	282	412	1	300	0.05	0.110401	0	0	0	
18	2	5	19	413	2	0	0.05	0	100	0	2	
18	2	5	271	414	1	200	0.99	0.96369	0	0	0	
18	2	5	5	415	1	600	0.01	0.0224751	0	0	0	
18	2	5	106	416	1	200	0.99	0.97147	0	0	0	
18	2	5	144	417	1	500	0.6	0.626904	0	0	0	
18	2	5	68	418	2	0	0.4	0	800	0	208	
18	2	5	37	419	1	300	0.75	0.61506	0	0	0	
18	2	5	7	420	2	0	0.01	0	400	0	8	
18	2	5	73	421	1	400	0.25	0.300906	0	0	0	
18	2	5	224	422	1	500	0.01	0.0281761	0	0	0	
18	2	5	160	423	2	0	0.99	0	75	50	69.5	
18	2	5	81	424	2	0	0.5	0	200	0	52	
18	2	5	159	425	1	500	0.95	0.898577	0	0	0	
18	2	5	99	426	1	500	0.9	0.87292	0	0	0	
18	2	5	129	427	2	0	0.9	0	50	25	39.5	
18	2	5	175	428	1	600	0.05	0.0730237	0	0	0	
18	2	5	70	429	2	0	0.4	0	75	50	59.5	
18	2	5	174	430	1	500	0.05	0.101091	0	0	0	
18	2	5	147	431	2	0	0.95	0	150	50	144	
18	2	5	115	432	1	600	0.01	0.0112499	0	0	0	
18	2	5	146	433	1	200	0.75	0.773278	0	0	0	
18	2	5	218	434	1	400	0.99	0.922469	0	0	0	
18	2	5	63	435	2	0	0.4	0	75	0	7.5	
18	2	5	253	436	1	400	0.6	0.476559	0	0	0	
18	2	5	188	437	1	400	0.4	0.478624	0	0	0	
18	2	5	155	438	2	0	0.99	0	150	0	141	
18	2	5	69	439	2	0	0.4	0	50	25	32.5	
18	2	5	281	440	1	200	0.05	0.0823382	0	0	0	
18	2	5	291	441	1	200	0.25	0.407258	0	0	0	
18	2	5	263	442	1	400	0.9	0.866211	0	0	0	
18	2	5	69	443	1	500	0.1	0.0919136	0	0	0	
18	2	5	299	444	1	500	0.4	0.427156	0	0	0	
18	2	5	213	445	1	400	0.95	0.921987	0	0	0	
18	2	5	176	446	1	200	0.1	0.160883	0	0	0	
18	2	5	119	447	2	0	0.75	0	200	100	170	
18	2	5	111	448	1	200	0.01	0.0234525	0	0	0	
18	2	5	44	449	2	0	0.1	0	200	100	110	
18	2	5	18	450	2	0	0.05	0	75	0	4.5	
18	2	5	51	451	1	200	0.99	0.949051	0	0	0	
18	2	5	264	452	1	500	0.9	0.964106	0	0	0	
18	2	5	2	453	2	0	0.01	0	50	0	1	
18	2	5	56	454	1	200	0.01	0.0448591	0	0	0	
18	2	5	160	455	1	600	0.95	0.968082	0	0	0	
18	2	5	15	456	1	600	0.1	0.0818163	0	0	0	
18	2	5	20	457	1	600	0.25	0.228376	0	0	0	
18	2	5	180	458	1	600	0.1	0.152241	0	0	0	
18	2	5	4	459	1	500	0.01	0.0283752	0	0	0	
18	2	5	34	460	1	500	0.6	0.518315	0	0	0	
18	2	5	84	461	2	0	0.5	0	50	25	39.5	
18	2	5	80	462	1	600	0.4	0.5	0	0	0	
18	2	5	65	463	2	0	0.4	0	150	0	39	
18	2	5	257	464	1	300	0.75	0.738855	0	0	0	
18	2	5	238	465	1	400	0.25	0.318783	0	0	0	
18	2	5	208	466	1	400	0.9	0.796206	0	0	0	
18	2	5	78	467	2	0	0.5	0	75	0	10.5	
18	2	5	128	468	2	0	0.9	0	800	0	592	
18	2	5	92	469	1	300	0.75	0.671907	0	0	0	
18	2	5	245	470	1	600	0.4	0.469628	0	0	0	
18	2	5	45	471	1	600	0.9	0.951625	0	0	0	
18	2	5	311	472	1	200	0.75	0.544697	0	0	0	
18	2	5	315	473	1	600	0.75	0.618404	0	0	0	
18	2	5	272	474	1	300	0.99	0.969829	0	0	0	
18	2	5	22	475	2	0	0.05	0	400	0	8	
18	2	5	24	476	1	500	0.4	0.442614	0	0	0	
18	2	5	101	477	1	200	0.95	0.876043	0	0	0	
18	2	5	173	478	1	400	0.05	0.0402903	0	0	0	
18	2	5	139	479	1	500	0.5	0.500093	0	0	0	
18	2	5	148	480	2	0	0.95	0	150	100	147	
18	2	5	136	481	1	200	0.5	0.5	0	0	0	
18	2	5	154	482	2	0	0.99	0	100	0	94	
18	2	5	134	483	2	0	0.9	0	200	100	178	
18	2	5	277	484	1	300	0.01	0.0266016	0	0	0	
18	2	5	168	485	1	400	0.01	0.00786204	0	0	0	
18	2	5	321	486	1	200	0.95	0.924579	0	0	0	
18	2	5	46	487	2	0	0.25	0	25	0	3.5	
18	2	5	184	488	1	500	0.25	0.382105	0	0	0	
18	2	5	6	489	2	0	0.01	0	200	0	4	
18	2	5	1	490	2	0	0.01	0	25	0	0.5	
18	2	5	322	491	1	300	0.95	0.160074	0	0	0	
18	2	5	74	492	1	500	0.25	0.319999	0	0	0	
18	2	5	255	493	1	600	0.6	0.5	0	0	0	
18	2	5	60	494	2	0	0.25	0	200	150	165	
18	2	5	99	495	2	0	0.6	0	50	25	37.5	
