Subject#	Session#	Block#	Stim#	Trial#	Task	Numerosity	P_true	P_reported	x1	x2	CE	
15	1	1	165	1	2	0	0.99	0	200	150	183	
15	1	1	156	2	1	200	0.95	0.951541	0	0	0	
15	1	1	291	3	1	200	0.25	0.247593	0	0	0	
15	1	1	88	4	1	400	0.6	0.52866	0	0	0	
15	1	1	49	5	1	500	0.95	0.919705	0	0	0	
15	1	1	152	6	1	300	0.9	0.790673	0	0	0	
15	1	1	243	7	1	400	0.4	0.316076	0	0	0	
15	1	1	98	8	1	400	0.9	0.885596	0	0	0	
15	1	1	180	9	1	600	0.1	0.143179	0	0	0	
15	1	1	276	10	1	200	0.01	0.00534544	0	0	0	
15	1	1	330	11	1	600	0.99	0.999533	0	0	0	
15	1	1	72	12	2	0	0.4	0	150	50	112	
15	1	1	5	13	1	600	0.01	0.00261213	0	0	0	
15	1	1	51	14	2	0	0.25	0	200	0	92	
15	1	1	195	15	1	600	0.5	0.521026	0	0	0	
15	1	1	301	16	1	200	0.5	0.553676	0	0	0	
15	1	1	96	17	1	200	0.9	0.915795	0	0	0	
15	1	1	215	18	1	600	0.95	0.979139	0	0	0	
15	1	1	166	19	1	200	0.01	0.000263601	0	0	0	
15	1	1	31	20	2	0	0.1	0	25	0	5.5	
15	1	1	231	21	1	200	0.1	0.0816173	0	0	0	
15	1	1	31	22	1	200	0.6	0.578704	0	0	0	
15	1	1	193	23	1	400	0.5	0.521743	0	0	0	
15	1	1	11	24	2	0	0.01	0	100	50	61	
15	1	1	296	25	1	200	0.4	0.339031	0	0	0	
15	1	1	48	26	1	400	0.95	0.902916	0	0	0	
15	1	1	232	27	1	300	0.1	0.112188	0	0	0	
15	1	1	327	28	1	300	0.99	0.998445	0	0	0	
15	1	1	223	29	1	400	0.01	0.00117913	0	0	0	
15	1	1	124	30	1	500	0.1	0.0849123	0	0	0	
15	1	1	239	31	1	500	0.25	0.210853	0	0	0	
15	1	1	99	32	2	0	0.6	0	50	25	39.5	
15	1	1	127	33	1	300	0.25	0.350477	0	0	0	
15	1	1	103	34	1	400	0.95	0.905132	0	0	0	
15	1	1	122	35	2	0	0.9	0	50	0	45	
15	1	1	55	36	2	0	0.25	0	75	50	66.5	
15	1	1	73	37	1	400	0.25	0.242768	0	0	0	
15	1	1	153	38	1	400	0.9	0.864092	0	0	0	
15	1	1	6	39	2	0	0.01	0	200	0	44	
15	1	1	199	40	1	500	0.6	0.54989	0	0	0	
15	1	1	46	41	2	0	0.25	0	25	0	6.5	
15	1	1	186	42	1	200	0.4	0.409801	0	0	0	
15	1	1	20	43	1	600	0.25	0.286598	0	0	0	
15	1	1	45	44	2	0	0.1	0	200	150	163	
15	1	1	26	45	2	0	0.05	0	100	50	63	
15	1	1	275	46	1	600	0.99	0.997866	0	0	0	
15	1	1	9	47	2	0	0.01	0	50	25	27.5	
15	1	1	63	48	1	400	0.05	0.00966213	0	0	0	
15	1	1	286	49	1	200	0.1	0.0755049	0	0	0	
15	1	1	35	50	1	600	0.6	0.557952	0	0	0	
15	1	1	229	51	1	500	0.05	0.0724045	0	0	0	
15	1	1	10	52	1	600	0.05	0.0212632	0	0	0	
15	1	1	295	53	1	600	0.25	0.248902	0	0	0	
15	1	1	78	54	2	0	0.5	0	75	0	46.5	
15	1	1	10	55	2	0	0.01	0	75	50	56.5	
15	1	1	47	56	2	0	0.25	0	50	0	15	
15	1	1	2	57	1	300	0.01	0.00844143	0	0	0	
15	1	1	15	58	1	600	0.1	0.107371	0	0	0	
15	1	1	280	59	1	600	0.01	0.00290404	0	0	0	
15	1	1	54	60	2	0	0.25	0	50	25	25.5	
15	1	1	93	61	1	400	0.75	0.613698	0	0	0	
15	1	1	71	62	1	200	0.25	0.336267	0	0	0	
15	1	1	103	63	2	0	0.6	0	150	100	137	
15	1	1	226	64	1	200	0.05	0.0372429	0	0	0	
15	1	1	58	65	1	400	0.01	0.000754536	0	0	0	
15	1	1	131	66	1	200	0.4	0.536886	0	0	0	
15	1	1	66	67	2	0	0.4	0	200	0	100	
15	1	1	299	68	1	500	0.4	0.547709	0	0	0	
15	1	1	326	69	1	200	0.99	0.998082	0	0	0	
15	1	1	67	70	1	300	0.1	0.101365	0	0	0	
15	1	1	40	71	1	600	0.75	0.8007	0	0	0	
15	1	1	139	72	2	0	0.95	0	100	0	94	
15	1	1	13	73	2	0	0.01	0	150	100	125	
15	1	1	263	74	1	400	0.9	0.913832	0	0	0	
15	1	1	131	75	2	0	0.9	0	100	50	97	
15	1	1	81	76	1	200	0.5	0.5	0	0	0	
15	1	1	56	77	2	0	0.25	0	100	50	71	
15	1	1	130	78	2	0	0.9	0	75	50	65.5	
15	1	1	297	79	1	300	0.4	0.412675	0	0	0	
15	1	1	91	80	1	200	0.75	0.752827	0	0	0	
15	1	1	16	81	2	0	0.05	0	25	0	4.5	
15	1	1	34	82	2	0	0.1	0	100	0	22	
15	1	1	107	83	1	300	0.99	0.99404	0	0	0	
15	1	1	106	84	1	200	0.99	0.971559	0	0	0	
15	1	1	70	85	1	600	0.1	0.15344	0	0	0	
15	1	1	164	86	2	0	0.99	0	200	100	194	
15	1	1	30	87	2	0	0.05	0	200	150	161	
15	1	1	278	88	1	400	0.01	0.00602214	0	0	0	
15	1	1	52	89	2	0	0.25	0	400	0	168	
15	1	1	22	90	2	0	0.05	0	400	0	40	
15	1	1	143	91	2	0	0.95	0	800	0	752	
15	1	1	97	92	1	300	0.9	0.893164	0	0	0	
15	1	1	258	93	1	400	0.75	0.613937	0	0	0	
15	1	1	90	94	2	0	0.5	0	200	150	171	
15	1	1	28	95	2	0	0.05	0	150	100	113	
15	1	1	23	96	1	400	0.4	0.389832	0	0	0	
15	1	1	30	97	1	600	0.5	0.5	0	0	0	
15	1	1	221	98	1	200	0.01	0.00364265	0	0	0	
15	1	1	167	99	1	300	0.01	0.00284212	0	0	0	
15	1	2	298	100	1	400	0.4	0.456793	0	0	0	
15	1	2	133	101	1	400	0.4	0.5	0	0	0	
15	1	2	222	102	1	300	0.01	0.00153738	0	0	0	
15	1	2	162	103	2	0	0.99	0	150	50	136	
15	1	2	6	104	1	200	0.05	0.028269	0	0	0	
15	1	2	43	105	2	0	0.1	0	150	100	117	
15	1	2	29	106	1	500	0.5	0.590575	0	0	0	
15	1	2	162	107	1	300	0.99	0.996778	0	0	0	
15	1	2	314	108	1	500	0.75	0.626723	0	0	0	
15	1	2	57	109	1	300	0.01	0.00348785	0	0	0	
15	1	2	197	110	1	300	0.6	0.703274	0	0	0	
15	1	2	39	111	2	0	0.1	0	50	25	27.5	
15	1	2	106	112	2	0	0.75	0	25	0	18.5	
15	1	2	151	113	1	200	0.9	0.948737	0	0	0	
15	1	2	116	114	2	0	0.75	0	100	50	77	
15	1	2	36	115	2	0	0.1	0	200	0	28	
15	1	2	95	116	2	0	0.6	0	150	0	75	
15	1	2	189	117	1	500	0.4	0.457412	0	0	0	
15	1	2	46	118	1	200	0.95	0.98841	0	0	0	
15	1	2	324	119	1	500	0.95	0.966861	0	0	0	
15	1	2	112	120	2	0	0.75	0	400	0	296	
15	1	2	135	121	2	0	0.9	0	200	150	193	
15	1	2	170	122	1	600	0.01	0.00444318	0	0	0	
15	1	2	50	123	1	600	0.95	0.991236	0	0	0	
15	1	2	97	124	2	0	0.6	0	400	0	264	
15	1	2	114	125	2	0	0.75	0	50	25	37.5	
15	1	2	183	126	1	400	0.25	0.327248	0	0	0	
15	1	2	192	127	1	300	0.5	0.414591	0	0	0	
15	1	2	321	128	1	200	0.95	0.973827	0	0	0	
15	1	2	82	129	1	300	0.5	0.516316	0	0	0	
15	1	2	283	130	1	400	0.05	0.0427848	0	0	0	
15	1	2	303	131	1	400	0.5	0.61161	0	0	0	
15	1	2	254	132	1	500	0.6	0.652398	0	0	0	
15	1	2	52	133	1	300	0.99	0.993443	0	0	0	
15	1	2	117	134	2	0	0.75	0	150	50	124	
15	1	2	77	135	1	300	0.4	0.427492	0	0	0	
15	1	2	129	136	2	0	0.9	0	50	25	46.5	
15	1	2	96	137	2	0	0.6	0	200	0	140	
15	1	2	62	138	1	300	0.05	0.0578047	0	0	0	
15	1	2	79	139	2	0	0.5	0	100	0	54	
15	1	2	161	140	1	200	0.99	0.974495	0	0	0	
15	1	2	179	141	1	500	0.1	0.14248	0	0	0	
15	1	2	177	142	1	300	0.1	0.136412	0	0	0	
15	1	2	64	143	2	0	0.4	0	100	0	50	
15	1	2	78	144	1	400	0.4	0.564295	0	0	0	
15	1	2	329	145	1	500	0.99	0.99806	0	0	0	
15	1	2	71	146	2	0	0.4	0	100	50	75	
15	1	2	136	147	2	0	0.95	0	25	0	23.5	
15	1	2	302	148	1	300	0.5	0.5	0	0	0	
15	1	2	156	149	2	0	0.99	0	200	0	180	
15	1	2	38	150	2	0	0.1	0	800	0	112	
15	1	2	173	151	1	400	0.05	0.0511218	0	0	0	
15	1	2	272	152	1	300	0.99	0.996074	0	0	0	
15	1	2	83	153	1	400	0.5	0.516081	0	0	0	
15	1	2	136	154	1	200	0.5	0.650067	0	0	0	
15	1	2	135	155	1	600	0.4	0.557634	0	0	0	
15	1	2	285	156	1	600	0.05	0.0820772	0	0	0	
15	1	2	289	157	1	500	0.1	0.121206	0	0	0	
15	1	2	181	158	1	200	0.25	0.240587	0	0	0	
15	1	2	312	159	1	300	0.75	0.624344	0	0	0	
15	1	2	55	160	1	600	0.99	0.994402	0	0	0	
15	1	2	218	161	1	400	0.99	0.996968	0	0	0	
15	1	2	74	162	2	0	0.4	0	200	100	150	
15	1	2	315	163	1	600	0.75	0.760815	0	0	0	
15	1	2	305	164	1	600	0.5	0.454622	0	0	0	
15	1	2	208	165	1	400	0.9	0.733743	0	0	0	
15	1	2	216	166	1	200	0.99	0.983266	0	0	0	
15	1	2	107	167	2	0	0.75	0	50	0	37	
15	1	2	62	168	2	0	0.4	0	50	0	25	
15	1	2	105	169	1	600	0.95	0.98756	0	0	0	
15	1	2	105	170	2	0	0.6	0	200	150	189	
15	1	2	256	171	1	200	0.75	0.642031	0	0	0	
15	1	2	274	172	1	500	0.99	0.995517	0	0	0	
15	1	2	259	173	1	500	0.75	0.604843	0	0	0	
15	1	2	21	174	1	200	0.4	0.436369	0	0	0	
15	1	2	24	175	2	0	0.05	0	50	25	33.5	
15	1	2	155	176	1	600	0.9	0.918148	0	0	0	
15	1	2	8	177	2	0	0.01	0	800	0	80	
15	1	2	325	178	1	600	0.95	0.556767	0	0	0	
15	1	2	191	179	1	200	0.5	0.514958	0	0	0	
15	1	2	279	180	1	500	0.01	0.000263601	0	0	0	
15	1	2	89	181	2	0	0.5	0	200	100	158	
15	1	2	7	182	2	0	0.01	0	400	0	24	
15	1	2	12	183	2	0	0.01	0	150	50	76	
15	1	2	159	184	1	500	0.95	0.970762	0	0	0	
15	1	2	236	185	1	200	0.25	0.32126	0	0	0	
15	1	2	84	186	1	500	0.5	0.560553	0	0	0	
15	1	2	292	187	1	300	0.25	0.316979	0	0	0	
15	1	2	235	188	1	600	0.1	0.184342	0	0	0	
15	1	2	125	189	2	0	0.9	0	150	0	117	
15	1	2	322	190	1	300	0.95	0.950254	0	0	0	
15	1	2	24	191	1	500	0.4	0.483441	0	0	0	
15	1	2	281	192	1	200	0.05	0.0208165	0	0	0	
15	1	2	2	193	2	0	0.01	0	50	0	7	
15	1	2	111	194	1	200	0.01	0.00727822	0	0	0	
15	1	2	67	195	2	0	0.4	0	400	0	184	
15	1	2	42	196	2	0	0.1	0	150	50	80	
15	1	2	154	197	1	500	0.9	0.904101	0	0	0	
15	1	2	205	198	1	600	0.75	0.581557	0	0	0	
15	1	3	132	199	2	0	0.9	0	150	50	144	
15	1	3	123	200	2	0	0.9	0	75	0	70.5	
15	1	3	69	201	1	500	0.1	0.100295	0	0	0	
15	1	3	225	202	1	600	0.01	0.0101088	0	0	0	
15	1	3	66	203	1	200	0.1	0.10918	0	0	0	
15	1	3	284	204	1	500	0.05	0.0798216	0	0	0	
15	1	3	245	205	1	600	0.4	0.560664	0	0	0	
15	1	3	282	206	1	300	0.05	0.0388352	0	0	0	
15	1	3	127	207	2	0	0.9	0	400	0	360	
15	1	3	19	208	1	500	0.25	0.39896	0	0	0	
15	1	3	149	209	2	0	0.95	0	200	100	194	
15	1	3	17	210	1	300	0.25	0.410287	0	0	0	
15	1	3	262	211	1	300	0.9	0.893075	0	0	0	
15	1	3	33	212	2	0	0.1	0	75	0	10.5	
15	1	3	294	213	1	500	0.25	0.194749	0	0	0	
15	1	3	113	214	2	0	0.75	0	800	0	592	
15	1	3	134	215	2	0	0.9	0	200	100	194	
15	1	3	213	216	1	400	0.95	0.975168	0	0	0	
15	1	3	124	217	2	0	0.9	0	100	0	94	
15	1	3	108	218	2	0	0.75	0	75	0	49.5	
15	1	3	163	219	2	0	0.99	0	150	100	149	
15	1	3	75	220	2	0	0.4	0	200	150	177	
15	1	3	40	221	2	0	0.1	0	75	50	68.5	
15	1	3	146	222	2	0	0.95	0	100	50	97	
15	1	3	140	223	2	0	0.95	0	150	0	135	
15	1	3	76	224	1	200	0.4	0.5	0	0	0	
15	1	3	238	225	1	400	0.25	0.38628	0	0	0	
15	1	3	49	226	2	0	0.25	0	100	0	30	
15	1	3	175	227	1	600	0.05	0.016062	0	0	0	
15	1	3	159	228	2	0	0.99	0	50	25	48.5	
15	1	3	287	229	1	300	0.1	0.0650095	0	0	0	
15	1	3	230	230	1	600	0.05	0.0974687	0	0	0	
15	1	3	293	231	1	400	0.25	0.376943	0	0	0	
15	1	3	251	232	1	200	0.6	0.701677	0	0	0	
15	1	3	48	233	2	0	0.25	0	75	0	22.5	
15	1	3	79	234	1	500	0.4	0.401981	0	0	0	
15	1	3	94	235	2	0	0.6	0	100	0	62	
15	1	3	1	236	1	200	0.01	0.0102769	0	0	0	
15	1	3	81	237	2	0	0.5	0	200	0	108	
15	1	3	203	238	1	400	0.75	0.843124	0	0	0	
15	1	3	237	239	1	300	0.25	0.332405	0	0	0	
15	1	3	204	240	1	500	0.75	0.82572	0	0	0	
15	1	3	141	241	1	200	0.6	0.563043	0	0	0	
15	1	3	3	242	2	0	0.01	0	75	0	7.5	
15	1	3	115	243	1	600	0.01	0.00544717	0	0	0	
15	1	3	102	244	2	0	0.6	0	150	50	108	
15	1	3	249	245	1	500	0.5	0.5	0	0	0	
15	1	3	57	246	2	0	0.25	0	150	50	64	
15	1	3	19	247	2	0	0.05	0	100	0	6	
15	1	3	9	248	1	500	0.05	0.582198	0	0	0	
15	1	3	44	249	2	0	0.1	0	200	100	114	
15	1	3	27	250	1	300	0.5	0.5	0	0	0	
15	1	3	47	251	1	300	0.95	0.991651	0	0	0	
15	1	3	3	252	1	400	0.01	0.00552678	0	0	0	
15	1	3	273	253	1	400	0.99	0.999002	0	0	0	
15	1	3	233	254	1	400	0.1	0.0420771	0	0	0	
15	1	3	316	255	1	200	0.9	0.930776	0	0	0	
15	1	3	108	256	1	400	0.99	0.998808	0	0	0	
15	1	3	266	257	1	200	0.95	0.988892	0	0	0	
15	1	3	18	258	2	0	0.05	0	75	0	7.5	
15	1	3	271	259	1	200	0.99	0.995305	0	0	0	
15	1	3	319	260	1	500	0.9	0.90764	0	0	0	
15	1	3	35	261	2	0	0.1	0	150	0	21	
15	1	3	260	262	1	600	0.75	0.710049	0	0	0	
15	1	3	253	263	1	400	0.6	0.475856	0	0	0	
15	1	3	16	264	1	200	0.25	0.408399	0	0	0	
15	1	3	265	265	1	600	0.9	0.894177	0	0	0	
15	1	3	234	266	1	500	0.1	0.10777	0	0	0	
15	1	3	308	267	1	400	0.6	0.55755	0	0	0	
15	1	3	109	268	1	500	0.99	0.99825	0	0	0	
15	1	3	72	269	1	300	0.25	0.317907	0	0	0	
15	1	3	242	270	1	300	0.4	0.414679	0	0	0	
15	1	3	141	271	2	0	0.95	0	200	0	188	
15	1	3	150	272	2	0	0.95	0	200	150	197	
15	1	3	323	273	1	400	0.95	0.961948	0	0	0	
15	1	3	45	274	1	600	0.9	0.927604	0	0	0	
15	1	3	143	275	1	400	0.6	0.564016	0	0	0	
15	1	3	63	276	2	0	0.4	0	75	0	34.5	
15	1	3	147	277	1	300	0.75	0.826361	0	0	0	
15	1	3	288	278	1	400	0.1	0.0928734	0	0	0	
15	1	3	109	279	2	0	0.75	0	100	0	74	
15	1	3	132	280	1	300	0.4	0.493932	0	0	0	
15	1	3	42	281	1	300	0.9	0.914968	0	0	0	
15	1	3	122	282	1	300	0.1	0.103338	0	0	0	
15	1	3	114	283	1	500	0.01	0.00209466	0	0	0	
15	1	3	185	284	1	600	0.25	0.264594	0	0	0	
15	1	3	94	285	1	500	0.75	0.810483	0	0	0	
15	1	3	65	286	2	0	0.4	0	150	0	69	
15	1	3	268	287	1	400	0.95	0.941001	0	0	0	
15	1	3	270	288	1	600	0.95	0.945194	0	0	0	
15	1	3	101	289	1	200	0.95	0.969825	0	0	0	
15	1	3	145	290	1	600	0.6	0.59456	0	0	0	
15	1	3	125	291	1	600	0.1	0.145965	0	0	0	
15	1	3	250	292	1	600	0.5	0.5	0	0	0	
15	1	3	133	293	2	0	0.9	0	150	100	145	
15	1	3	75	294	1	600	0.25	0.0947133	0	0	0	
15	1	3	126	295	1	200	0.25	0.300517	0	0	0	
15	1	3	53	296	2	0	0.25	0	800	0	208	
15	1	3	300	297	1	600	0.4	0.515688	0	0	0	
15	1	4	68	298	2	0	0.4	0	800	0	304	
15	1	4	123	299	1	400	0.1	0.018123	0	0	0	
15	1	4	60	300	1	600	0.01	0.00117913	0	0	0	
15	1	4	144	301	2	0	0.95	0	50	25	43.5	
15	1	4	82	302	2	0	0.5	0	400	0	216	
15	1	4	69	303	2	0	0.4	0	50	25	34.5	
15	1	4	13	304	1	400	0.1	0.103895	0	0	0	
15	1	4	68	305	1	400	0.1	0.213197	0	0	0	
15	1	4	26	306	1	200	0.5	0.636697	0	0	0	
15	1	4	139	307	1	500	0.5	0.511641	0	0	0	
15	1	4	61	308	1	200	0.05	0.00837508	0	0	0	
15	1	4	50	309	2	0	0.25	0	150	0	39	
15	1	4	95	310	1	600	0.75	0.808289	0	0	0	
15	1	4	15	311	2	0	0.01	0	200	150	153	
15	1	4	20	312	2	0	0.05	0	150	0	9	
15	1	4	121	313	1	200	0.1	0.0663098	0	0	0	
15	1	4	85	314	2	0	0.5	0	75	50	62.5	
15	1	4	137	315	1	300	0.5	0.548063	0	0	0	
15	1	4	121	316	2	0	0.9	0	25	0	19.5	
15	1	4	290	317	1	600	0.1	0.0381717	0	0	0	
15	1	4	87	318	2	0	0.5	0	150	50	104	
15	1	4	158	319	1	400	0.95	0.979798	0	0	0	
15	1	4	99	320	1	500	0.9	0.875928	0	0	0	
15	1	4	25	321	2	0	0.05	0	75	50	56.5	
15	1	4	148	322	2	0	0.95	0	150	100	147	
15	1	4	220	323	1	600	0.99	0.998808	0	0	0	
15	1	4	38	324	1	400	0.75	0.5	0	0	0	
15	1	4	138	325	1	400	0.5	0.477474	0	0	0	
15	1	4	27	326	2	0	0.05	0	150	50	76	
15	1	4	59	327	1	500	0.01	0.0078355	0	0	0	
15	1	4	145	328	2	0	0.95	0	75	50	72.5	
15	1	4	154	329	2	0	0.99	0	100	0	98	
15	1	4	212	330	1	300	0.95	0.99312	0	0	0	
15	1	4	89	331	1	500	0.6	0.566214	0	0	0	
15	1	4	168	332	1	400	0.01	0.00597791	0	0	0	
15	1	4	120	333	1	600	0.05	0.0262035	0	0	0	
15	1	4	41	334	1	200	0.9	0.964013	0	0	0	
15	1	4	140	335	1	600	0.5	0.411963	0	0	0	
15	1	4	76	336	2	0	0.5	0	25	0	12.5	
15	1	4	224	337	1	500	0.01	0.0151155	0	0	0	
15	1	4	86	338	1	200	0.6	0.571429	0	0	0	
15	1	4	119	339	2	0	0.75	0	200	100	166	
15	1	4	247	340	1	300	0.5	0.543706	0	0	0	
15	1	4	246	341	1	200	0.5	0.569633	0	0	0	
15	1	4	100	342	2	0	0.6	0	75	50	62.5	
15	1	4	32	343	2	0	0.1	0	50	0	7	
15	1	4	160	344	1	600	0.95	0.987609	0	0	0	
15	1	4	8	345	1	400	0.05	0.0290474	0	0	0	
15	1	4	104	346	2	0	0.6	0	200	100	158	
15	1	4	12	347	1	300	0.1	0.0444168	0	0	0	
15	1	4	64	348	1	500	0.05	0.0499321	0	0	0	
15	1	4	37	349	2	0	0.1	0	400	0	56	
15	1	4	214	350	1	500	0.95	0.973761	0	0	0	
15	1	4	56	351	1	200	0.01	0.00225388	0	0	0	
15	1	4	43	352	1	400	0.9	0.978927	0	0	0	
15	1	4	149	353	1	500	0.75	0.617002	0	0	0	
15	1	4	148	354	1	400	0.75	0.598439	0	0	0	
15	1	4	17	355	2	0	0.05	0	50	0	5	
15	1	4	269	356	1	500	0.95	0.97607	0	0	0	
15	1	4	4	357	1	500	0.01	0.00192659	0	0	0	
15	1	4	14	358	2	0	0.01	0	200	100	106	
15	1	4	80	359	1	600	0.4	0.413105	0	0	0	
15	1	4	39	360	1	500	0.75	0.664167	0	0	0	
15	1	4	201	361	1	200	0.75	0.647422	0	0	0	
15	1	4	146	362	1	200	0.75	0.722911	0	0	0	
15	1	4	188	363	1	400	0.4	0.449093	0	0	0	
15	1	4	160	364	2	0	0.99	0	75	50	73.5	
15	1	4	41	365	2	0	0.1	0	100	50	61	
15	1	4	219	366	1	500	0.99	0.996437	0	0	0	
15	1	4	22	367	1	300	0.4	0.515206	0	0	0	
15	1	4	241	368	1	200	0.4	0.46065	0	0	0	
15	1	4	309	369	1	500	0.6	0.624941	0	0	0	
15	1	4	211	370	1	200	0.95	0.969259	0	0	0	
15	1	4	200	371	1	600	0.6	0.543609	0	0	0	
15	1	4	252	372	1	300	0.6	0.543777	0	0	0	
15	1	4	150	373	1	600	0.75	0.709638	0	0	0	
15	1	4	74	374	1	500	0.25	0.185381	0	0	0	
15	1	4	144	375	1	500	0.6	0.559209	0	0	0	
15	1	4	70	376	2	0	0.4	0	75	50	63.5	
15	1	4	129	377	1	500	0.25	0.294811	0	0	0	
15	1	4	117	378	1	300	0.05	0.0667212	0	0	0	
15	1	4	73	379	2	0	0.4	0	150	100	119	
15	1	4	118	380	1	400	0.05	0.467094	0	0	0	
15	1	4	110	381	1	600	0.99	0.995495	0	0	0	
15	1	4	130	382	1	600	0.25	0.387443	0	0	0	
15	1	4	155	383	2	0	0.99	0	150	0	147	
15	1	4	264	384	1	500	0.9	0.939847	0	0	0	
15	1	4	100	385	1	600	0.9	0.950714	0	0	0	
15	1	4	80	386	2	0	0.5	0	150	0	75	
15	1	4	126	387	2	0	0.9	0	200	0	180	
15	1	4	29	388	2	0	0.05	0	200	100	114	
15	1	4	164	389	1	500	0.99	0.996242	0	0	0	
15	1	4	172	390	1	300	0.05	0.0429086	0	0	0	
15	1	4	244	391	1	500	0.4	0.5	0	0	0	
15	1	4	90	392	1	600	0.6	0.530155	0	0	0	
15	1	4	174	393	1	500	0.05	0.0369245	0	0	0	
15	1	4	151	394	2	0	0.99	0	25	0	23.5	
15	1	4	328	395	1	400	0.99	0.993513	0	0	0	
15	1	4	152	396	2	0	0.99	0	50	0	47	
15	1	5	318	397	1	400	0.9	0.955915	0	0	0	
15	1	5	182	398	1	300	0.25	0.240698	0	0	0	
15	1	5	65	399	1	600	0.05	0.0682205	0	0	0	
15	1	5	128	400	2	0	0.9	0	800	0	720	
15	1	5	25	401	1	600	0.4	0.480796	0	0	0	
15	1	5	14	402	1	500	0.1	0.347408	0	0	0	
15	1	5	187	403	1	300	0.4	0.410115	0	0	0	
15	1	5	101	404	2	0	0.6	0	100	50	77	
15	1	5	157	405	1	300	0.95	0.978379	0	0	0	
15	1	5	206	406	1	200	0.9	0.924898	0	0	0	
15	1	5	1	407	2	0	0.01	0	25	0	2.5	
15	1	5	59	408	2	0	0.25	0	200	100	130	
15	1	5	153	409	2	0	0.99	0	75	0	73.5	
15	1	5	217	410	1	300	0.99	0.989431	0	0	0	
15	1	5	54	411	1	500	0.99	0.982377	0	0	0	
15	1	5	194	412	1	500	0.5	0.557377	0	0	0	
15	1	5	157	413	2	0	0.99	0	400	0	392	
15	1	5	120	414	2	0	0.75	0	200	150	177	
15	1	5	210	415	1	600	0.9	0.940475	0	0	0	
15	1	5	171	416	1	200	0.05	0.0407281	0	0	0	
15	1	5	128	417	1	400	0.25	0.331048	0	0	0	
15	1	5	115	418	2	0	0.75	0	75	50	67.5	
15	1	5	36	419	1	200	0.75	0.766215	0	0	0	
15	1	5	53	420	1	400	0.99	0.999268	0	0	0	
15	1	5	4	421	2	0	0.01	0	100	0	2	
15	1	5	87	422	1	300	0.6	0.561805	0	0	0	
15	1	5	227	423	1	300	0.05	0.0570794	0	0	0	
15	1	5	28	424	1	400	0.5	0.479739	0	0	0	
15	1	5	169	425	1	500	0.01	0.00668998	0	0	0	
15	1	5	93	426	2	0	0.6	0	75	0	40.5	
15	1	5	111	427	2	0	0.75	0	200	0	148	
15	1	5	88	428	2	0	0.5	0	150	100	125	
15	1	5	202	429	1	300	0.75	0.667453	0	0	0	
15	1	5	98	430	2	0	0.6	0	800	0	464	
15	1	5	142	431	2	0	0.95	0	400	0	376	
15	1	5	119	432	1	500	0.05	0.0261284	0	0	0	
15	1	5	178	433	1	400	0.1	0.041741	0	0	0	
15	1	5	277	434	1	300	0.01	0.00316941	0	0	0	
15	1	5	196	435	1	200	0.6	0.577152	0	0	0	
15	1	5	267	436	1	300	0.95	0.941775	0	0	0	
15	1	5	83	437	2	0	0.5	0	800	0	400	
15	1	5	113	438	1	400	0.01	0.00153738	0	0	0	
15	1	5	37	439	1	300	0.75	0.598249	0	0	0	
15	1	5	147	440	2	0	0.95	0	150	50	144	
15	1	5	58	441	2	0	0.25	0	150	100	123	
15	1	5	320	442	1	600	0.9	0.931103	0	0	0	
15	1	5	176	443	1	200	0.1	0.0270616	0	0	0	
15	1	5	134	444	1	500	0.4	0.472406	0	0	0	
15	1	5	307	445	1	300	0.6	0.544803	0	0	0	
15	1	5	161	446	2	0	0.99	0	100	50	99	
15	1	5	85	447	1	600	0.5	0.55226	0	0	0	
15	1	5	158	448	2	0	0.99	0	800	0	784	
15	1	5	209	449	1	500	0.9	0.989944	0	0	0	
15	1	5	60	450	2	0	0.25	0	200	150	167	
15	1	5	306	451	1	200	0.6	0.566634	0	0	0	
15	1	5	5	452	2	0	0.01	0	150	0	9	
15	1	5	163	453	1	400	0.99	0.993102	0	0	0	
15	1	5	44	454	1	500	0.9	0.976512	0	0	0	
15	1	5	84	455	2	0	0.5	0	50	25	37.5	
15	1	5	198	456	1	400	0.6	0.4336	0	0	0	
15	1	5	11	457	1	200	0.1	0.0758985	0	0	0	
15	1	5	102	458	1	300	0.95	0.907405	0	0	0	
15	1	5	240	459	1	600	0.25	0.264342	0	0	0	
15	1	5	32	460	1	300	0.6	0.579195	0	0	0	
15	1	5	92	461	1	300	0.75	0.60671	0	0	0	
15	1	5	311	462	1	200	0.75	0.716578	0	0	0	
15	1	5	165	463	1	600	0.99	0.995712	0	0	0	
15	1	5	18	464	1	400	0.25	0.234006	0	0	0	
15	1	5	92	465	2	0	0.6	0	50	0	27	
15	1	5	137	466	2	0	0.95	0	50	0	47	
15	1	5	86	467	2	0	0.5	0	100	50	75	
15	1	5	248	468	1	400	0.5	0.579523	0	0	0	
15	1	5	61	469	2	0	0.4	0	25	0	10.5	
15	1	5	104	470	1	500	0.95	0.989652	0	0	0	
15	1	5	51	471	1	200	0.99	0.996242	0	0	0	
15	1	5	184	472	1	500	0.25	0.201237	0	0	0	
15	1	5	7	473	1	300	0.05	0.0707061	0	0	0	
15	1	5	190	474	1	600	0.4	0.478337	0	0	0	
15	1	5	257	475	1	300	0.75	0.628315	0	0	0	
15	1	5	21	476	2	0	0.05	0	200	0	12	
15	1	5	142	477	1	300	0.6	0.563508	0	0	0	
15	1	5	138	478	2	0	0.95	0	75	0	70.5	
15	1	5	228	479	1	400	0.05	0.0544168	0	0	0	
15	1	5	261	480	1	200	0.9	0.902974	0	0	0	
15	1	5	23	481	2	0	0.05	0	800	0	16	
15	1	5	110	482	2	0	0.75	0	150	0	87	
15	1	5	255	483	1	600	0.6	0.500358	0	0	0	
15	1	5	77	484	2	0	0.5	0	50	0	25	
15	1	5	207	485	1	300	0.9	0.924685	0	0	0	
15	1	5	304	486	1	500	0.5	0.478257	0	0	0	
15	1	5	34	487	1	500	0.6	0.515595	0	0	0	
15	1	5	313	488	1	400	0.75	0.657825	0	0	0	
15	1	5	310	489	1	600	0.6	0.549744	0	0	0	
15	1	5	118	490	2	0	0.75	0	150	100	137	
15	1	5	317	491	1	300	0.9	0.986517	0	0	0	
15	1	5	116	492	1	200	0.05	0.0183795	0	0	0	
15	1	5	33	493	1	400	0.6	0.729435	0	0	0	
15	1	5	112	494	1	300	0.01	0.0045051	0	0	0	
15	1	5	91	495	2	0	0.6	0	25	0	13.5	
15	2	1	225	1	1	600	0.01	0.00153738	0	0	0	
15	2	1	33	2	1	400	0.6	0.591234	0	0	0	
15	2	1	9	3	1	500	0.05	0.0337887	0	0	0	
15	2	1	183	4	1	400	0.25	0.395577	0	0	0	
15	2	1	237	5	1	300	0.25	0.455374	0	0	0	
15	2	1	91	6	1	200	0.75	0.804291	0	0	0	
15	2	1	28	7	2	0	0.05	0	150	100	109	
15	2	1	313	8	1	400	0.75	0.740912	0	0	0	
15	2	1	21	9	1	200	0.4	0.496325	0	0	0	
15	2	1	147	10	1	300	0.75	0.772641	0	0	0	
15	2	1	118	11	1	400	0.05	0.0177603	0	0	0	
15	2	1	51	12	1	200	0.99	0.996335	0	0	0	
15	2	1	163	13	2	0	0.99	0	150	100	149	
15	2	1	314	14	1	500	0.75	0.760426	0	0	0	
15	2	1	112	15	2	0	0.75	0	400	0	296	
15	2	1	100	16	1	600	0.9	0.937803	0	0	0	
15	2	1	220	17	1	600	0.99	0.997008	0	0	0	
15	2	1	17	18	1	300	0.25	0.308964	0	0	0	
15	2	1	218	19	1	400	0.99	0.997357	0	0	0	
15	2	1	83	20	1	400	0.5	0.535493	0	0	0	
15	2	1	271	21	1	200	0.99	0.998808	0	0	0	
15	2	1	76	22	1	200	0.4	0.449394	0	0	0	
15	2	1	45	23	2	0	0.1	0	200	150	167	
15	2	1	47	24	1	300	0.95	0.949838	0	0	0	
15	2	1	142	25	2	0	0.95	0	400	0	376	
15	2	1	43	26	2	0	0.1	0	150	100	113	
15	2	1	12	27	1	300	0.1	0.0885346	0	0	0	
15	2	1	72	28	2	0	0.4	0	150	50	96	
15	2	1	115	29	1	600	0.01	0.00117913	0	0	0	
15	2	1	4	30	1	500	0.01	0.00153738	0	0	0	
15	2	1	280	31	1	600	0.01	0.000820879	0	0	0	
15	2	1	3	32	1	400	0.01	0.00264309	0	0	0	
15	2	1	258	33	1	400	0.75	0.704875	0	0	0	
15	2	1	106	34	1	200	0.99	0.995057	0	0	0	
15	2	1	61	35	2	0	0.4	0	25	0	11.5	
15	2	1	98	36	2	0	0.6	0	800	0	464	
15	2	1	224	37	1	500	0.01	0.00209466	0	0	0	
15	2	1	80	38	2	0	0.5	0	150	0	75	
15	2	1	133	39	1	400	0.4	0.448142	0	0	0	
15	2	1	63	40	2	0	0.4	0	75	0	34.5	
15	2	1	205	41	1	600	0.75	0.65031	0	0	0	
15	2	1	168	42	1	400	0.01	0.00281116	0	0	0	
15	2	1	37	43	2	0	0.1	0	400	0	56	
15	2	1	92	44	2	0	0.6	0	50	0	33	
15	2	1	70	45	1	600	0.1	0.0848548	0	0	0	
15	2	1	272	46	1	300	0.99	0.994964	0	0	0	
15	2	1	82	47	2	0	0.5	0	400	0	216	
15	2	1	124	48	2	0	0.9	0	100	0	90	
15	2	1	189	49	1	500	0.4	0.5	0	0	0	
15	2	1	67	50	1	300	0.1	0.0961109	0	0	0	
15	2	1	61	51	1	200	0.05	0.00879525	0	0	0	
15	2	1	91	52	2	0	0.6	0	25	0	14.5	
15	2	1	50	53	2	0	0.25	0	150	0	45	
15	2	1	265	54	1	600	0.9	0.980913	0	0	0	
15	2	1	143	55	1	400	0.6	0.679603	0	0	0	
15	2	1	145	56	2	0	0.95	0	75	50	71.5	
15	2	1	37	57	1	300	0.75	0.558342	0	0	0	
15	2	1	60	58	1	600	0.01	0.00316941	0	0	0	
15	2	1	1	59	2	0	0.01	0	25	0	0.5	
15	2	1	169	60	1	500	0.01	0.000462629	0	0	0	
15	2	1	283	61	1	400	0.05	0.478563	0	0	0	
15	2	1	110	62	1	600	0.99	0.997888	0	0	0	
15	2	1	132	63	2	0	0.9	0	150	50	140	
15	2	1	11	64	1	200	0.1	0.240999	0	0	0	
15	2	1	83	65	2	0	0.5	0	800	0	400	
15	2	1	79	66	1	500	0.4	0.481694	0	0	0	
15	2	1	209	67	1	500	0.9	0.937472	0	0	0	
15	2	1	259	68	1	500	0.75	0.801527	0	0	0	
15	2	1	155	69	1	600	0.9	0.89101	0	0	0	
15	2	1	38	70	2	0	0.1	0	800	0	80	
15	2	1	93	71	1	400	0.75	0.606055	0	0	0	
15	2	1	3	72	2	0	0.01	0	75	0	1.5	
15	2	1	108	73	2	0	0.75	0	75	0	25.5	
15	2	1	184	74	1	500	0.25	0.272759	0	0	0	
15	2	1	48	75	1	400	0.95	0.981921	0	0	0	
15	2	1	328	76	1	400	0.99	0.995712	0	0	0	
15	2	1	35	77	1	600	0.6	0.573746	0	0	0	
15	2	1	254	78	1	500	0.6	0.581876	0	0	0	
15	2	1	94	79	1	500	0.75	0.615923	0	0	0	
15	2	1	140	80	2	0	0.95	0	150	0	141	
15	2	1	60	81	2	0	0.25	0	200	150	187	
15	2	1	149	82	1	500	0.75	0.661084	0	0	0	
15	2	1	173	83	1	400	0.05	0.0324663	0	0	0	
15	2	1	198	84	1	400	0.6	0.388584	0	0	0	
15	2	1	52	85	2	0	0.25	0	400	0	104	
15	2	1	118	86	2	0	0.75	0	150	100	137	
15	2	1	150	87	2	0	0.95	0	200	150	197	
15	2	1	177	88	1	300	0.1	0.0365441	0	0	0	
15	2	1	129	89	1	500	0.25	0.371605	0	0	0	
15	2	1	236	90	1	200	0.25	0.300048	0	0	0	
15	2	1	114	91	2	0	0.75	0	50	25	41.5	
15	2	1	326	92	1	200	0.99	0.956888	0	0	0	
15	2	1	120	93	2	0	0.75	0	200	150	183	
15	2	1	86	94	2	0	0.5	0	100	50	75	
15	2	1	79	95	2	0	0.5	0	100	0	50	
15	2	1	72	96	1	300	0.25	0.293365	0	0	0	
15	2	1	269	97	1	500	0.95	0.457855	0	0	0	
15	2	1	219	98	1	500	0.99	0.997162	0	0	0	
15	2	1	329	99	1	500	0.99	0.99864	0	0	0	
15	2	2	47	100	2	0	0.25	0	50	0	13	
15	2	2	174	101	1	500	0.05	0.0223689	0	0	0	
15	2	2	213	102	1	400	0.95	0.9927	0	0	0	
15	2	2	302	103	1	300	0.5	0.577382	0	0	0	
15	2	2	39	104	2	0	0.1	0	50	25	30.5	
15	2	2	88	105	2	0	0.5	0	150	100	125	
15	2	2	100	106	2	0	0.6	0	75	50	64.5	
15	2	2	78	107	1	400	0.4	0.5	0	0	0	
15	2	2	226	108	1	200	0.05	0.0164821	0	0	0	
15	2	2	139	109	1	500	0.5	0.5	0	0	0	
15	2	2	162	110	2	0	0.99	0	150	50	148	
15	2	2	14	111	1	500	0.1	0.0221876	0	0	0	
15	2	2	276	112	1	200	0.01	0.00551793	0	0	0	
15	2	2	50	113	1	600	0.95	0.995132	0	0	0	
15	2	2	26	114	2	0	0.05	0	100	50	57	
15	2	2	304	115	1	500	0.5	0.515135	0	0	0	
15	2	2	51	116	2	0	0.25	0	200	0	52	
15	2	2	71	117	1	200	0.25	0.345254	0	0	0	
15	2	2	44	118	1	500	0.9	0.911594	0	0	0	
15	2	2	136	119	2	0	0.95	0	25	0	22.5	
15	2	2	30	120	2	0	0.05	0	200	150	155	
15	2	2	63	121	1	400	0.05	0.0290651	0	0	0	
15	2	2	124	122	1	500	0.1	0.0929972	0	0	0	
15	2	2	16	123	2	0	0.05	0	25	0	2.5	
15	2	2	152	124	1	300	0.9	0.876605	0	0	0	
15	2	2	36	125	2	0	0.1	0	200	0	20	
15	2	2	31	126	1	200	0.6	0.597559	0	0	0	
15	2	2	233	127	1	400	0.1	0.0713298	0	0	0	
15	2	2	188	128	1	400	0.4	0.478067	0	0	0	
15	2	2	252	129	1	300	0.6	0.562088	0	0	0	
15	2	2	99	130	2	0	0.6	0	50	25	32.5	
15	2	2	42	131	2	0	0.1	0	150	50	60	
15	2	2	161	132	1	200	0.99	0.991391	0	0	0	
15	2	2	232	133	1	300	0.1	0.0389679	0	0	0	
15	2	2	122	134	1	300	0.1	0.0509714	0	0	0	
15	2	2	274	135	1	500	0.99	0.990855	0	0	0	
15	2	2	81	136	1	200	0.5	0.565745	0	0	0	
15	2	2	242	137	1	300	0.4	0.563163	0	0	0	
15	2	2	208	138	1	400	0.9	0.949228	0	0	0	
15	2	2	71	139	2	0	0.4	0	100	50	73	
15	2	2	96	140	2	0	0.6	0	200	0	116	
15	2	2	104	141	1	500	0.95	0.967852	0	0	0	
15	2	2	248	142	1	400	0.5	0.551597	0	0	0	
15	2	2	197	143	1	300	0.6	0.57322	0	0	0	
15	2	2	25	144	2	0	0.05	0	75	50	56.5	
15	2	2	108	145	1	400	0.99	0.989829	0	0	0	
15	2	2	12	146	2	0	0.01	0	150	50	56	
15	2	2	308	147	1	400	0.6	0.547484	0	0	0	
15	2	2	191	148	1	200	0.5	0.578855	0	0	0	
15	2	2	133	149	2	0	0.9	0	150	100	147	
15	2	2	266	150	1	200	0.95	0.980926	0	0	0	
15	2	2	29	151	1	500	0.5	0.575202	0	0	0	
15	2	2	110	152	2	0	0.75	0	150	0	99	
15	2	2	141	153	2	0	0.95	0	200	0	188	
15	2	2	87	154	2	0	0.5	0	150	50	104	
15	2	2	19	155	2	0	0.05	0	100	0	10	
15	2	2	16	156	1	200	0.25	0.338681	0	0	0	
15	2	2	161	157	2	0	0.99	0	100	50	99	
15	2	2	69	158	1	500	0.1	0.404812	0	0	0	
15	2	2	306	159	1	200	0.6	0.580849	0	0	0	
15	2	2	201	160	1	200	0.75	0.689713	0	0	0	
15	2	2	59	161	1	500	0.01	0.00705708	0	0	0	
15	2	2	87	162	1	300	0.6	0.583853	0	0	0	
15	2	2	297	163	1	300	0.4	0.463087	0	0	0	
15	2	2	10	164	2	0	0.01	0	75	50	51.5	
15	2	2	22	165	2	0	0.05	0	400	0	40	
15	2	2	113	166	1	400	0.01	0.00422646	0	0	0	
15	2	2	40	167	2	0	0.1	0	75	50	56.5	
15	2	2	52	168	1	300	0.99	0.996663	0	0	0	
15	2	2	202	169	1	300	0.75	0.755605	0	0	0	
15	2	2	144	170	1	500	0.6	0.597678	0	0	0	
15	2	2	157	171	2	0	0.99	0	400	0	392	
15	2	2	286	172	1	200	0.1	0.0239081	0	0	0	
15	2	2	277	173	1	300	0.01	0.0101221	0	0	0	
15	2	2	158	174	2	0	0.99	0	800	0	784	
15	2	2	10	175	1	600	0.05	0.0377295	0	0	0	
15	2	2	157	176	1	300	0.95	0.953655	0	0	0	
15	2	2	58	177	1	400	0.01	0.0151597	0	0	0	
15	2	2	135	178	1	600	0.4	0.521499	0	0	0	
15	2	2	130	179	2	0	0.9	0	75	50	71.5	
15	2	2	143	180	2	0	0.95	0	800	0	752	
15	2	2	241	181	1	200	0.4	0.557753	0	0	0	
15	2	2	291	182	1	200	0.25	0.404374	0	0	0	
15	2	2	278	183	1	400	0.01	0.0098877	0	0	0	
15	2	2	54	184	2	0	0.25	0	50	25	31.5	
15	2	2	162	185	1	300	0.99	0.993712	0	0	0	
15	2	2	234	186	1	500	0.1	0.125837	0	0	0	
15	2	2	80	187	1	600	0.4	0.475214	0	0	0	
15	2	2	282	188	1	300	0.05	0.0431165	0	0	0	
15	2	2	270	189	1	600	0.95	0.977892	0	0	0	
15	2	2	13	190	1	400	0.1	0.0848592	0	0	0	
15	2	2	160	191	1	600	0.95	0.96664	0	0	0	
15	2	2	48	192	2	0	0.25	0	75	0	19.5	
15	2	2	9	193	2	0	0.01	0	50	25	26.5	
15	2	2	296	194	1	200	0.4	0.478337	0	0	0	
15	2	2	322	195	1	300	0.95	0.93051	0	0	0	
15	2	2	43	196	1	400	0.9	0.898347	0	0	0	
15	2	2	194	197	1	500	0.5	0.476117	0	0	0	
15	2	2	82	198	1	300	0.5	0.522335	0	0	0	
15	2	3	141	199	1	200	0.6	0.479469	0	0	0	
15	2	3	149	200	2	0	0.95	0	200	100	194	
15	2	3	222	201	1	300	0.01	0.00952945	0	0	0	
15	2	3	68	202	2	0	0.4	0	800	0	304	
15	2	3	65	203	2	0	0.4	0	150	0	63	
15	2	3	92	204	1	300	0.75	0.822739	0	0	0	
15	2	3	180	205	1	600	0.1	0.118583	0	0	0	
15	2	3	77	206	2	0	0.5	0	50	0	25	
15	2	3	125	207	2	0	0.9	0	150	0	135	
15	2	3	230	208	1	600	0.05	0.0395428	0	0	0	
15	2	3	245	209	1	600	0.4	0.564963	0	0	0	
15	2	3	101	210	2	0	0.6	0	100	50	79	
15	2	3	227	211	1	300	0.05	0.0958455	0	0	0	
15	2	3	109	212	1	500	0.99	0.993027	0	0	0	
15	2	3	167	213	1	300	0.01	0.00666345	0	0	0	
15	2	3	231	214	1	200	0.1	0.122705	0	0	0	
15	2	3	216	215	1	200	0.99	0.98132	0	0	0	
15	2	3	154	216	2	0	0.99	0	100	0	98	
15	2	3	103	217	1	400	0.95	0.0650936	0	0	0	
15	2	3	126	218	2	0	0.9	0	200	0	180	
15	2	3	77	219	1	300	0.4	0.530411	0	0	0	
15	2	3	123	220	2	0	0.9	0	75	0	67.5	
15	2	3	27	221	2	0	0.05	0	150	50	56	
15	2	3	298	222	1	400	0.4	0.524865	0	0	0	
15	2	3	7	223	2	0	0.01	0	400	0	8	
15	2	3	23	224	1	400	0.4	0.516709	0	0	0	
15	2	3	131	225	2	0	0.9	0	100	50	99	
15	2	3	74	226	1	500	0.25	0.395303	0	0	0	
15	2	3	142	227	1	300	0.6	0.560978	0	0	0	
15	2	3	32	228	1	300	0.6	0.759828	0	0	0	
15	2	3	68	229	1	400	0.1	0.104855	0	0	0	
15	2	3	39	230	1	500	0.75	0.812987	0	0	0	
15	2	3	26	231	1	200	0.5	0.562114	0	0	0	
15	2	3	8	232	1	400	0.05	0.0554473	0	0	0	
15	2	3	165	233	1	600	0.99	0.991178	0	0	0	
15	2	3	95	234	1	600	0.75	0.842049	0	0	0	
15	2	3	200	235	1	600	0.6	0.493485	0	0	0	
15	2	3	148	236	2	0	0.95	0	150	100	145	
15	2	3	53	237	1	400	0.99	0.990192	0	0	0	
15	2	3	160	238	2	0	0.99	0	75	50	73.5	
15	2	3	316	239	1	200	0.9	0.101157	0	0	0	
15	2	3	93	240	2	0	0.6	0	75	0	43.5	
15	2	3	146	241	2	0	0.95	0	100	50	97	
15	2	3	137	242	2	0	0.95	0	50	0	47	
15	2	3	41	243	1	200	0.9	0.899002	0	0	0	
15	2	3	121	244	2	0	0.9	0	25	0	23.5	
15	2	3	170	245	1	600	0.01	0.00546486	0	0	0	
15	2	3	303	246	1	400	0.5	0.486935	0	0	0	
15	2	3	2	247	2	0	0.01	0	50	0	1	
15	2	3	315	248	1	600	0.75	0.615918	0	0	0	
15	2	3	154	249	1	500	0.9	0.902275	0	0	0	
15	2	3	2	250	1	300	0.01	0.00590714	0	0	0	
15	2	3	171	251	1	200	0.05	0.0593306	0	0	0	
15	2	3	28	252	1	400	0.5	0.585626	0	0	0	
15	2	3	13	253	2	0	0.01	0	150	100	103	
15	2	3	97	254	1	300	0.9	0.811319	0	0	0	
15	2	3	116	255	2	0	0.75	0	100	50	85	
15	2	3	285	256	1	600	0.05	0.478483	0	0	0	
15	2	3	57	257	1	300	0.01	0.00663691	0	0	0	
15	2	3	268	258	1	400	0.95	0.972133	0	0	0	
15	2	3	203	259	1	400	0.75	0.619934	0	0	0	
15	2	3	1	260	1	200	0.01	0.00699074	0	0	0	
15	2	3	65	261	1	600	0.05	0.0431076	0	0	0	
15	2	3	36	262	1	200	0.75	0.598802	0	0	0	
15	2	3	223	263	1	400	0.01	0.0179726	0	0	0	
15	2	3	295	264	1	600	0.25	0.441052	0	0	0	
15	2	3	49	265	2	0	0.25	0	100	0	30	
15	2	3	131	266	1	200	0.4	0.5	0	0	0	
15	2	3	89	267	1	500	0.6	0.548147	0	0	0	
15	2	3	127	268	2	0	0.9	0	400	0	360	
15	2	3	136	269	1	200	0.5	0.527736	0	0	0	
15	2	3	196	270	1	200	0.6	0.565551	0	0	0	
15	2	3	85	271	2	0	0.5	0	75	50	63.5	
15	2	3	310	272	1	600	0.6	0.577833	0	0	0	
15	2	3	287	273	1	300	0.1	0.0885125	0	0	0	
15	2	3	53	274	2	0	0.25	0	800	0	208	
15	2	3	66	275	2	0	0.4	0	200	0	60	
15	2	3	153	276	1	400	0.9	0.912288	0	0	0	
15	2	3	46	277	1	200	0.95	0.917945	0	0	0	
15	2	3	206	278	1	200	0.9	0.893456	0	0	0	
15	2	3	84	279	2	0	0.5	0	50	25	37.5	
15	2	3	7	280	1	300	0.05	0.0419798	0	0	0	
15	2	3	20	281	2	0	0.05	0	150	0	3	
15	2	3	172	282	1	300	0.05	0.0702594	0	0	0	
15	2	3	134	283	2	0	0.9	0	200	100	194	
15	2	3	178	284	1	400	0.1	0.110149	0	0	0	
15	2	3	70	285	2	0	0.4	0	75	50	60.5	
15	2	3	104	286	2	0	0.6	0	200	100	162	
15	2	3	6	287	2	0	0.01	0	200	0	4	
15	2	3	151	288	2	0	0.99	0	25	0	23.5	
15	2	3	98	289	1	400	0.9	0.893168	0	0	0	
15	2	3	281	290	1	200	0.05	0.08106	0	0	0	
15	2	3	42	291	1	300	0.9	0.872779	0	0	0	
15	2	3	262	292	1	300	0.9	0.847387	0	0	0	
15	2	3	289	293	1	500	0.1	0.0797951	0	0	0	
15	2	3	210	294	1	600	0.9	0.917551	0	0	0	
15	2	3	325	295	1	600	0.95	0.890802	0	0	0	
15	2	3	264	296	1	500	0.9	0.870218	0	0	0	
15	2	3	119	297	1	500	0.05	0.0861241	0	0	0	
15	2	4	78	298	2	0	0.5	0	75	0	37.5	
15	2	4	299	299	1	500	0.4	0.520434	0	0	0	
15	2	4	148	300	1	400	0.75	0.816666	0	0	0	
15	2	4	330	301	1	600	0.99	0.993146	0	0	0	
15	2	4	74	302	2	0	0.4	0	200	100	142	
15	2	4	18	303	1	400	0.25	0.439173	0	0	0	
15	2	4	139	304	2	0	0.95	0	100	0	94	
15	2	4	90	305	1	600	0.6	0.545591	0	0	0	
15	2	4	239	306	1	500	0.25	0.432822	0	0	0	
15	2	4	176	307	1	200	0.1	0.111202	0	0	0	
15	2	4	140	308	1	600	0.5	0.578545	0	0	0	
15	2	4	109	309	2	0	0.75	0	100	0	78	
15	2	4	192	310	1	300	0.5	0.596347	0	0	0	
15	2	4	249	311	1	500	0.5	0.463777	0	0	0	
15	2	4	49	312	1	500	0.95	0.979984	0	0	0	
15	2	4	244	313	1	500	0.4	0.443003	0	0	0	
15	2	4	24	314	2	0	0.05	0	50	25	28.5	
15	2	4	111	315	1	200	0.01	0.0068094	0	0	0	
15	2	4	96	316	1	200	0.9	0.963487	0	0	0	
15	2	4	57	317	2	0	0.25	0	150	50	76	
15	2	4	29	318	2	0	0.05	0	200	100	110	
15	2	4	175	319	1	600	0.05	0.0442222	0	0	0	
15	2	4	246	320	1	200	0.5	0.5477	0	0	0	
15	2	4	130	321	1	600	0.25	0.334856	0	0	0	
15	2	4	138	322	2	0	0.95	0	75	0	70.5	
15	2	4	181	323	1	200	0.25	0.245554	0	0	0	
15	2	4	146	324	1	200	0.75	0.755184	0	0	0	
15	2	4	137	325	1	300	0.5	0.531221	0	0	0	
15	2	4	250	326	1	600	0.5	0.561995	0	0	0	
15	2	4	41	327	2	0	0.1	0	100	50	55	
15	2	4	243	328	1	400	0.4	0.438469	0	0	0	
15	2	4	229	329	1	500	0.05	0.0800295	0	0	0	
15	2	4	122	330	2	0	0.9	0	50	0	47	
15	2	4	5	331	1	600	0.01	0.00855642	0	0	0	
15	2	4	34	332	1	500	0.6	0.554441	0	0	0	
15	2	4	190	333	1	600	0.4	0.476285	0	0	0	
15	2	4	113	334	2	0	0.75	0	800	0	624	
15	2	4	19	335	1	500	0.25	0.441764	0	0	0	
15	2	4	31	336	2	0	0.1	0	25	0	3.5	
15	2	4	117	337	2	0	0.75	0	150	50	124	
15	2	4	240	338	1	600	0.25	0.405625	0	0	0	
15	2	4	317	339	1	300	0.9	0.913009	0	0	0	
15	2	4	97	340	2	0	0.6	0	400	0	248	
15	2	4	251	341	1	200	0.6	0.573569	0	0	0	
15	2	4	221	342	1	200	0.01	0.00766743	0	0	0	
15	2	4	95	343	2	0	0.6	0	150	0	93	
15	2	4	62	344	2	0	0.4	0	50	0	19	
15	2	4	44	345	2	0	0.1	0	200	100	110	
15	2	4	90	346	2	0	0.5	0	200	150	175	
15	2	4	105	347	2	0	0.6	0	200	150	185	
15	2	4	62	348	1	300	0.05	0.0407458	0	0	0	
15	2	4	165	349	2	0	0.99	0	200	150	199	
15	2	4	312	350	1	300	0.75	0.644047	0	0	0	
15	2	4	256	351	1	200	0.75	0.677325	0	0	0	
15	2	4	263	352	1	400	0.9	0.882345	0	0	0	
15	2	4	212	353	1	300	0.95	0.914208	0	0	0	
15	2	4	64	354	1	500	0.05	0.0471103	0	0	0	
15	2	4	186	355	1	200	0.4	0.43245	0	0	0	
15	2	4	89	356	2	0	0.5	0	200	100	150	
15	2	4	273	357	1	400	0.99	0.997888	0	0	0	
15	2	4	54	358	1	500	0.99	0.997428	0	0	0	
15	2	4	73	359	2	0	0.4	0	150	100	119	
15	2	4	159	360	2	0	0.99	0	50	25	49.5	
15	2	4	164	361	1	500	0.99	0.994172	0	0	0	
15	2	4	75	362	2	0	0.4	0	200	150	169	
15	2	4	73	363	1	400	0.25	0.399553	0	0	0	
15	2	4	35	364	2	0	0.1	0	150	0	21	
15	2	4	84	365	1	500	0.5	0.470248	0	0	0	
15	2	4	164	366	2	0	0.99	0	200	100	198	
15	2	4	25	367	1	600	0.4	0.485573	0	0	0	
15	2	4	257	368	1	300	0.75	0.599248	0	0	0	
15	2	4	11	369	2	0	0.01	0	100	50	51	
15	2	4	111	370	2	0	0.75	0	200	0	148	
15	2	4	117	371	1	300	0.05	0.0381894	0	0	0	
15	2	4	123	372	1	400	0.1	0.0805912	0	0	0	
15	2	4	106	373	2	0	0.75	0	25	0	19.5	
15	2	4	293	374	1	400	0.25	0.466453	0	0	0	
15	2	4	56	375	2	0	0.25	0	100	50	61	
15	2	4	247	376	1	300	0.5	0.565347	0	0	0	
15	2	4	135	377	2	0	0.9	0	200	150	195	
15	2	4	126	378	1	200	0.25	0.382025	0	0	0	
15	2	4	20	379	1	600	0.25	0.401163	0	0	0	
15	2	4	116	380	1	200	0.05	0.0198745	0	0	0	
15	2	4	64	381	2	0	0.4	0	100	0	38	
15	2	4	30	382	1	600	0.5	0.574021	0	0	0	
15	2	4	5	383	2	0	0.01	0	150	0	3	
15	2	4	38	384	1	400	0.75	0.782345	0	0	0	
15	2	4	179	385	1	500	0.1	0.181781	0	0	0	
15	2	4	238	386	1	400	0.25	0.229349	0	0	0	
15	2	4	101	387	1	200	0.95	0.958812	0	0	0	
15	2	4	294	388	1	500	0.25	0.388403	0	0	0	
15	2	4	22	389	1	300	0.4	0.451092	0	0	0	
15	2	4	279	390	1	500	0.01	0.0101619	0	0	0	
15	2	4	75	391	1	600	0.25	0.390181	0	0	0	
15	2	4	56	392	1	200	0.01	0.00209466	0	0	0	
15	2	4	207	393	1	300	0.9	0.944132	0	0	0	
15	2	4	121	394	1	200	0.1	0.0605159	0	0	0	
15	2	4	107	395	1	300	0.99	0.995305	0	0	0	
15	2	4	199	396	1	500	0.6	0.540986	0	0	0	
15	2	5	6	397	1	200	0.05	0.0227095	0	0	0	
15	2	5	311	398	1	200	0.75	0.791244	0	0	0	
15	2	5	17	399	2	0	0.05	0	50	0	3	
15	2	5	309	400	1	500	0.6	0.596745	0	0	0	
15	2	5	33	401	2	0	0.1	0	75	0	10.5	
15	2	5	193	402	1	400	0.5	0.563008	0	0	0	
15	2	5	23	403	2	0	0.05	0	800	0	48	
15	2	5	182	404	1	300	0.25	0.25946	0	0	0	
15	2	5	156	405	2	0	0.99	0	200	0	196	
15	2	5	55	406	2	0	0.25	0	75	50	58.5	
15	2	5	127	407	1	300	0.25	0.367072	0	0	0	
15	2	5	8	408	2	0	0.01	0	800	0	16	
15	2	5	163	409	1	400	0.99	0.995712	0	0	0	
15	2	5	255	410	1	600	0.6	0.574193	0	0	0	
15	2	5	107	411	2	0	0.75	0	50	0	17	
15	2	5	138	412	1	400	0.5	0.530027	0	0	0	
15	2	5	4	413	2	0	0.01	0	100	0	2	
15	2	5	112	414	1	300	0.01	0.00786204	0	0	0	
15	2	5	102	415	1	300	0.95	0.979953	0	0	0	
15	2	5	34	416	2	0	0.1	0	100	0	10	
15	2	5	155	417	2	0	0.99	0	150	0	147	
15	2	5	217	418	1	300	0.99	0.991992	0	0	0	
15	2	5	305	419	1	600	0.5	0.530717	0	0	0	
15	2	5	55	420	1	600	0.99	0.995252	0	0	0	
15	2	5	284	421	1	500	0.05	0.0237489	0	0	0	
15	2	5	67	422	2	0	0.4	0	400	0	152	
15	2	5	153	423	2	0	0.99	0	75	0	73.5	
15	2	5	185	424	1	600	0.25	0.439566	0	0	0	
15	2	5	147	425	2	0	0.95	0	150	50	148	
15	2	5	85	426	1	600	0.5	0.519204	0	0	0	
15	2	5	187	427	1	300	0.4	0.5	0	0	0	
15	2	5	88	428	1	400	0.6	0.5	0	0	0	
15	2	5	267	429	1	300	0.95	0.943182	0	0	0	
15	2	5	307	430	1	300	0.6	0.574772	0	0	0	
15	2	5	15	431	2	0	0.01	0	200	150	153	
15	2	5	76	432	2	0	0.5	0	25	0	13.5	
15	2	5	301	433	1	200	0.5	0.490084	0	0	0	
15	2	5	327	434	1	300	0.99	0.990152	0	0	0	
15	2	5	32	435	2	0	0.1	0	50	0	5	
15	2	5	115	436	2	0	0.75	0	75	50	68.5	
15	2	5	319	437	1	500	0.9	0.920545	0	0	0	
15	2	5	204	438	1	500	0.75	0.492092	0	0	0	
15	2	5	324	439	1	500	0.95	0.926627	0	0	0	
15	2	5	300	440	1	600	0.4	0.475467	0	0	0	
15	2	5	69	441	2	0	0.4	0	50	25	34.5	
15	2	5	166	442	1	200	0.01	0.0177073	0	0	0	
15	2	5	292	443	1	300	0.25	0.401893	0	0	0	
15	2	5	94	444	2	0	0.6	0	100	0	58	
15	2	5	150	445	1	600	0.75	0.805945	0	0	0	
15	2	5	120	446	1	600	0.05	0.103267	0	0	0	
15	2	5	14	447	2	0	0.01	0	200	100	102	
15	2	5	228	448	1	400	0.05	0.0839658	0	0	0	
15	2	5	15	449	1	600	0.1	0.100534	0	0	0	
15	2	5	159	450	1	500	0.95	0.955464	0	0	0	
15	2	5	58	451	2	0	0.25	0	150	100	117	
15	2	5	321	452	1	200	0.95	0.929873	0	0	0	
15	2	5	125	453	1	600	0.1	0.130468	0	0	0	
15	2	5	24	454	1	500	0.4	0.486099	0	0	0	
15	2	5	59	455	2	0	0.25	0	200	100	126	
15	2	5	105	456	1	600	0.95	0.973752	0	0	0	
15	2	5	134	457	1	500	0.4	0.459049	0	0	0	
15	2	5	261	458	1	200	0.9	0.93335	0	0	0	
15	2	5	323	459	1	400	0.95	0.961275	0	0	0	
15	2	5	45	460	1	600	0.9	0.88867	0	0	0	
15	2	5	145	461	1	600	0.6	0.476501	0	0	0	
15	2	5	86	462	1	200	0.6	0.588718	0	0	0	
15	2	5	290	463	1	600	0.1	0.126292	0	0	0	
15	2	5	119	464	2	0	0.75	0	200	100	174	
15	2	5	152	465	2	0	0.99	0	50	0	49	
15	2	5	144	466	2	0	0.95	0	50	25	48.5	
15	2	5	151	467	1	200	0.9	0.87085	0	0	0	
15	2	5	288	468	1	400	0.1	0.177332	0	0	0	
15	2	5	129	469	2	0	0.9	0	50	25	47.5	
15	2	5	156	470	1	200	0.95	0.944026	0	0	0	
15	2	5	46	471	2	0	0.25	0	25	0	6.5	
15	2	5	211	472	1	200	0.95	0.934615	0	0	0	
15	2	5	132	473	1	300	0.4	0.390345	0	0	0	
15	2	5	128	474	1	400	0.25	0.437328	0	0	0	
15	2	5	114	475	1	500	0.01	0.0100071	0	0	0	
15	2	5	103	476	2	0	0.6	0	150	100	127	
15	2	5	195	477	1	600	0.5	0.58042	0	0	0	
15	2	5	102	478	2	0	0.6	0	150	50	116	
15	2	5	260	479	1	600	0.75	0.620478	0	0	0	
15	2	5	21	480	2	0	0.05	0	200	0	36	
15	2	5	18	481	2	0	0.05	0	75	0	4.5	
15	2	5	235	482	1	600	0.1	0.128902	0	0	0	
15	2	5	253	483	1	400	0.6	0.574927	0	0	0	
15	2	5	320	484	1	600	0.9	0.871372	0	0	0	
15	2	5	318	485	1	400	0.9	0.886711	0	0	0	
15	2	5	215	486	1	600	0.95	0.90373	0	0	0	
15	2	5	214	487	1	500	0.95	0.913062	0	0	0	
15	2	5	158	488	1	400	0.95	0.928055	0	0	0	
15	2	5	27	489	1	300	0.5	0.398001	0	0	0	
15	2	5	81	490	2	0	0.5	0	200	0	100	
15	2	5	66	491	1	200	0.1	0.146673	0	0	0	
15	2	5	128	492	2	0	0.9	0	800	0	720	
15	2	5	99	493	1	500	0.9	0.754119	0	0	0	
15	2	5	40	494	1	600	0.75	0.595688	0	0	0	
15	2	5	275	495	1	600	0.99	0.990059	0	0	0	
