Subject#	Session#	Block#	Stim#	Trial#	Task	Numerosity	P_true	P_reported	x1	x2	CE	
4	1	1	148	1	2	0	0.95	0	150	100	105	
4	1	1	288	2	1	400	0.1	0.0647928	0	0	0	
4	1	1	107	3	2	0	0.75	0	50	0	29	
4	1	1	15	4	1	600	0.1	0.0414402	0	0	0	
4	1	1	83	5	2	0	0.5	0	800	0	176	
4	1	1	158	6	1	400	0.95	0.96599	0	0	0	
4	1	1	181	7	1	200	0.25	0.0679772	0	0	0	
4	1	1	269	8	1	500	0.95	0.935207	0	0	0	
4	1	1	113	9	1	400	0.01	0.00747283	0	0	0	
4	1	1	267	10	1	300	0.95	0.959621	0	0	0	
4	1	1	227	11	1	300	0.05	0.0361328	0	0	0	
4	1	1	105	12	1	600	0.95	0.920346	0	0	0	
4	1	1	86	13	1	200	0.6	0.626316	0	0	0	
4	1	1	82	14	1	300	0.5	0.497877	0	0	0	
4	1	1	111	15	2	0	0.75	0	200	0	108	
4	1	1	253	16	1	400	0.6	0.637993	0	0	0	
4	1	1	144	17	2	0	0.95	0	50	25	39.5	
4	1	1	26	18	1	200	0.5	0.5	0	0	0	
4	1	1	70	19	2	0	0.4	0	75	50	59.5	
4	1	1	105	20	2	0	0.6	0	200	150	159	
4	1	1	322	21	1	300	0.95	0.955375	0	0	0	
4	1	1	257	22	1	300	0.75	0.902301	0	0	0	
4	1	1	149	23	2	0	0.95	0	200	100	134	
4	1	1	13	24	2	0	0.01	0	150	100	109	
4	1	1	35	25	2	0	0.1	0	150	0	9	
4	1	1	161	26	1	200	0.99	0.992527	0	0	0	
4	1	1	238	27	1	400	0.25	0.198539	0	0	0	
4	1	1	91	28	2	0	0.6	0	25	0	9.5	
4	1	1	162	29	1	300	0.99	0.988281	0	0	0	
4	1	1	289	30	1	500	0.1	0.147588	0	0	0	
4	1	1	115	31	1	600	0.01	0.0149032	0	0	0	
4	1	1	286	32	1	200	0.1	0.0308254	0	0	0	
4	1	1	208	33	1	400	0.9	0.963867	0	0	0	
4	1	1	209	34	1	500	0.9	0.972359	0	0	0	
4	1	1	302	35	1	300	0.5	0.530783	0	0	0	
4	1	1	240	36	1	600	0.25	0.426758	0	0	0	
4	1	1	278	37	1	400	0.01	0.0106573	0	0	0	
4	1	1	137	38	2	0	0.95	0	50	0	29	
4	1	1	103	39	1	400	0.95	0.977666	0	0	0	
4	1	1	168	40	1	400	0.01	0.00959579	0	0	0	
4	1	1	143	41	1	400	0.6	0.511676	0	0	0	
4	1	1	4	42	2	0	0.01	0	100	0	10	
4	1	1	119	43	2	0	0.75	0	200	100	146	
4	1	1	49	44	1	500	0.95	0.968113	0	0	0	
4	1	1	244	45	1	500	0.4	0.529721	0	0	0	
4	1	1	75	46	1	600	0.25	0.455418	0	0	0	
4	1	1	260	47	1	600	0.75	0.861965	0	0	0	
4	1	1	165	48	2	0	0.99	0	200	150	171	
4	1	1	2	49	2	0	0.01	0	50	0	5	
4	1	1	189	50	1	500	0.4	0.376868	0	0	0	
4	1	1	216	51	1	200	0.99	0.980851	0	0	0	
4	1	1	27	52	1	300	0.5	0.5	0	0	0	
4	1	1	43	53	1	400	0.9	0.921408	0	0	0	
4	1	1	264	54	1	500	0.9	0.870457	0	0	0	
4	1	1	315	55	1	600	0.75	0.730341	0	0	0	
4	1	1	242	56	1	300	0.4	0.574304	0	0	0	
4	1	1	95	57	1	600	0.75	0.767493	0	0	0	
4	1	1	292	58	1	300	0.25	0.312118	0	0	0	
4	1	1	163	59	2	0	0.99	0	150	100	129	
4	1	1	60	60	2	0	0.25	0	200	150	169	
4	1	1	154	61	2	0	0.99	0	100	0	30	
4	1	1	219	62	1	500	0.99	0.992527	0	0	0	
4	1	1	126	63	1	200	0.25	0.117867	0	0	0	
4	1	1	214	64	1	500	0.95	0.900178	0	0	0	
4	1	1	305	65	1	600	0.5	0.513799	0	0	0	
4	1	1	285	66	1	600	0.05	0.106191	0	0	0	
4	1	1	136	67	2	0	0.95	0	25	0	19.5	
4	1	1	236	68	1	200	0.25	0.318487	0	0	0	
4	1	1	149	69	1	500	0.75	0.852412	0	0	0	
4	1	1	133	70	2	0	0.9	0	150	100	129	
4	1	1	69	71	2	0	0.4	0	50	25	28.5	
4	1	1	129	72	2	0	0.9	0	50	25	33.5	
4	1	1	324	73	1	500	0.95	0.963867	0	0	0	
4	1	1	196	74	1	200	0.6	0.720788	0	0	0	
4	1	1	41	75	2	0	0.1	0	100	50	65	
4	1	1	63	76	2	0	0.4	0	75	0	22.5	
4	1	1	17	77	2	0	0.05	0	50	0	5	
4	1	1	254	78	1	500	0.6	0.611456	0	0	0	
4	1	1	117	79	1	300	0.05	0.0616084	0	0	0	
4	1	1	226	80	1	200	0.05	0.0658543	0	0	0	
4	1	1	16	81	2	0	0.05	0	25	0	8.5	
4	1	1	114	82	2	0	0.75	0	50	25	33.5	
4	1	1	7	83	1	300	0.05	0.0552395	0	0	0	
4	1	1	197	84	1	300	0.6	0.871518	0	0	0	
4	1	1	112	85	2	0	0.75	0	400	0	104	
4	1	1	40	86	2	0	0.1	0	75	50	58.5	
4	1	1	6	87	2	0	0.01	0	200	0	12	
4	1	1	131	88	2	0	0.9	0	100	50	65	
4	1	1	87	89	2	0	0.5	0	150	50	80	
4	1	1	138	90	1	400	0.5	0.496816	0	0	0	
4	1	1	57	91	1	300	0.01	0.0509935	0	0	0	
4	1	1	30	92	1	600	0.5	0.522291	0	0	0	
4	1	1	231	93	1	200	0.1	0.0870839	0	0	0	
4	1	1	243	94	1	400	0.4	0.505307	0	0	0	
4	1	1	210	95	1	600	0.9	0.927777	0	0	0	
4	1	1	229	96	1	500	0.05	0.0754076	0	0	0	
4	1	1	79	97	1	500	0.4	0.497877	0	0	0	
4	1	1	68	98	1	400	0.1	0.0382558	0	0	0	
4	1	1	112	99	1	300	0.01	0.023395	0	0	0	
4	1	2	151	100	1	200	0.9	0.849227	0	0	0	
4	1	2	42	101	2	0	0.1	0	150	50	80	
4	1	2	24	102	1	500	0.4	0.485139	0	0	0	
4	1	2	20	103	1	600	0.25	0.452233	0	0	0	
4	1	2	77	104	1	300	0.4	0.504246	0	0	0	
4	1	2	98	105	1	400	0.9	0.922469	0	0	0	
4	1	2	87	106	1	300	0.6	0.763247	0	0	0	
4	1	2	134	107	2	0	0.9	0	200	100	150	
4	1	2	3	108	2	0	0.01	0	75	0	19.5	
4	1	2	36	109	1	200	0.75	0.838612	0	0	0	
4	1	2	128	110	1	400	0.25	0.175187	0	0	0	
4	1	2	252	111	1	300	0.6	0.654976	0	0	0	
4	1	2	85	112	2	0	0.5	0	75	50	55.5	
4	1	2	147	113	2	0	0.95	0	150	50	100	
4	1	2	248	114	1	400	0.5	0.767493	0	0	0	
4	1	2	162	115	2	0	0.99	0	150	50	104	
4	1	2	48	116	2	0	0.25	0	75	0	19.5	
4	1	2	311	117	1	200	0.75	0.911855	0	0	0	
4	1	2	40	118	1	600	0.75	0.928838	0	0	0	
4	1	2	41	119	1	200	0.9	0.970236	0	0	0	
4	1	2	256	120	1	200	0.75	0.899117	0	0	0	
4	1	2	42	121	1	300	0.9	0.920346	0	0	0	
4	1	2	193	122	1	400	0.5	0.63587	0	0	0	
4	1	2	125	123	2	0	0.9	0	150	0	81	
4	1	2	211	124	1	200	0.95	0.967052	0	0	0	
4	1	2	124	125	1	500	0.1	0.0297639	0	0	0	
4	1	2	199	126	1	500	0.6	0.832244	0	0	0	
4	1	2	159	127	1	500	0.95	0.90124	0	0	0	
4	1	2	228	128	1	400	0.05	0.025518	0	0	0	
4	1	2	127	129	2	0	0.9	0	400	0	200	
4	1	2	22	130	1	300	0.4	0.422512	0	0	0	
4	1	2	298	131	1	400	0.4	0.505307	0	0	0	
4	1	2	21	132	2	0	0.05	0	200	0	12	
4	1	2	184	133	1	500	0.25	0.5	0	0	0	
4	1	2	290	134	1	600	0.1	0.295134	0	0	0	
4	1	2	32	135	1	300	0.6	0.701681	0	0	0	
4	1	2	157	136	1	300	0.95	0.896994	0	0	0	
4	1	2	34	137	1	500	0.6	0.630562	0	0	0	
4	1	2	116	138	2	0	0.75	0	100	50	65	
4	1	2	106	139	1	200	0.99	0.995712	0	0	0	
4	1	2	14	140	1	500	0.1	0.105129	0	0	0	
4	1	2	54	141	1	500	0.99	0.985097	0	0	0	
4	1	2	51	142	1	200	0.99	0.99465	0	0	0	
4	1	2	2	143	1	300	0.01	0.0127802	0	0	0	
4	1	2	301	144	1	200	0.5	0.498939	0	0	0	
4	1	2	12	145	1	300	0.1	0.253736	0	0	0	
4	1	2	27	146	2	0	0.05	0	150	50	80	
4	1	2	108	147	1	400	0.99	0.979789	0	0	0	
4	1	2	5	148	1	600	0.01	0.0223336	0	0	0	
4	1	2	110	149	2	0	0.75	0	150	0	45	
4	1	2	57	150	2	0	0.25	0	150	50	60	
4	1	2	187	151	1	300	0.4	0.642238	0	0	0	
4	1	2	75	152	2	0	0.4	0	200	150	163	
4	1	2	232	153	1	300	0.1	0.0329484	0	0	0	
4	1	2	45	154	2	0	0.1	0	200	150	167	
4	1	2	1	155	2	0	0.01	0	25	0	9.5	
4	1	2	156	156	1	200	0.95	0.934146	0	0	0	
4	1	2	16	157	1	200	0.25	0.17731	0	0	0	
4	1	2	37	158	2	0	0.1	0	400	0	40	
4	1	2	108	159	2	0	0.75	0	75	0	40.5	
4	1	2	123	160	1	400	0.1	0.0775306	0	0	0	
4	1	2	58	161	1	400	0.01	0.0127802	0	0	0	
4	1	2	15	162	2	0	0.01	0	200	150	175	
4	1	2	139	163	2	0	0.95	0	100	0	54	
4	1	2	73	164	1	400	0.25	0.5	0	0	0	
4	1	2	280	165	1	600	0.01	0.027641	0	0	0	
4	1	2	291	166	1	200	0.25	0.114682	0	0	0	
4	1	2	127	167	1	300	0.25	0.324856	0	0	0	
4	1	2	107	168	1	300	0.99	0.980851	0	0	0	
4	1	2	223	169	1	400	0.01	0.0138417	0	0	0	
4	1	2	86	170	2	0	0.5	0	100	50	65	
4	1	2	312	171	1	300	0.75	0.860904	0	0	0	
4	1	2	54	172	2	0	0.25	0	50	25	37.5	
4	1	2	195	173	1	600	0.5	0.498939	0	0	0	
4	1	2	148	174	1	400	0.75	0.861965	0	0	0	
4	1	2	10	175	2	0	0.01	0	75	50	56.5	
4	1	2	18	176	2	0	0.05	0	75	0	19.5	
4	1	2	48	177	1	400	0.95	0.959621	0	0	0	
4	1	2	275	178	1	600	0.99	0.96599	0	0	0	
4	1	2	43	179	2	0	0.1	0	150	100	125	
4	1	2	66	180	1	200	0.1	0.0393173	0	0	0	
4	1	2	73	181	2	0	0.4	0	150	100	127	
4	1	2	46	182	2	0	0.25	0	25	0	12.5	
4	1	2	67	183	1	300	0.1	0.0350713	0	0	0	
4	1	2	30	184	2	0	0.05	0	200	150	161	
4	1	2	186	185	1	200	0.4	0.196416	0	0	0	
4	1	2	103	186	2	0	0.6	0	150	100	115	
4	1	2	61	187	1	200	0.05	0.027641	0	0	0	
4	1	2	279	188	1	500	0.01	0.0350713	0	0	0	
4	1	2	98	189	2	0	0.6	0	800	0	240	
4	1	2	140	190	1	600	0.5	0.698497	0	0	0	
4	1	2	20	191	2	0	0.05	0	150	0	15	
4	1	2	90	192	2	0	0.5	0	200	150	165	
4	1	2	320	193	1	600	0.9	0.940515	0	0	0	
4	1	2	179	194	1	500	0.1	0.110436	0	0	0	
4	1	2	144	195	1	500	0.6	0.835428	0	0	0	
4	1	2	176	196	1	200	0.1	0.0403787	0	0	0	
4	1	2	178	197	1	400	0.1	0.0987602	0	0	0	
4	1	2	314	198	1	500	0.75	0.907609	0	0	0	
4	1	3	277	199	1	300	0.01	0.0202106	0	0	0	
4	1	3	77	200	2	0	0.5	0	50	0	25	
4	1	3	306	201	1	200	0.6	0.659222	0	0	0	
4	1	3	88	202	1	400	0.6	0.537152	0	0	0	
4	1	3	172	203	1	300	0.05	0.0998217	0	0	0	
4	1	3	12	204	2	0	0.01	0	150	50	60	
4	1	3	160	205	2	0	0.99	0	75	50	61.5	
4	1	3	262	206	1	300	0.9	0.903363	0	0	0	
4	1	3	308	207	1	400	0.6	0.728218	0	0	0	
4	1	3	225	208	1	600	0.01	0.0138417	0	0	0	
4	1	3	56	209	2	0	0.25	0	100	50	65	
4	1	3	33	210	1	400	0.6	0.825875	0	0	0	
4	1	3	133	211	1	400	0.4	0.570058	0	0	0	
4	1	3	249	212	1	500	0.5	0.597656	0	0	0	
4	1	3	63	213	1	400	0.05	0.0594854	0	0	0	
4	1	3	96	214	1	200	0.9	0.90867	0	0	0	
4	1	3	62	215	2	0	0.4	0	50	0	23	
4	1	3	296	216	1	200	0.4	0.40659	0	0	0	
4	1	3	72	217	1	300	0.25	0.300442	0	0	0	
4	1	3	234	218	1	500	0.1	0.207031	0	0	0	
4	1	3	295	219	1	600	0.25	0.443742	0	0	0	
4	1	3	271	220	1	200	0.99	0.961744	0	0	0	
4	1	3	116	221	1	200	0.05	0.052055	0	0	0	
4	1	3	96	222	2	0	0.6	0	200	0	60	
4	1	3	60	223	1	600	0.01	0.0393173	0	0	0	
4	1	3	273	224	1	400	0.99	0.971298	0	0	0	
4	1	3	44	225	2	0	0.1	0	200	100	126	
4	1	3	135	226	2	0	0.9	0	200	150	165	
4	1	3	50	227	2	0	0.25	0	150	0	39	
4	1	3	67	228	2	0	0.4	0	400	0	88	
4	1	3	132	229	1	300	0.4	0.696374	0	0	0	
4	1	3	222	230	1	300	0.01	0.0170262	0	0	0	
4	1	3	152	231	1	300	0.9	0.96599	0	0	0	
4	1	3	163	232	1	400	0.99	0.978728	0	0	0	
4	1	3	70	233	1	600	0.1	0.134851	0	0	0	
4	1	3	268	234	1	400	0.95	0.918224	0	0	0	
4	1	3	111	235	1	200	0.01	0.0509935	0	0	0	
4	1	3	5	236	2	0	0.01	0	150	0	15	
4	1	3	110	237	1	600	0.99	0.977666	0	0	0	
4	1	3	255	238	1	600	0.6	0.595533	0	0	0	
4	1	3	212	239	1	300	0.95	0.916101	0	0	0	
4	1	3	55	240	1	600	0.99	0.93733	0	0	0	
4	1	3	165	241	1	600	0.99	0.924592	0	0	0	
4	1	3	118	242	2	0	0.75	0	150	100	129	
4	1	3	74	243	2	0	0.4	0	200	100	130	
4	1	3	218	244	1	400	0.99	0.963867	0	0	0	
4	1	3	22	245	2	0	0.05	0	400	0	24	
4	1	3	188	246	1	400	0.4	0.488324	0	0	0	
4	1	3	51	247	2	0	0.25	0	200	0	52	
4	1	3	261	248	1	200	0.9	0.5	0	0	0	
4	1	3	141	249	1	200	0.6	0.591287	0	0	0	
4	1	3	35	250	1	600	0.6	0.561566	0	0	0	
4	1	3	140	251	2	0	0.95	0	150	0	81	
4	1	3	79	252	2	0	0.5	0	100	0	30	
4	1	3	99	253	1	500	0.9	0.942638	0	0	0	
4	1	3	150	254	1	600	0.75	0.797215	0	0	0	
4	1	3	59	255	1	500	0.01	0.0180876	0	0	0	
4	1	3	304	256	1	500	0.5	0.661345	0	0	0	
4	1	3	230	257	1	600	0.05	0.0775306	0	0	0	
4	1	3	283	258	1	400	0.05	0.082838	0	0	0	
4	1	3	91	259	1	200	0.75	0.790846	0	0	0	
4	1	3	19	260	1	500	0.25	0.5	0	0	0	
4	1	3	329	261	1	500	0.99	0.538213	0	0	0	
4	1	3	17	262	1	300	0.25	0.317425	0	0	0	
4	1	3	151	263	2	0	0.99	0	25	0	19.5	
4	1	3	97	264	2	0	0.6	0	400	0	104	
4	1	3	94	265	2	0	0.6	0	100	0	30	
4	1	3	152	266	2	0	0.99	0	50	0	39	
4	1	3	258	267	1	400	0.75	0.782354	0	0	0	
4	1	3	220	268	1	600	0.99	0.920346	0	0	0	
4	1	3	190	269	1	600	0.4	0.540336	0	0	0	
4	1	3	224	270	1	500	0.01	0.0414402	0	0	0	
4	1	3	143	271	2	0	0.95	0	800	0	208	
4	1	3	47	272	2	0	0.25	0	50	0	15	
4	1	3	135	273	1	600	0.4	0.5	0	0	0	
4	1	3	18	274	1	400	0.25	0.404467	0	0	0	
4	1	3	147	275	1	300	0.75	0.865149	0	0	0	
4	1	3	80	276	2	0	0.5	0	150	0	51	
4	1	3	38	277	2	0	0.1	0	800	0	80	
4	1	3	7	278	2	0	0.01	0	400	0	40	
4	1	3	69	279	1	500	0.1	0.150773	0	0	0	
4	1	3	33	280	2	0	0.1	0	75	0	19.5	
4	1	3	97	281	1	300	0.9	0.891686	0	0	0	
4	1	3	36	282	2	0	0.1	0	200	0	52	
4	1	3	92	283	2	0	0.6	0	50	0	25	
4	1	3	94	284	1	500	0.75	0.881072	0	0	0	
4	1	3	109	285	2	0	0.75	0	100	0	30	
4	1	3	327	286	1	300	0.99	0.984035	0	0	0	
4	1	3	65	287	1	600	0.05	0.108314	0	0	0	
4	1	3	241	288	1	200	0.4	0.466033	0	0	0	
4	1	3	251	289	1	200	0.6	0.502123	0	0	0	
4	1	3	92	290	1	300	0.75	0.439496	0	0	0	
4	1	3	134	291	1	500	0.4	0.553074	0	0	0	
4	1	3	52	292	2	0	0.25	0	400	0	88	
4	1	3	101	293	1	200	0.95	0.957498	0	0	0	
4	1	3	68	294	2	0	0.4	0	800	0	80	
4	1	3	74	295	1	500	0.25	0.423573	0	0	0	
4	1	3	85	296	1	600	0.5	0.504246	0	0	0	
4	1	3	138	297	2	0	0.95	0	75	0	40.5	
4	1	4	128	298	2	0	0.9	0	800	0	208	
4	1	4	11	299	1	200	0.1	0.101945	0	0	0	
4	1	4	78	300	2	0	0.5	0	75	0	37.5	
4	1	4	316	301	1	200	0.9	0.839674	0	0	0	
4	1	4	263	302	1	400	0.9	0.930961	0	0	0	
4	1	4	293	303	1	400	0.25	0.196416	0	0	0	
4	1	4	100	304	2	0	0.6	0	75	50	63.5	
4	1	4	59	305	2	0	0.25	0	200	100	130	
4	1	4	100	306	1	600	0.9	0.900178	0	0	0	
4	1	4	49	307	2	0	0.25	0	100	0	50	
4	1	4	175	308	1	600	0.05	0.0478091	0	0	0	
4	1	4	104	309	1	500	0.95	0.915039	0	0	0	
4	1	4	299	310	1	500	0.4	0.498939	0	0	0	
4	1	4	21	311	1	200	0.4	0.583857	0	0	0	
4	1	4	281	312	1	200	0.05	0.052055	0	0	0	
4	1	4	102	313	1	300	0.95	0.941576	0	0	0	
4	1	4	233	314	1	400	0.1	0.0573624	0	0	0	
4	1	4	115	315	2	0	0.75	0	75	50	57.5	
4	1	4	28	316	2	0	0.05	0	150	100	123	
4	1	4	53	317	2	0	0.25	0	800	0	208	
4	1	4	34	318	2	0	0.1	0	100	0	26	
4	1	4	325	319	1	600	0.95	0.861965	0	0	0	
4	1	4	89	320	2	0	0.5	0	200	100	130	
4	1	4	169	321	1	500	0.01	0.0531165	0	0	0	
4	1	4	8	322	2	0	0.01	0	800	0	48	
4	1	4	64	323	2	0	0.4	0	100	0	38	
4	1	4	117	324	2	0	0.75	0	150	50	80	
4	1	4	55	325	2	0	0.25	0	75	50	63.5	
4	1	4	203	326	1	400	0.75	0.912916	0	0	0	
4	1	4	76	327	2	0	0.5	0	25	0	13.5	
4	1	4	120	328	2	0	0.75	0	200	150	163	
4	1	4	113	329	2	0	0.75	0	800	0	208	
4	1	4	29	330	2	0	0.05	0	200	100	134	
4	1	4	154	331	1	500	0.9	0.920346	0	0	0	
4	1	4	71	332	1	200	0.25	0.111498	0	0	0	
4	1	4	130	333	1	600	0.25	0.168818	0	0	0	
4	1	4	95	334	2	0	0.6	0	150	0	87	
4	1	4	122	335	2	0	0.9	0	50	0	27	
4	1	4	53	336	1	400	0.99	0.969175	0	0	0	
4	1	4	121	337	1	200	0.1	0.0393173	0	0	0	
4	1	4	29	338	1	500	0.5	0.43525	0	0	0	
4	1	4	9	339	1	500	0.05	0.0297639	0	0	0	
4	1	4	185	340	1	600	0.25	0.386422	0	0	0	
4	1	4	109	341	1	500	0.99	0.330163	0	0	0	
4	1	4	137	342	1	300	0.5	0.515922	0	0	0	
4	1	4	141	343	2	0	0.95	0	200	0	108	
4	1	4	123	344	2	0	0.9	0	75	0	55.5	
4	1	4	272	345	1	300	0.99	0.96599	0	0	0	
4	1	4	1	346	1	200	0.01	0.0764691	0	0	0	
4	1	4	114	347	1	500	0.01	0.0361328	0	0	0	
4	1	4	207	348	1	300	0.9	0.925654	0	0	0	
4	1	4	25	349	1	600	0.4	0.542459	0	0	0	
4	1	4	318	350	1	400	0.9	0.891686	0	0	0	
4	1	4	9	351	2	0	0.01	0	50	25	33.5	
4	1	4	206	352	1	200	0.9	0.915039	0	0	0	
4	1	4	28	353	1	400	0.5	0.58598	0	0	0	
4	1	4	198	354	1	400	0.6	0.646484	0	0	0	
4	1	4	78	355	1	400	0.4	0.646484	0	0	0	
4	1	4	125	356	1	600	0.1	0.117867	0	0	0	
4	1	4	38	357	1	400	0.75	0.863026	0	0	0	
4	1	4	246	358	1	200	0.5	0.503184	0	0	0	
4	1	4	76	359	1	200	0.4	0.5	0	0	0	
4	1	4	32	360	2	0	0.1	0	50	0	17	
4	1	4	319	361	1	500	0.9	0.905486	0	0	0	
4	1	4	313	362	1	400	0.75	0.855596	0	0	0	
4	1	4	56	363	1	200	0.01	0.0371943	0	0	0	
4	1	4	62	364	1	300	0.05	0.0499321	0	0	0	
4	1	4	50	365	1	600	0.95	0.930961	0	0	0	
4	1	4	153	366	1	400	0.9	0.881072	0	0	0	
4	1	4	161	367	2	0	0.99	0	100	50	89	
4	1	4	31	368	1	200	0.6	0.505307	0	0	0	
4	1	4	180	369	1	600	0.1	0.289827	0	0	0	
4	1	4	167	370	1	300	0.01	0.0318869	0	0	0	
4	1	4	102	371	2	0	0.6	0	150	50	84	
4	1	4	310	372	1	600	0.6	0.856658	0	0	0	
4	1	4	58	373	2	0	0.25	0	150	100	125	
4	1	4	330	374	1	600	0.99	0.956437	0	0	0	
4	1	4	142	375	2	0	0.95	0	400	0	216	
4	1	4	200	376	1	600	0.6	0.637993	0	0	0	
4	1	4	266	377	1	200	0.95	0.922469	0	0	0	
4	1	4	121	378	2	0	0.9	0	25	0	14.5	
4	1	4	328	379	1	400	0.99	0.9299	0	0	0	
4	1	4	52	380	1	300	0.99	0.984035	0	0	0	
4	1	4	122	381	1	300	0.1	0.0382558	0	0	0	
4	1	4	201	382	1	200	0.75	0.856658	0	0	0	
4	1	4	159	383	2	0	0.99	0	50	25	32.5	
4	1	4	194	384	1	500	0.5	0.50743	0	0	0	
4	1	4	37	385	1	300	0.75	0.484078	0	0	0	
4	1	4	215	386	1	600	0.95	0.907609	0	0	0	
4	1	4	259	387	1	500	0.75	0.877887	0	0	0	
4	1	4	99	388	2	0	0.6	0	50	25	32.5	
4	1	4	90	389	1	600	0.6	0.698497	0	0	0	
4	1	4	72	390	2	0	0.4	0	150	50	76	
4	1	4	174	391	1	500	0.05	0.0849609	0	0	0	
4	1	4	89	392	1	500	0.6	0.856658	0	0	0	
4	1	4	274	393	1	500	0.99	0.904424	0	0	0	
4	1	4	11	394	2	0	0.01	0	100	50	63	
4	1	4	250	395	1	600	0.5	0.488324	0	0	0	
4	1	4	44	396	1	500	0.9	0.912916	0	0	0	
4	1	5	191	397	1	200	0.5	0.560504	0	0	0	
4	1	5	104	398	2	0	0.6	0	200	100	130	
4	1	5	235	399	1	600	0.1	0.0945143	0	0	0	
4	1	5	39	400	2	0	0.1	0	50	25	32.5	
4	1	5	139	401	1	500	0.5	0.847104	0	0	0	
4	1	5	158	402	2	0	0.99	0	800	0	208	
4	1	5	25	403	2	0	0.05	0	75	50	57.5	
4	1	5	31	404	2	0	0.1	0	25	0	11.5	
4	1	5	145	405	2	0	0.95	0	75	50	62.5	
4	1	5	287	406	1	300	0.1	0.0626698	0	0	0	
4	1	5	71	407	2	0	0.4	0	100	50	63	
4	1	5	156	408	2	0	0.99	0	200	0	156	
4	1	5	132	409	2	0	0.9	0	150	50	108	
4	1	5	81	410	2	0	0.5	0	200	0	44	
4	1	5	164	411	1	500	0.99	0.975543	0	0	0	
4	1	5	307	412	1	300	0.6	0.673021	0	0	0	
4	1	5	276	413	1	200	0.01	0.0180876	0	0	0	
4	1	5	213	414	1	400	0.95	0.946883	0	0	0	
4	1	5	155	415	1	600	0.9	0.760063	0	0	0	
4	1	5	64	416	1	500	0.05	0.0361328	0	0	0	
4	1	5	265	417	1	600	0.9	0.964929	0	0	0	
4	1	5	284	418	1	500	0.05	0.0329484	0	0	0	
4	1	5	80	419	1	600	0.4	0.469217	0	0	0	
4	1	5	136	420	1	200	0.5	0.606148	0	0	0	
4	1	5	183	421	1	400	0.25	0.394913	0	0	0	
4	1	5	221	422	1	200	0.01	0.0138417	0	0	0	
4	1	5	182	423	1	300	0.25	0.238876	0	0	0	
4	1	5	170	424	1	600	0.01	0.0393173	0	0	0	
4	1	5	6	425	1	200	0.05	0.0265795	0	0	0	
4	1	5	202	426	1	300	0.75	0.904424	0	0	0	
4	1	5	129	427	1	500	0.25	0.150773	0	0	0	
4	1	5	164	428	2	0	0.99	0	200	100	174	
4	1	5	118	429	1	400	0.05	0.0616084	0	0	0	
4	1	5	245	430	1	600	0.4	0.726095	0	0	0	
4	1	5	160	431	1	600	0.95	0.871518	0	0	0	
4	1	5	270	432	1	600	0.95	0.909732	0	0	0	
4	1	5	66	433	2	0	0.4	0	200	0	68	
4	1	5	294	434	1	500	0.25	0.150773	0	0	0	
4	1	5	88	435	2	0	0.5	0	150	100	127	
4	1	5	23	436	2	0	0.05	0	800	0	208	
4	1	5	13	437	1	400	0.1	0.0881454	0	0	0	
4	1	5	93	438	2	0	0.6	0	75	0	37.5	
4	1	5	65	439	2	0	0.4	0	150	0	45	
4	1	5	145	440	1	600	0.6	0.766432	0	0	0	
4	1	5	323	441	1	400	0.95	0.876826	0	0	0	
4	1	5	126	442	2	0	0.9	0	200	0	100	
4	1	5	93	443	1	400	0.75	0.904424	0	0	0	
4	1	5	192	444	1	300	0.5	0.469217	0	0	0	
4	1	5	84	445	2	0	0.5	0	50	25	37.5	
4	1	5	204	446	1	500	0.75	0.864088	0	0	0	
4	1	5	82	447	2	0	0.5	0	400	0	120	
4	1	5	39	448	1	500	0.75	0.912916	0	0	0	
4	1	5	155	449	2	0	0.99	0	150	0	117	
4	1	5	282	450	1	300	0.05	0.0775306	0	0	0	
4	1	5	10	451	1	600	0.05	0.0403787	0	0	0	
4	1	5	120	452	1	600	0.05	0.0679772	0	0	0	
4	1	5	142	453	1	300	0.6	0.629501	0	0	0	
4	1	5	130	454	2	0	0.9	0	75	50	64.5	
4	1	5	3	455	1	400	0.01	0.0329484	0	0	0	
4	1	5	84	456	1	500	0.5	0.674083	0	0	0	
4	1	5	317	457	1	300	0.9	0.90124	0	0	0	
4	1	5	247	458	1	300	0.5	0.556258	0	0	0	
4	1	5	46	459	1	200	0.95	0.910793	0	0	0	
4	1	5	131	460	1	200	0.4	0.542459	0	0	0	
4	1	5	81	461	1	200	0.5	0.486201	0	0	0	
4	1	5	297	462	1	300	0.4	0.5	0	0	0	
4	1	5	8	463	1	400	0.05	0.0340099	0	0	0	
4	1	5	24	464	2	0	0.05	0	50	25	32.5	
4	1	5	239	465	1	500	0.25	0.323794	0	0	0	
4	1	5	45	466	1	600	0.9	0.871518	0	0	0	
4	1	5	146	467	1	200	0.75	0.849227	0	0	0	
4	1	5	14	468	2	0	0.01	0	200	100	126	
4	1	5	26	469	2	0	0.05	0	100	50	63	
4	1	5	303	470	1	400	0.5	0.50743	0	0	0	
4	1	5	83	471	1	400	0.5	0.552013	0	0	0	
4	1	5	309	472	1	500	0.6	0.595533	0	0	0	
4	1	5	23	473	1	400	0.4	0.5	0	0	0	
4	1	5	4	474	1	500	0.01	0.0329484	0	0	0	
4	1	5	171	475	1	200	0.05	0.0499321	0	0	0	
4	1	5	205	476	1	600	0.75	0.875764	0	0	0	
4	1	5	300	477	1	600	0.4	0.687882	0	0	0	
4	1	5	146	478	2	0	0.95	0	100	50	77	
4	1	5	173	479	1	400	0.05	0.0605469	0	0	0	
4	1	5	326	480	1	200	0.99	0.924592	0	0	0	
4	1	5	47	481	1	300	0.95	0.923531	0	0	0	
4	1	5	166	482	1	200	0.01	0.0212721	0	0	0	
4	1	5	61	483	2	0	0.4	0	25	0	13.5	
4	1	5	237	484	1	300	0.25	0.0467476	0	0	0	
4	1	5	19	485	2	0	0.05	0	100	0	10	
4	1	5	106	486	2	0	0.75	0	25	0	11.5	
4	1	5	153	487	2	0	0.99	0	75	0	58.5	
4	1	5	157	488	2	0	0.99	0	400	0	216	
4	1	5	150	489	2	0	0.95	0	200	150	175	
4	1	5	217	490	1	300	0.99	0.976605	0	0	0	
4	1	5	119	491	1	500	0.05	0.0350713	0	0	0	
4	1	5	124	492	2	0	0.9	0	100	0	50	
4	1	5	321	493	1	200	0.95	0.943699	0	0	0	
4	1	5	177	494	1	300	0.1	0.0647928	0	0	0	
4	1	5	101	495	2	0	0.6	0	100	50	65	
4	2	1	81	1	1	200	0.5	0.497877	0	0	0	
4	2	1	49	2	1	500	0.95	0.903363	0	0	0	
4	2	1	159	3	1	500	0.95	0.906547	0	0	0	
4	2	1	60	4	1	600	0.01	0.0329484	0	0	0	
4	2	1	148	5	2	0	0.95	0	150	100	125	
4	2	1	147	6	1	300	0.75	0.694251	0	0	0	
4	2	1	257	7	1	300	0.75	0.720788	0	0	0	
4	2	1	160	8	1	600	0.95	0.896994	0	0	0	
4	2	1	11	9	2	0	0.01	0	100	50	55	
4	2	1	95	10	1	600	0.75	0.743079	0	0	0	
4	2	1	72	11	2	0	0.4	0	150	50	80	
4	2	1	235	12	1	600	0.1	0.027641	0	0	0	
4	2	1	326	13	1	200	0.99	0.980851	0	0	0	
4	2	1	226	14	1	200	0.05	0.0138417	0	0	0	
4	2	1	238	15	1	400	0.25	0.0690387	0	0	0	
4	2	1	301	16	1	200	0.5	0.434188	0	0	0	
4	2	1	313	17	1	400	0.75	0.903363	0	0	0	
4	2	1	310	18	1	600	0.6	0.55732	0	0	0	
4	2	1	207	19	1	300	0.9	0.964929	0	0	0	
4	2	1	208	20	1	400	0.9	0.921408	0	0	0	
4	2	1	89	21	2	0	0.5	0	200	100	130	
4	2	1	124	22	1	500	0.1	0.0212721	0	0	0	
4	2	1	125	23	2	0	0.9	0	150	0	81	
4	2	1	19	24	2	0	0.05	0	100	0	10	
4	2	1	74	25	2	0	0.4	0	200	100	126	
4	2	1	47	26	2	0	0.25	0	50	0	13	
4	2	1	126	27	2	0	0.9	0	200	0	108	
4	2	1	79	28	2	0	0.5	0	100	0	34	
4	2	1	141	29	2	0	0.95	0	200	0	100	
4	2	1	109	30	2	0	0.75	0	100	0	54	
4	2	1	73	31	2	0	0.4	0	150	100	125	
4	2	1	144	32	2	0	0.95	0	50	25	32.5	
4	2	1	77	33	2	0	0.5	0	50	0	15	
4	2	1	296	34	1	200	0.4	0.103006	0	0	0	
4	2	1	96	35	2	0	0.6	0	200	0	60	
4	2	1	144	36	1	500	0.6	0.875764	0	0	0	
4	2	1	143	37	1	400	0.6	0.62207	0	0	0	
4	2	1	245	38	1	600	0.4	0.455418	0	0	0	
4	2	1	200	39	1	600	0.6	0.561566	0	0	0	
4	2	1	173	40	1	400	0.05	0.0711617	0	0	0	
4	2	1	26	41	2	0	0.05	0	100	50	63	
4	2	1	165	42	2	0	0.99	0	200	150	179	
4	2	1	322	43	1	300	0.95	0.945822	0	0	0	
4	2	1	184	44	1	500	0.25	0.108314	0	0	0	
4	2	1	320	45	1	600	0.9	0.921408	0	0	0	
4	2	1	161	46	2	0	0.99	0	100	50	79	
4	2	1	11	47	1	200	0.1	0.101945	0	0	0	
4	2	1	17	48	1	300	0.25	0.277089	0	0	0	
4	2	1	164	49	1	500	0.99	0.982974	0	0	0	
4	2	1	177	50	1	300	0.1	0.0223336	0	0	0	
4	2	1	36	51	1	200	0.75	0.910793	0	0	0	
4	2	1	61	52	1	200	0.05	0.0308254	0	0	0	
4	2	1	158	53	2	0	0.99	0	800	0	464	
4	2	1	71	54	2	0	0.4	0	100	50	63	
4	2	1	298	55	1	400	0.4	0.501061	0	0	0	
4	2	1	170	56	1	600	0.01	0.0499321	0	0	0	
4	2	1	97	57	1	300	0.9	0.906547	0	0	0	
4	2	1	102	58	1	300	0.95	0.945822	0	0	0	
4	2	1	285	59	1	600	0.05	0.0488706	0	0	0	
4	2	1	38	60	1	400	0.75	0.90867	0	0	0	
4	2	1	300	61	1	600	0.4	0.483016	0	0	0	
4	2	1	38	62	2	0	0.1	0	800	0	80	
4	2	1	118	63	2	0	0.75	0	150	100	115	
4	2	1	163	64	1	400	0.99	0.961744	0	0	0	
4	2	1	133	65	1	400	0.4	0.426758	0	0	0	
4	2	1	19	66	1	500	0.25	0.393852	0	0	0	
4	2	1	50	67	1	600	0.95	0.950068	0	0	0	
4	2	1	135	68	1	600	0.4	0.502123	0	0	0	
4	2	1	97	69	2	0	0.6	0	400	0	88	
4	2	1	33	70	2	0	0.1	0	75	0	22.5	
4	2	1	196	71	1	200	0.6	0.861965	0	0	0	
4	2	1	63	72	2	0	0.4	0	75	0	25.5	
4	2	1	103	73	2	0	0.6	0	150	100	113	
4	2	1	206	74	1	200	0.9	0.906547	0	0	0	
4	2	1	205	75	1	600	0.75	0.855596	0	0	0	
4	2	1	77	76	1	300	0.4	0.5	0	0	0	
4	2	1	80	77	1	600	0.4	0.418266	0	0	0	
4	2	1	171	78	1	200	0.05	0.100883	0	0	0	
4	2	1	129	79	1	500	0.25	0.298319	0	0	0	
4	2	1	101	80	1	200	0.95	0.895932	0	0	0	
4	2	1	152	81	1	300	0.9	0.902301	0	0	0	
4	2	1	116	82	1	200	0.05	0.0923913	0	0	0	
4	2	1	69	83	2	0	0.4	0	50	25	32.5	
4	2	1	146	84	1	200	0.75	0.855596	0	0	0	
4	2	1	302	85	1	300	0.5	0.644361	0	0	0	
4	2	1	314	86	1	500	0.75	0.800399	0	0	0	
4	2	1	49	87	2	0	0.25	0	100	0	30	
4	2	1	127	88	1	300	0.25	0.0531165	0	0	0	
4	2	1	94	89	1	500	0.75	0.881072	0	0	0	
4	2	1	150	90	2	0	0.95	0	200	150	165	
4	2	1	153	91	1	400	0.9	0.899117	0	0	0	
4	2	1	156	92	1	200	0.95	0.907609	0	0	0	
4	2	1	84	93	2	0	0.5	0	50	25	32.5	
4	2	1	18	94	2	0	0.05	0	75	0	19.5	
4	2	1	258	95	1	400	0.75	0.911855	0	0	0	
4	2	1	13	96	1	400	0.1	0.115744	0	0	0	
4	2	1	233	97	1	400	0.1	0.0732846	0	0	0	
4	2	1	15	98	1	600	0.1	0.0732846	0	0	0	
4	2	1	133	99	2	0	0.9	0	150	100	125	
4	2	2	183	100	1	400	0.25	0.18474	0	0	0	
4	2	2	280	101	1	600	0.01	0.0425017	0	0	0	
4	2	2	166	102	1	200	0.01	0.0318869	0	0	0	
4	2	2	7	103	2	0	0.01	0	400	0	24	
4	2	2	65	104	2	0	0.4	0	150	0	45	
4	2	2	325	105	1	600	0.95	0.918224	0	0	0	
4	2	2	7	106	1	300	0.05	0.0976987	0	0	0	
4	2	2	25	107	1	600	0.4	0.494693	0	0	0	
4	2	2	82	108	2	0	0.5	0	400	0	184	
4	2	2	105	109	1	600	0.95	0.881072	0	0	0	
4	2	2	291	110	1	200	0.25	0.0902683	0	0	0	
4	2	2	138	111	2	0	0.95	0	75	0	34.5	
4	2	2	317	112	1	300	0.9	0.896994	0	0	0	
4	2	2	124	113	2	0	0.9	0	100	0	50	
4	2	2	10	114	2	0	0.01	0	75	50	56.5	
4	2	2	260	115	1	600	0.75	0.848166	0	0	0	
4	2	2	25	116	2	0	0.05	0	75	50	56.5	
4	2	2	151	117	2	0	0.99	0	25	0	24.5	
4	2	2	35	118	1	600	0.6	0.566873	0	0	0	
4	2	2	57	119	2	0	0.25	0	150	50	80	
4	2	2	4	120	2	0	0.01	0	100	0	22	
4	2	2	219	121	1	500	0.99	0.927777	0	0	0	
4	2	2	272	122	1	300	0.99	0.925654	0	0	0	
4	2	2	172	123	1	300	0.05	0.0701002	0	0	0	
4	2	2	215	124	1	600	0.95	0.903363	0	0	0	
4	2	2	221	125	1	200	0.01	0.0594854	0	0	0	
4	2	2	236	126	1	200	0.25	0.122113	0	0	0	
4	2	2	112	127	1	300	0.01	0.0361328	0	0	0	
4	2	2	287	128	1	300	0.1	0.105129	0	0	0	
4	2	2	191	129	1	200	0.5	0.487262	0	0	0	
4	2	2	45	130	2	0	0.1	0	200	150	165	
4	2	2	99	131	2	0	0.6	0	50	25	36.5	
4	2	2	110	132	1	600	0.99	0.888502	0	0	0	
4	2	2	157	133	1	300	0.95	0.891686	0	0	0	
4	2	2	75	134	1	600	0.25	0.410836	0	0	0	
4	2	2	100	135	1	600	0.9	0.895932	0	0	0	
4	2	2	54	136	1	500	0.99	0.930961	0	0	0	
4	2	2	3	137	2	0	0.01	0	75	0	16.5	
4	2	2	106	138	1	200	0.99	0.982974	0	0	0	
4	2	2	230	139	1	600	0.05	0.0531165	0	0	0	
4	2	2	324	140	1	500	0.95	0.932023	0	0	0	
4	2	2	12	141	2	0	0.01	0	150	50	72	
4	2	2	279	142	1	500	0.01	0.0499321	0	0	0	
4	2	2	132	143	1	300	0.4	0.372622	0	0	0	
4	2	2	14	144	2	0	0.01	0	200	100	126	
4	2	2	6	145	1	200	0.05	0.0594854	0	0	0	
4	2	2	282	146	1	300	0.05	0.0446247	0	0	0	
4	2	2	290	147	1	600	0.1	0.123174	0	0	0	
4	2	2	162	148	1	300	0.99	0.93733	0	0	0	
4	2	2	53	149	1	400	0.99	0.933084	0	0	0	
4	2	2	28	150	1	400	0.5	0.140158	0	0	0	
4	2	2	203	151	1	400	0.75	0.796153	0	0	0	
4	2	2	132	152	2	0	0.9	0	150	50	80	
4	2	2	88	153	2	0	0.5	0	150	100	125	
4	2	2	211	154	1	200	0.95	0.893809	0	0	0	
4	2	2	31	155	1	200	0.6	0.519107	0	0	0	
4	2	2	222	156	1	300	0.01	0.0531165	0	0	0	
4	2	2	29	157	1	500	0.5	0.505307	0	0	0	
4	2	2	306	158	1	200	0.6	0.5	0	0	0	
4	2	2	104	159	1	500	0.95	0.923531	0	0	0	
4	2	2	16	160	1	200	0.25	0.126359	0	0	0	
4	2	2	37	161	1	300	0.75	0.702743	0	0	0	
4	2	2	93	162	2	0	0.6	0	75	0	22.5	
4	2	2	210	163	1	600	0.9	0.916101	0	0	0	
4	2	2	8	164	1	400	0.05	0.0531165	0	0	0	
4	2	2	312	165	1	300	0.75	0.797215	0	0	0	
4	2	2	83	166	2	0	0.5	0	800	0	208	
4	2	2	259	167	1	500	0.75	0.903363	0	0	0	
4	2	2	140	168	2	0	0.95	0	150	0	81	
4	2	2	294	169	1	500	0.25	0.0849609	0	0	0	
4	2	2	297	170	1	300	0.4	0.472401	0	0	0	
4	2	2	241	171	1	200	0.4	0.5	0	0	0	
4	2	2	153	172	2	0	0.99	0	75	0	19.5	
4	2	2	135	173	2	0	0.9	0	200	150	167	
4	2	2	154	174	2	0	0.99	0	100	0	78	
4	2	2	139	175	1	500	0.5	0.574304	0	0	0	
4	2	2	31	176	2	0	0.1	0	25	0	11.5	
4	2	2	277	177	1	300	0.01	0.0637313	0	0	0	
4	2	2	6	178	2	0	0.01	0	200	0	20	
4	2	2	127	179	2	0	0.9	0	400	0	232	
4	2	2	175	180	1	600	0.05	0.0743461	0	0	0	
4	2	2	161	181	1	200	0.99	0.90867	0	0	0	
4	2	2	29	182	2	0	0.05	0	200	100	130	
4	2	2	307	183	1	300	0.6	0.75794	0	0	0	
4	2	2	229	184	1	500	0.05	0.0509935	0	0	0	
4	2	2	105	185	2	0	0.6	0	200	150	167	
4	2	2	252	186	1	300	0.6	0.5	0	0	0	
4	2	2	42	187	2	0	0.1	0	150	50	76	
4	2	2	76	188	1	200	0.4	0.438434	0	0	0	
4	2	2	270	189	1	600	0.95	0.88001	0	0	0	
4	2	2	137	190	1	300	0.5	0.483016	0	0	0	
4	2	2	315	191	1	600	0.75	0.702743	0	0	0	
4	2	2	120	192	2	0	0.75	0	200	150	155	
4	2	2	101	193	2	0	0.6	0	100	50	69	
4	2	2	91	194	1	200	0.75	0.752632	0	0	0	
4	2	2	70	195	2	0	0.4	0	75	50	63.5	
4	2	2	42	196	1	300	0.9	0.87258	0	0	0	
4	2	2	123	197	2	0	0.9	0	75	0	37.5	
4	2	2	266	198	1	200	0.95	0.866211	0	0	0	
4	2	3	128	199	1	400	0.25	0.404467	0	0	0	
4	2	3	87	200	1	300	0.6	0.704866	0	0	0	
4	2	3	128	201	2	0	0.9	0	800	0	208	
4	2	3	114	202	1	500	0.01	0.0679772	0	0	0	
4	2	3	109	203	1	500	0.99	0.910793	0	0	0	
4	2	3	100	204	2	0	0.6	0	75	50	62.5	
4	2	3	202	205	1	300	0.75	0.894871	0	0	0	
4	2	3	130	206	1	600	0.25	0.410836	0	0	0	
4	2	3	88	207	1	400	0.6	0.501061	0	0	0	
4	2	3	110	208	2	0	0.75	0	150	0	39	
4	2	3	17	209	2	0	0.05	0	50	0	15	
4	2	3	188	210	1	400	0.4	0.5	0	0	0	
4	2	3	46	211	1	200	0.95	0.883195	0	0	0	
4	2	3	20	212	2	0	0.05	0	150	0	33	
4	2	3	18	213	1	400	0.25	0.162449	0	0	0	
4	2	3	119	214	2	0	0.75	0	200	100	110	
4	2	3	147	215	2	0	0.95	0	150	50	100	
4	2	3	36	216	2	0	0.1	0	200	0	20	
4	2	3	323	217	1	400	0.95	0.860904	0	0	0	
4	2	3	20	218	1	600	0.25	0.297257	0	0	0	
4	2	3	224	219	1	500	0.01	0.027641	0	0	0	
4	2	3	122	220	2	0	0.9	0	50	0	21	
4	2	3	283	221	1	400	0.05	0.110436	0	0	0	
4	2	3	84	222	1	500	0.5	0.454356	0	0	0	
4	2	3	115	223	2	0	0.75	0	75	50	57.5	
4	2	3	112	224	2	0	0.75	0	400	0	104	
4	2	3	24	225	2	0	0.05	0	50	25	31.5	
4	2	3	216	226	1	200	0.99	0.943699	0	0	0	
4	2	3	108	227	1	400	0.99	0.941576	0	0	0	
4	2	3	92	228	1	300	0.75	0.852412	0	0	0	
4	2	3	136	229	2	0	0.95	0	25	0	19.5	
4	2	3	151	230	1	200	0.9	0.875764	0	0	0	
4	2	3	2	231	2	0	0.01	0	50	0	13	
4	2	3	78	232	2	0	0.5	0	75	0	19.5	
4	2	3	56	233	2	0	0.25	0	100	50	65	
4	2	3	303	234	1	400	0.5	0.497877	0	0	0	
4	2	3	253	235	1	400	0.6	0.5	0	0	0	
4	2	3	43	236	2	0	0.1	0	150	100	125	
4	2	3	223	237	1	400	0.01	0.0584239	0	0	0	
4	2	3	91	238	2	0	0.6	0	25	0	13.5	
4	2	3	143	239	2	0	0.95	0	800	0	368	
4	2	3	34	240	1	500	0.6	0.769616	0	0	0	
4	2	3	111	241	1	200	0.01	0.0425017	0	0	0	
4	2	3	190	242	1	600	0.4	0.5	0	0	0	
4	2	3	244	243	1	500	0.4	0.5	0	0	0	
4	2	3	126	244	1	200	0.25	0.166695	0	0	0	
4	2	3	66	245	1	200	0.1	0.122113	0	0	0	
4	2	3	137	246	2	0	0.95	0	50	0	27	
4	2	3	264	247	1	500	0.9	0.840735	0	0	0	
4	2	3	24	248	1	500	0.4	0.487262	0	0	0	
4	2	3	92	249	2	0	0.6	0	50	0	27	
4	2	3	14	250	1	500	0.1	0.133789	0	0	0	
4	2	3	145	251	2	0	0.95	0	75	50	57.5	
4	2	3	55	252	1	600	0.99	0.936269	0	0	0	
4	2	3	145	253	1	600	0.6	0.617824	0	0	0	
4	2	3	90	254	1	600	0.6	0.6433	0	0	0	
4	2	3	56	255	1	200	0.01	0.0870839	0	0	0	
4	2	3	75	256	2	0	0.4	0	200	150	165	
4	2	3	69	257	1	500	0.1	0.110436	0	0	0	
4	2	3	131	258	1	200	0.4	0.373684	0	0	0	
4	2	3	220	259	1	600	0.99	0.90867	0	0	0	
4	2	3	102	260	2	0	0.6	0	150	50	76	
4	2	3	181	261	1	200	0.25	0.410836	0	0	0	
4	2	3	8	262	2	0	0.01	0	800	0	48	
4	2	3	327	263	1	300	0.99	0.928838	0	0	0	
4	2	3	197	264	1	300	0.6	0.49257	0	0	0	
4	2	3	96	265	1	200	0.9	0.887441	0	0	0	
4	2	3	192	266	1	300	0.5	0.699558	0	0	0	
4	2	3	178	267	1	400	0.1	0.208093	0	0	0	
4	2	3	269	268	1	500	0.95	0.885318	0	0	0	
4	2	3	104	269	2	0	0.6	0	200	100	130	
4	2	3	247	270	1	300	0.5	0.510615	0	0	0	
4	2	3	115	271	1	600	0.01	0.0509935	0	0	0	
4	2	3	85	272	1	600	0.5	0.52866	0	0	0	
4	2	3	103	273	1	400	0.95	0.869395	0	0	0	
4	2	3	316	274	1	200	0.9	0.864088	0	0	0	
4	2	3	159	275	2	0	0.99	0	50	25	33.5	
4	2	3	23	276	1	400	0.4	0.510615	0	0	0	
4	2	3	27	277	2	0	0.05	0	150	50	64	
4	2	3	21	278	2	0	0.05	0	200	0	44	
4	2	3	122	279	1	300	0.1	0.0775306	0	0	0	
4	2	3	263	280	1	400	0.9	0.906547	0	0	0	
4	2	3	141	281	1	200	0.6	0.556258	0	0	0	
4	2	3	281	282	1	200	0.05	0.0361328	0	0	0	
4	2	3	261	283	1	200	0.9	0.895932	0	0	0	
4	2	3	164	284	2	0	0.99	0	200	100	154	
4	2	3	70	285	1	600	0.1	0.111498	0	0	0	
4	2	3	318	286	1	400	0.9	0.895932	0	0	0	
4	2	3	232	287	1	300	0.1	0.0913298	0	0	0	
4	2	3	134	288	1	500	0.4	0.508492	0	0	0	
4	2	3	52	289	2	0	0.25	0	400	0	88	
4	2	3	212	290	1	300	0.95	0.918224	0	0	0	
4	2	3	185	291	1	600	0.25	0.285581	0	0	0	
4	2	3	231	292	1	200	0.1	0.136974	0	0	0	
4	2	3	182	293	1	300	0.25	0.0892069	0	0	0	
4	2	3	265	294	1	600	0.9	0.904424	0	0	0	
4	2	3	62	295	2	0	0.4	0	50	0	25	
4	2	3	66	296	2	0	0.4	0	200	0	84	
4	2	3	254	297	1	500	0.6	0.591287	0	0	0	
4	2	4	174	298	1	500	0.05	0.0860224	0	0	0	
4	2	4	89	299	1	500	0.6	0.494693	0	0	0	
4	2	4	274	300	1	500	0.99	0.953252	0	0	0	
4	2	4	59	301	1	500	0.01	0.0382558	0	0	0	
4	2	4	155	302	2	0	0.99	0	150	0	81	
4	2	4	61	303	2	0	0.4	0	25	0	18.5	
4	2	4	64	304	2	0	0.4	0	100	0	26	
4	2	4	39	305	2	0	0.1	0	50	25	36.5	
4	2	4	32	306	1	300	0.6	0.611456	0	0	0	
4	2	4	187	307	1	300	0.4	0.446926	0	0	0	
4	2	4	21	308	1	200	0.4	0.5	0	0	0	
4	2	4	251	309	1	200	0.6	0.5	0	0	0	
4	2	4	330	310	1	600	0.99	0.957498	0	0	0	
4	2	4	28	311	2	0	0.05	0	150	100	113	
4	2	4	63	312	1	400	0.05	0.0976987	0	0	0	
4	2	4	32	313	2	0	0.1	0	50	0	13	
4	2	4	157	314	2	0	0.99	0	400	0	200	
4	2	4	98	315	2	0	0.6	0	800	0	208	
4	2	4	239	316	1	500	0.25	0.417204	0	0	0	
4	2	4	248	317	1	400	0.5	0.540336	0	0	0	
4	2	4	329	318	1	500	0.99	0.927777	0	0	0	
4	2	4	12	319	1	300	0.1	0.0637313	0	0	0	
4	2	4	48	320	1	400	0.95	0.924592	0	0	0	
4	2	4	225	321	1	600	0.01	0.0849609	0	0	0	
4	2	4	213	322	1	400	0.95	0.902301	0	0	0	
4	2	4	78	323	1	400	0.4	0.57855	0	0	0	
4	2	4	13	324	2	0	0.01	0	150	100	125	
4	2	4	5	325	1	600	0.01	0.0446247	0	0	0	
4	2	4	94	326	2	0	0.6	0	100	0	50	
4	2	4	33	327	1	400	0.6	0.673021	0	0	0	
4	2	4	284	328	1	500	0.05	0.110436	0	0	0	
4	2	4	71	329	1	200	0.25	0.352454	0	0	0	
4	2	4	82	330	1	300	0.5	0.502123	0	0	0	
4	2	4	149	331	2	0	0.95	0	200	100	150	
4	2	4	305	332	1	600	0.5	0.732464	0	0	0	
4	2	4	62	333	1	300	0.05	0.0690387	0	0	0	
4	2	4	156	334	2	0	0.99	0	200	0	148	
4	2	4	228	335	1	400	0.05	0.0456861	0	0	0	
4	2	4	116	336	2	0	0.75	0	100	50	77	
4	2	4	76	337	2	0	0.5	0	25	0	12.5	
4	2	4	98	338	1	400	0.9	0.782354	0	0	0	
4	2	4	237	339	1	300	0.25	0.175187	0	0	0	
4	2	4	201	340	1	200	0.75	0.808891	0	0	0	
4	2	4	139	341	2	0	0.95	0	100	0	58	
4	2	4	30	342	2	0	0.05	0	200	150	179	
4	2	4	308	343	1	400	0.6	0.705927	0	0	0	
4	2	4	99	344	1	500	0.9	0.844981	0	0	0	
4	2	4	165	345	1	600	0.99	0.90124	0	0	0	
4	2	4	218	346	1	400	0.99	0.960683	0	0	0	
4	2	4	162	347	2	0	0.99	0	150	50	80	
4	2	4	73	348	1	400	0.25	0.224015	0	0	0	
4	2	4	154	349	1	500	0.9	0.907609	0	0	0	
4	2	4	48	350	2	0	0.25	0	75	0	40.5	
4	2	4	136	351	1	200	0.5	0.5	0	0	0	
4	2	4	111	352	2	0	0.75	0	200	0	148	
4	2	4	118	353	1	400	0.05	0.0870839	0	0	0	
4	2	4	74	354	1	500	0.25	0.134851	0	0	0	
4	2	4	59	355	2	0	0.25	0	200	100	154	
4	2	4	288	356	1	400	0.1	0.116805	0	0	0	
4	2	4	106	357	2	0	0.75	0	25	0	14.5	
4	2	4	58	358	2	0	0.25	0	150	100	127	
4	2	4	195	359	1	600	0.5	0.556258	0	0	0	
4	2	4	295	360	1	600	0.25	0.384299	0	0	0	
4	2	4	83	361	1	400	0.5	0.532906	0	0	0	
4	2	4	123	362	1	400	0.1	0.313179	0	0	0	
4	2	4	152	363	2	0	0.99	0	50	0	29	
4	2	4	193	364	1	400	0.5	0.744141	0	0	0	
4	2	4	199	365	1	500	0.6	0.698497	0	0	0	
4	2	4	168	366	1	400	0.01	0.0425017	0	0	0	
4	2	4	22	367	1	300	0.4	0.497877	0	0	0	
4	2	4	255	368	1	600	0.6	0.54989	0	0	0	
4	2	4	40	369	1	600	0.75	0.634808	0	0	0	
4	2	4	37	370	2	0	0.1	0	400	0	56	
4	2	4	67	371	1	300	0.1	0.112559	0	0	0	
4	2	4	278	372	1	400	0.01	0.0796535	0	0	0	
4	2	4	90	373	2	0	0.5	0	200	150	175	
4	2	4	169	374	1	500	0.01	0.0701002	0	0	0	
4	2	4	328	375	1	400	0.99	0.919285	0	0	0	
4	2	4	55	376	2	0	0.25	0	75	50	62.5	
4	2	4	267	377	1	300	0.95	0.922469	0	0	0	
4	2	4	256	378	1	200	0.75	0.838612	0	0	0	
4	2	4	35	379	2	0	0.1	0	150	0	75	
4	2	4	67	380	2	0	0.4	0	400	0	136	
4	2	4	51	381	2	0	0.25	0	200	0	52	
4	2	4	309	382	1	500	0.6	0.819506	0	0	0	
4	2	4	107	383	1	300	0.99	0.906547	0	0	0	
4	2	4	148	384	1	400	0.75	0.913978	0	0	0	
4	2	4	50	385	2	0	0.25	0	150	0	81	
4	2	4	129	386	2	0	0.9	0	50	25	43.5	
4	2	4	52	387	1	300	0.99	0.900178	0	0	0	
4	2	4	304	388	1	500	0.5	0.501061	0	0	0	
4	2	4	93	389	1	400	0.75	0.577488	0	0	0	
4	2	4	2	390	1	300	0.01	0.054178	0	0	0	
4	2	4	45	391	1	600	0.9	0.902301	0	0	0	
4	2	4	125	392	1	600	0.1	0.129543	0	0	0	
4	2	4	30	393	1	600	0.5	0.714419	0	0	0	
4	2	4	113	394	1	400	0.01	0.056301	0	0	0	
4	2	4	160	395	2	0	0.99	0	75	50	64.5	
4	2	4	44	396	2	0	0.1	0	200	100	154	
4	2	5	268	397	1	400	0.95	0.918224	0	0	0	
4	2	5	16	398	2	0	0.05	0	25	0	14.5	
4	2	5	240	399	1	600	0.25	0.388544	0	0	0	
4	2	5	163	400	2	0	0.99	0	150	100	129	
4	2	5	209	401	1	500	0.9	0.891686	0	0	0	
4	2	5	4	402	1	500	0.01	0.0594854	0	0	0	
4	2	5	217	403	1	300	0.99	0.934146	0	0	0	
4	2	5	121	404	1	200	0.1	0.056301	0	0	0	
4	2	5	108	405	2	0	0.75	0	75	0	37.5	
4	2	5	271	406	1	200	0.99	0.933084	0	0	0	
4	2	5	121	407	2	0	0.9	0	25	0	12.5	
4	2	5	146	408	2	0	0.95	0	100	50	79	
4	2	5	46	409	2	0	0.25	0	25	0	16.5	
4	2	5	249	410	1	500	0.5	0.5	0	0	0	
4	2	5	64	411	1	500	0.05	0.163511	0	0	0	
4	2	5	142	412	1	300	0.6	0.496816	0	0	0	
4	2	5	57	413	1	300	0.01	0.0647928	0	0	0	
4	2	5	23	414	2	0	0.05	0	800	0	48	
4	2	5	39	415	1	500	0.75	0.907609	0	0	0	
4	2	5	34	416	2	0	0.1	0	100	0	26	
4	2	5	26	417	1	200	0.5	0.5	0	0	0	
4	2	5	130	418	2	0	0.9	0	75	50	61.5	
4	2	5	138	419	1	400	0.5	0.5	0	0	0	
4	2	5	68	420	1	400	0.1	0.15608	0	0	0	
4	2	5	119	421	1	500	0.05	0.0923913	0	0	0	
4	2	5	47	422	1	300	0.95	0.894871	0	0	0	
4	2	5	158	423	1	400	0.95	0.888502	0	0	0	
4	2	5	140	424	1	600	0.5	0.5	0	0	0	
4	2	5	250	425	1	600	0.5	0.5	0	0	0	
4	2	5	5	426	2	0	0.01	0	150	0	9	
4	2	5	51	427	1	200	0.99	0.925654	0	0	0	
4	2	5	86	428	2	0	0.5	0	100	50	65	
4	2	5	86	429	1	200	0.6	0.54989	0	0	0	
4	2	5	131	430	2	0	0.9	0	100	50	67	
4	2	5	234	431	1	500	0.1	0.0976987	0	0	0	
4	2	5	273	432	1	400	0.99	0.899117	0	0	0	
4	2	5	189	433	1	500	0.4	0.509553	0	0	0	
4	2	5	43	434	1	400	0.9	0.892748	0	0	0	
4	2	5	275	435	1	600	0.99	0.933084	0	0	0	
4	2	5	155	436	1	600	0.9	0.904424	0	0	0	
4	2	5	286	437	1	200	0.1	0.0509935	0	0	0	
4	2	5	53	438	2	0	0.25	0	800	0	176	
4	2	5	242	439	1	300	0.4	0.490447	0	0	0	
4	2	5	319	440	1	500	0.9	0.830121	0	0	0	
4	2	5	9	441	2	0	0.01	0	50	25	30.5	
4	2	5	9	442	1	500	0.05	0.49257	0	0	0	
4	2	5	44	443	1	500	0.9	0.893809	0	0	0	
4	2	5	186	444	1	200	0.4	0.296196	0	0	0	
4	2	5	321	445	1	200	0.95	0.912916	0	0	0	
4	2	5	65	446	1	600	0.05	0.0860224	0	0	0	
4	2	5	41	447	2	0	0.1	0	100	50	51	
4	2	5	114	448	2	0	0.75	0	50	25	30.5	
4	2	5	243	449	1	400	0.4	0.5	0	0	0	
4	2	5	58	450	1	400	0.01	0.0626698	0	0	0	
4	2	5	150	451	1	600	0.75	0.772801	0	0	0	
4	2	5	179	452	1	500	0.1	0.0955757	0	0	0	
4	2	5	80	453	2	0	0.5	0	150	0	69	
4	2	5	54	454	2	0	0.25	0	50	25	31.5	
4	2	5	292	455	1	300	0.25	0.418266	0	0	0	
4	2	5	72	456	1	300	0.25	0.399159	0	0	0	
4	2	5	40	457	2	0	0.1	0	75	50	62.5	
4	2	5	299	458	1	500	0.4	0.545644	0	0	0	
4	2	5	311	459	1	200	0.75	0.562627	0	0	0	
4	2	5	198	460	1	400	0.6	0.496816	0	0	0	
4	2	5	3	461	1	400	0.01	0.0361328	0	0	0	
4	2	5	176	462	1	200	0.1	0.181556	0	0	0	
4	2	5	227	463	1	300	0.05	0.106191	0	0	0	
4	2	5	293	464	1	400	0.25	0.194293	0	0	0	
4	2	5	22	465	2	0	0.05	0	400	0	56	
4	2	5	79	466	1	500	0.4	0.526537	0	0	0	
4	2	5	276	467	1	200	0.01	0.0456861	0	0	0	
4	2	5	289	468	1	500	0.1	0.199601	0	0	0	
4	2	5	95	469	2	0	0.6	0	150	0	33	
4	2	5	149	470	1	500	0.75	0.898055	0	0	0	
4	2	5	41	471	1	200	0.9	0.884256	0	0	0	
4	2	5	117	472	2	0	0.75	0	150	50	80	
4	2	5	60	473	2	0	0.25	0	200	150	161	
4	2	5	134	474	2	0	0.9	0	200	100	126	
4	2	5	27	475	1	300	0.5	0.511676	0	0	0	
4	2	5	85	476	2	0	0.5	0	75	50	56.5	
4	2	5	15	477	2	0	0.01	0	200	150	177	
4	2	5	246	478	1	200	0.5	0.618886	0	0	0	
4	2	5	262	479	1	300	0.9	0.813137	0	0	0	
4	2	5	68	480	2	0	0.4	0	800	0	144	
4	2	5	107	481	2	0	0.75	0	50	0	29	
4	2	5	1	482	2	0	0.01	0	25	0	10.5	
4	2	5	81	483	2	0	0.5	0	200	0	44	
4	2	5	87	484	2	0	0.5	0	150	50	76	
4	2	5	113	485	2	0	0.75	0	800	0	208	
4	2	5	10	486	1	600	0.05	0.103006	0	0	0	
4	2	5	167	487	1	300	0.01	0.0584239	0	0	0	
4	2	5	117	488	1	300	0.05	0.0764691	0	0	0	
4	2	5	214	489	1	500	0.95	0.903363	0	0	0	
4	2	5	180	490	1	600	0.1	0.151834	0	0	0	
4	2	5	120	491	1	600	0.05	0.204908	0	0	0	
4	2	5	142	492	2	0	0.95	0	400	0	200	
4	2	5	1	493	1	200	0.01	0.0647928	0	0	0	
4	2	5	194	494	1	500	0.5	0.798276	0	0	0	
4	2	5	204	495	1	500	0.75	0.687882	0	0	0	
