Subject#	Session#	Block#	Stim#	Trial#	Task	Numerosity	P_true	P_reported	x1	x2	CE	
7	1	1	54	1	1	500	0.99	0.969175	0	0	0	
7	1	1	66	2	1	200	0.1	0.052055	0	0	0	
7	1	1	82	3	2	0	0.5	0	400	0	184	
7	1	1	130	4	2	0	0.9	0	75	50	65.5	
7	1	1	65	5	2	0	0.4	0	150	0	45	
7	1	1	253	6	1	400	0.6	0.59341	0	0	0	
7	1	1	57	7	2	0	0.25	0	150	50	76	
7	1	1	107	8	1	300	0.99	0.969175	0	0	0	
7	1	1	251	9	1	200	0.6	0.508492	0	0	0	
7	1	1	90	10	2	0	0.5	0	200	150	175	
7	1	1	99	11	2	0	0.6	0	50	25	39.5	
7	1	1	220	12	1	600	0.99	0.943699	0	0	0	
7	1	1	89	13	2	0	0.5	0	200	100	150	
7	1	1	74	14	1	500	0.25	0.197478	0	0	0	
7	1	1	69	15	1	500	0.1	0.101945	0	0	0	
7	1	1	94	16	1	500	0.75	0.801461	0	0	0	
7	1	1	94	17	2	0	0.6	0	100	0	58	
7	1	1	166	18	1	200	0.01	0.0329484	0	0	0	
7	1	1	15	19	1	600	0.1	0.0998217	0	0	0	
7	1	1	233	20	1	400	0.1	0.0616084	0	0	0	
7	1	1	257	21	1	300	0.75	0.853473	0	0	0	
7	1	1	134	22	1	500	0.4	0.749448	0	0	0	
7	1	1	263	23	1	400	0.9	0.90124	0	0	0	
7	1	1	8	24	1	400	0.05	0.0573624	0	0	0	
7	1	1	129	25	1	500	0.25	0.15608	0	0	0	
7	1	1	117	26	2	0	0.75	0	150	50	124	
7	1	1	126	27	1	200	0.25	0.360946	0	0	0	
7	1	1	295	28	1	600	0.25	0.399159	0	0	0	
7	1	1	226	29	1	200	0.05	0.052055	0	0	0	
7	1	1	169	30	1	500	0.01	0.025518	0	0	0	
7	1	1	155	31	1	600	0.9	0.868334	0	0	0	
7	1	1	8	32	2	0	0.01	0	800	0	16	
7	1	1	25	33	2	0	0.05	0	75	50	51.5	
7	1	1	252	34	1	300	0.6	0.544582	0	0	0	
7	1	1	64	35	1	500	0.05	0.0626698	0	0	0	
7	1	1	24	36	2	0	0.05	0	50	25	26.5	
7	1	1	224	37	1	500	0.01	0.0297639	0	0	0	
7	1	1	79	38	2	0	0.5	0	100	0	46	
7	1	1	119	39	2	0	0.75	0	200	100	174	
7	1	1	242	40	1	300	0.4	0.550951	0	0	0	
7	1	1	74	41	2	0	0.4	0	200	100	138	
7	1	1	132	42	2	0	0.9	0	150	50	68	
7	1	1	202	43	1	300	0.75	0.799338	0	0	0	
7	1	1	176	44	1	200	0.1	0.0711617	0	0	0	
7	1	1	23	45	1	400	0.4	0.509553	0	0	0	
7	1	1	7	46	1	300	0.05	0.0414402	0	0	0	
7	1	1	124	47	2	0	0.9	0	100	0	78	
7	1	1	182	48	1	300	0.25	0.245245	0	0	0	
7	1	1	307	49	1	300	0.6	0.404467	0	0	0	
7	1	1	157	50	1	300	0.95	0.934146	0	0	0	
7	1	1	158	51	2	0	0.99	0	800	0	752	
7	1	1	120	52	1	600	0.05	0.0531165	0	0	0	
7	1	1	153	53	2	0	0.99	0	75	0	13.5	
7	1	1	42	54	2	0	0.1	0	150	50	52	
7	1	1	92	55	2	0	0.6	0	50	0	25	
7	1	1	123	56	1	400	0.1	0.491508	0	0	0	
7	1	1	285	57	1	600	0.05	0.0647928	0	0	0	
7	1	1	188	58	1	400	0.4	0.468156	0	0	0	
7	1	1	26	59	1	200	0.5	0.5	0	0	0	
7	1	1	46	60	2	0	0.25	0	25	0	6.5	
7	1	1	143	61	2	0	0.95	0	800	0	720	
7	1	1	58	62	1	400	0.01	0.025518	0	0	0	
7	1	1	56	63	2	0	0.25	0	100	50	63	
7	1	1	100	64	1	600	0.9	0.829059	0	0	0	
7	1	1	288	65	1	400	0.1	0.101945	0	0	0	
7	1	1	189	66	1	500	0.4	0.509553	0	0	0	
7	1	1	259	67	1	500	0.75	0.846043	0	0	0	
7	1	1	217	68	1	300	0.99	0.984035	0	0	0	
7	1	1	23	69	2	0	0.05	0	800	0	16	
7	1	1	128	70	2	0	0.9	0	800	0	624	
7	1	1	72	71	1	300	0.25	0.20597	0	0	0	
7	1	1	125	72	1	600	0.1	0.157142	0	0	0	
7	1	1	299	73	1	500	0.4	0.257982	0	0	0	
7	1	1	84	74	2	0	0.5	0	50	25	36.5	
7	1	1	114	75	1	500	0.01	0.0244565	0	0	0	
7	1	1	155	76	2	0	0.99	0	150	0	147	
7	1	1	244	77	1	500	0.4	0.367315	0	0	0	
7	1	1	303	78	1	400	0.5	0.50743	0	0	0	
7	1	1	111	79	1	200	0.01	0.0265795	0	0	0	
7	1	1	44	80	2	0	0.1	0	200	100	110	
7	1	1	156	81	1	200	0.95	0.928838	0	0	0	
7	1	1	209	82	1	500	0.9	0.947945	0	0	0	
7	1	1	14	83	2	0	0.01	0	200	100	102	
7	1	1	63	84	2	0	0.4	0	75	0	28.5	
7	1	1	83	85	2	0	0.5	0	800	0	400	
7	1	1	73	86	2	0	0.4	0	150	100	119	
7	1	1	306	87	1	200	0.6	0.646484	0	0	0	
7	1	1	213	88	1	400	0.95	0.803584	0	0	0	
7	1	1	321	89	1	200	0.95	0.927777	0	0	0	
7	1	1	30	90	1	600	0.5	0.445864	0	0	0	
7	1	1	139	91	1	500	0.5	0.505307	0	0	0	
7	1	1	330	92	1	600	0.99	0.986158	0	0	0	
7	1	1	29	93	1	500	0.5	0.44268	0	0	0	
7	1	1	154	94	1	500	0.9	0.75051	0	0	0	
7	1	1	22	95	1	300	0.4	0.398098	0	0	0	
7	1	1	53	96	1	400	0.99	0.978728	0	0	0	
7	1	1	271	97	1	200	0.99	0.975543	0	0	0	
7	1	1	96	98	1	200	0.9	0.868334	0	0	0	
7	1	1	131	99	1	200	0.4	0.70805	0	0	0	
7	1	2	65	100	1	600	0.05	0.139096	0	0	0	
7	1	2	237	101	1	300	0.25	0.347147	0	0	0	
7	1	2	85	102	1	600	0.5	0.573242	0	0	0	
7	1	2	81	103	2	0	0.5	0	200	0	100	
7	1	2	4	104	2	0	0.01	0	100	0	2	
7	1	2	49	105	2	0	0.25	0	100	0	26	
7	1	2	34	106	2	0	0.1	0	100	0	10	
7	1	2	121	107	1	200	0.1	0.162449	0	0	0	
7	1	2	236	108	1	200	0.25	0.453295	0	0	0	
7	1	2	75	109	2	0	0.4	0	200	150	167	
7	1	2	241	110	1	200	0.4	0.510615	0	0	0	
7	1	2	101	111	1	200	0.95	0.902301	0	0	0	
7	1	2	116	112	1	200	0.05	0.105129	0	0	0	
7	1	2	19	113	2	0	0.05	0	100	0	6	
7	1	2	28	114	1	400	0.5	0.466033	0	0	0	
7	1	2	75	115	1	600	0.25	0.300442	0	0	0	
7	1	2	305	116	1	600	0.5	0.649669	0	0	0	
7	1	2	54	117	2	0	0.25	0	50	25	31.5	
7	1	2	163	118	1	400	0.99	0.940515	0	0	0	
7	1	2	14	119	1	500	0.1	0.100883	0	0	0	
7	1	2	59	120	1	500	0.01	0.023395	0	0	0	
7	1	2	60	121	2	0	0.25	0	200	150	163	
7	1	2	123	122	2	0	0.9	0	75	0	58.5	
7	1	2	136	123	2	0	0.95	0	25	0	4.5	
7	1	2	47	124	2	0	0.25	0	50	0	9	
7	1	2	112	125	1	300	0.01	0.0414402	0	0	0	
7	1	2	320	126	1	600	0.9	0.85135	0	0	0	
7	1	2	191	127	1	200	0.5	0.506369	0	0	0	
7	1	2	120	128	2	0	0.75	0	200	150	187	
7	1	2	56	129	1	200	0.01	0.0371943	0	0	0	
7	1	2	32	130	2	0	0.1	0	50	0	3	
7	1	2	127	131	1	300	0.25	0.264351	0	0	0	
7	1	2	266	132	1	200	0.95	0.870457	0	0	0	
7	1	2	76	133	1	200	0.4	0.466033	0	0	0	
7	1	2	41	134	1	200	0.9	0.856658	0	0	0	
7	1	2	51	135	2	0	0.25	0	200	0	52	
7	1	2	55	136	1	600	0.99	0.952191	0	0	0	
7	1	2	261	137	1	200	0.9	0.807829	0	0	0	
7	1	2	165	138	2	0	0.99	0	200	150	197	
7	1	2	119	139	1	500	0.05	0.104068	0	0	0	
7	1	2	55	140	2	0	0.25	0	75	50	56.5	
7	1	2	312	141	1	300	0.75	0.666653	0	0	0	
7	1	2	46	142	1	200	0.95	0.81526	0	0	0	
7	1	2	175	143	1	600	0.05	0.080715	0	0	0	
7	1	2	280	144	1	600	0.01	0.0212721	0	0	0	
7	1	2	232	145	1	300	0.1	0.0849609	0	0	0	
7	1	2	145	146	1	600	0.6	0.640115	0	0	0	
7	1	2	18	147	2	0	0.05	0	75	0	7.5	
7	1	2	10	148	1	600	0.05	0.0605469	0	0	0	
7	1	2	249	149	1	500	0.5	0.502123	0	0	0	
7	1	2	313	150	1	400	0.75	0.705927	0	0	0	
7	1	2	68	151	2	0	0.4	0	800	0	304	
7	1	2	44	152	1	500	0.9	0.798276	0	0	0	
7	1	2	103	153	2	0	0.6	0	150	100	129	
7	1	2	146	154	1	200	0.75	0.798276	0	0	0	
7	1	2	34	155	1	500	0.6	0.850289	0	0	0	
7	1	2	256	156	1	200	0.75	0.760063	0	0	0	
7	1	2	13	157	2	0	0.01	0	150	100	103	
7	1	2	162	158	1	300	0.99	0.975543	0	0	0	
7	1	2	139	159	2	0	0.95	0	100	0	78	
7	1	2	186	160	1	200	0.4	0.449049	0	0	0	
7	1	2	102	161	1	300	0.95	0.903363	0	0	0	
7	1	2	69	162	2	0	0.4	0	50	25	33.5	
7	1	2	205	163	1	600	0.75	0.681513	0	0	0	
7	1	2	264	164	1	500	0.9	0.844981	0	0	0	
7	1	2	247	165	1	300	0.5	0.497877	0	0	0	
7	1	2	159	166	1	500	0.95	0.911855	0	0	0	
7	1	2	21	167	2	0	0.05	0	200	0	12	
7	1	2	150	168	2	0	0.95	0	200	150	183	
7	1	2	77	169	1	300	0.4	0.460725	0	0	0	
7	1	2	216	170	1	200	0.99	0.962806	0	0	0	
7	1	2	108	171	2	0	0.75	0	75	0	55.5	
7	1	2	39	172	1	500	0.75	0.738833	0	0	0	
7	1	2	48	173	2	0	0.25	0	75	0	19.5	
7	1	2	1	174	2	0	0.01	0	25	0	1.5	
7	1	2	24	175	1	500	0.4	0.437373	0	0	0	
7	1	2	134	176	2	0	0.9	0	200	100	122	
7	1	2	2	177	1	300	0.01	0.0212721	0	0	0	
7	1	2	114	178	2	0	0.75	0	50	25	43.5	
7	1	2	42	179	1	300	0.9	0.852412	0	0	0	
7	1	2	204	180	1	500	0.75	0.804645	0	0	0	
7	1	2	136	181	1	200	0.5	0.505307	0	0	0	
7	1	2	301	182	1	200	0.5	0.525476	0	0	0	
7	1	2	27	183	1	300	0.5	0.600841	0	0	0	
7	1	2	36	184	1	200	0.75	0.756878	0	0	0	
7	1	2	112	185	2	0	0.75	0	400	0	296	
7	1	2	39	186	2	0	0.1	0	50	25	26.5	
7	1	2	45	187	1	600	0.9	0.900178	0	0	0	
7	1	2	118	188	1	400	0.05	0.0647928	0	0	0	
7	1	2	67	189	1	300	0.1	0.0499321	0	0	0	
7	1	2	97	190	2	0	0.6	0	400	0	232	
7	1	2	113	191	1	400	0.01	0.023395	0	0	0	
7	1	2	110	192	1	600	0.99	0.96599	0	0	0	
7	1	2	289	193	1	500	0.1	0.100883	0	0	0	
7	1	2	52	194	1	300	0.99	0.967052	0	0	0	
7	1	2	218	195	1	400	0.99	0.977666	0	0	0	
7	1	2	66	196	2	0	0.4	0	200	0	76	
7	1	2	227	197	1	300	0.05	0.0881454	0	0	0	
7	1	2	153	198	1	400	0.9	0.592349	0	0	0	
7	1	3	315	199	1	600	0.75	0.647546	0	0	0	
7	1	3	255	200	1	600	0.6	0.60721	0	0	0	
7	1	3	43	201	1	400	0.9	0.859842	0	0	0	
7	1	3	72	202	2	0	0.4	0	150	50	88	
7	1	3	225	203	1	600	0.01	0.0425017	0	0	0	
7	1	3	36	204	2	0	0.1	0	200	0	12	
7	1	3	222	205	1	300	0.01	0.0329484	0	0	0	
7	1	3	287	206	1	300	0.1	0.131666	0	0	0	
7	1	3	161	207	2	0	0.99	0	100	50	97	
7	1	3	118	208	2	0	0.75	0	150	100	137	
7	1	3	32	209	1	300	0.6	0.601902	0	0	0	
7	1	3	141	210	1	200	0.6	0.403405	0	0	0	
7	1	3	143	211	1	400	0.6	0.544582	0	0	0	
7	1	3	9	212	1	500	0.05	0.0531165	0	0	0	
7	1	3	106	213	1	200	0.99	0.967052	0	0	0	
7	1	3	279	214	1	500	0.01	0.0212721	0	0	0	
7	1	3	197	215	1	300	0.6	0.699558	0	0	0	
7	1	3	144	216	2	0	0.95	0	50	25	44.5	
7	1	3	62	217	2	0	0.4	0	50	0	19	
7	1	3	296	218	1	200	0.4	0.547767	0	0	0	
7	1	3	22	219	2	0	0.05	0	400	0	8	
7	1	3	316	220	1	200	0.9	0.906547	0	0	0	
7	1	3	138	221	1	400	0.5	0.501061	0	0	0	
7	1	3	243	222	1	400	0.4	0.556258	0	0	0	
7	1	3	115	223	1	600	0.01	0.0265795	0	0	0	
7	1	3	147	224	2	0	0.95	0	150	50	140	
7	1	3	290	225	1	600	0.1	0.153957	0	0	0	
7	1	3	194	226	1	500	0.5	0.506369	0	0	0	
7	1	3	148	227	2	0	0.95	0	150	100	139	
7	1	3	98	228	2	0	0.6	0	800	0	464	
7	1	3	27	229	2	0	0.05	0	150	50	56	
7	1	3	78	230	2	0	0.5	0	75	0	37.5	
7	1	3	214	231	1	500	0.95	0.892748	0	0	0	
7	1	3	147	232	1	300	0.75	0.755817	0	0	0	
7	1	3	73	233	1	400	0.25	0.199601	0	0	0	
7	1	3	308	234	1	400	0.6	0.610394	0	0	0	
7	1	3	277	235	1	300	0.01	0.0329484	0	0	0	
7	1	3	311	236	1	200	0.75	0.805707	0	0	0	
7	1	3	38	237	2	0	0.1	0	800	0	80	
7	1	3	258	238	1	400	0.75	0.695312	0	0	0	
7	1	3	60	239	1	600	0.01	0.0265795	0	0	0	
7	1	3	145	240	2	0	0.95	0	75	50	65.5	
7	1	3	161	241	1	200	0.99	0.972359	0	0	0	
7	1	3	140	242	1	600	0.5	0.501061	0	0	0	
7	1	3	116	243	2	0	0.75	0	100	50	85	
7	1	3	207	244	1	300	0.9	0.855596	0	0	0	
7	1	3	142	245	1	300	0.6	0.602964	0	0	0	
7	1	3	274	246	1	500	0.99	0.951129	0	0	0	
7	1	3	43	247	2	0	0.1	0	150	100	113	
7	1	3	319	248	1	500	0.9	0.856658	0	0	0	
7	1	3	51	249	1	200	0.99	0.95856	0	0	0	
7	1	3	292	250	1	300	0.25	0.106191	0	0	0	
7	1	3	35	251	1	600	0.6	0.610394	0	0	0	
7	1	3	113	252	2	0	0.75	0	800	0	688	
7	1	3	91	253	2	0	0.6	0	25	0	13.5	
7	1	3	198	254	1	400	0.6	0.608271	0	0	0	
7	1	3	62	255	1	300	0.05	0.0690387	0	0	0	
7	1	3	158	256	1	400	0.95	0.9299	0	0	0	
7	1	3	80	257	1	600	0.4	0.431004	0	0	0	
7	1	3	160	258	1	600	0.95	0.904424	0	0	0	
7	1	3	70	259	1	600	0.1	0.155019	0	0	0	
7	1	3	210	260	1	600	0.9	0.860904	0	0	0	
7	1	3	80	261	2	0	0.5	0	150	0	75	
7	1	3	98	262	1	400	0.9	0.829059	0	0	0	
7	1	3	314	263	1	500	0.75	0.563689	0	0	0	
7	1	3	193	264	1	400	0.5	0.44268	0	0	0	
7	1	3	28	265	2	0	0.05	0	150	100	115	
7	1	3	126	266	2	0	0.9	0	200	0	180	
7	1	3	77	267	2	0	0.5	0	50	0	25	
7	1	3	9	268	2	0	0.01	0	50	25	26.5	
7	1	3	82	269	1	300	0.5	0.426758	0	0	0	
7	1	3	140	270	2	0	0.95	0	150	0	141	
7	1	3	281	271	1	200	0.05	0.0722232	0	0	0	
7	1	3	165	272	1	600	0.99	0.970236	0	0	0	
7	1	3	164	273	1	500	0.99	0.973421	0	0	0	
7	1	3	50	274	2	0	0.25	0	150	0	39	
7	1	3	286	275	1	200	0.1	0.159265	0	0	0	
7	1	3	235	276	1	600	0.1	0.170941	0	0	0	
7	1	3	171	277	1	200	0.05	0.106191	0	0	0	
7	1	3	265	278	1	600	0.9	0.839674	0	0	0	
7	1	3	173	279	1	400	0.05	0.103006	0	0	0	
7	1	3	71	280	2	0	0.4	0	100	50	67	
7	1	3	100	281	2	0	0.6	0	75	50	64.5	
7	1	3	121	282	2	0	0.9	0	25	0	19.5	
7	1	3	40	283	2	0	0.1	0	75	50	55.5	
7	1	3	92	284	1	300	0.75	0.626316	0	0	0	
7	1	3	211	285	1	200	0.95	0.816321	0	0	0	
7	1	3	63	286	1	400	0.05	0.105129	0	0	0	
7	1	3	12	287	1	300	0.1	0.0743461	0	0	0	
7	1	3	85	288	2	0	0.5	0	75	50	62.5	
7	1	3	90	289	1	600	0.6	0.597656	0	0	0	
7	1	3	195	290	1	600	0.5	0.600841	0	0	0	
7	1	3	187	291	1	300	0.4	0.496816	0	0	0	
7	1	3	59	292	2	0	0.25	0	200	100	126	
7	1	3	102	293	2	0	0.6	0	150	50	108	
7	1	3	293	294	1	400	0.25	0.403405	0	0	0	
7	1	3	181	295	1	200	0.25	0.307872	0	0	0	
7	1	3	310	296	1	600	0.6	0.702743	0	0	0	
7	1	3	151	297	2	0	0.99	0	25	0	23.5	
7	1	4	254	298	1	500	0.6	0.606148	0	0	0	
7	1	4	298	299	1	400	0.4	0.347147	0	0	0	
7	1	4	174	300	1	500	0.05	0.106191	0	0	0	
7	1	4	50	301	1	600	0.95	0.935207	0	0	0	
7	1	4	33	302	2	0	0.1	0	75	0	4.5	
7	1	4	324	303	1	500	0.95	0.865149	0	0	0	
7	1	4	110	304	2	0	0.75	0	150	0	111	
7	1	4	300	305	1	600	0.4	0.502123	0	0	0	
7	1	4	196	306	1	200	0.6	0.602964	0	0	0	
7	1	4	294	307	1	500	0.25	0.354577	0	0	0	
7	1	4	309	308	1	500	0.6	0.651792	0	0	0	
7	1	4	219	309	1	500	0.99	0.961744	0	0	0	
7	1	4	149	310	2	0	0.95	0	200	100	190	
7	1	4	302	311	1	300	0.5	0.572181	0	0	0	
7	1	4	38	312	1	400	0.75	0.759001	0	0	0	
7	1	4	26	313	2	0	0.05	0	100	50	61	
7	1	4	58	314	2	0	0.25	0	150	100	113	
7	1	4	157	315	2	0	0.99	0	400	0	392	
7	1	4	99	316	1	500	0.9	0.857719	0	0	0	
7	1	4	7	317	2	0	0.01	0	400	0	8	
7	1	4	129	318	2	0	0.9	0	50	25	44.5	
7	1	4	144	319	1	500	0.6	0.710173	0	0	0	
7	1	4	61	320	1	200	0.05	0.0626698	0	0	0	
7	1	4	86	321	2	0	0.5	0	100	50	69	
7	1	4	19	322	1	500	0.25	0.298319	0	0	0	
7	1	4	111	323	2	0	0.75	0	200	0	60	
7	1	4	21	324	1	200	0.4	0.60721	0	0	0	
7	1	4	115	325	2	0	0.75	0	75	50	62.5	
7	1	4	78	326	1	400	0.4	0.611456	0	0	0	
7	1	4	81	327	1	200	0.5	0.490447	0	0	0	
7	1	4	29	328	2	0	0.05	0	200	100	106	
7	1	4	149	329	1	500	0.75	0.695312	0	0	0	
7	1	4	228	330	1	400	0.05	0.0669158	0	0	0	
7	1	4	133	331	1	400	0.4	0.508492	0	0	0	
7	1	4	284	332	1	500	0.05	0.110436	0	0	0	
7	1	4	212	333	1	300	0.95	0.925654	0	0	0	
7	1	4	200	334	1	600	0.6	0.807829	0	0	0	
7	1	4	183	335	1	400	0.25	0.341839	0	0	0	
7	1	4	159	336	2	0	0.99	0	50	25	48.5	
7	1	4	146	337	2	0	0.95	0	100	50	89	
7	1	4	105	338	1	600	0.95	0.921408	0	0	0	
7	1	4	190	339	1	600	0.4	0.302565	0	0	0	
7	1	4	104	340	1	500	0.95	0.905486	0	0	0	
7	1	4	20	341	1	600	0.25	0.322733	0	0	0	
7	1	4	2	342	2	0	0.01	0	50	0	1	
7	1	4	172	343	1	300	0.05	0.0297639	0	0	0	
7	1	4	297	344	1	300	0.4	0.460725	0	0	0	
7	1	4	79	345	1	500	0.4	0.531844	0	0	0	
7	1	4	105	346	2	0	0.6	0	200	150	179	
7	1	4	95	347	2	0	0.6	0	150	0	87	
7	1	4	3	348	2	0	0.01	0	75	0	1.5	
7	1	4	49	349	1	500	0.95	0.903363	0	0	0	
7	1	4	162	350	2	0	0.99	0	150	50	144	
7	1	4	127	351	2	0	0.9	0	400	0	312	
7	1	4	276	352	1	200	0.01	0.0647928	0	0	0	
7	1	4	268	353	1	400	0.95	0.881072	0	0	0	
7	1	4	167	354	1	300	0.01	0.027641	0	0	0	
7	1	4	206	355	1	200	0.9	0.798276	0	0	0	
7	1	4	156	356	2	0	0.99	0	200	0	196	
7	1	4	48	357	1	400	0.95	0.852412	0	0	0	
7	1	4	88	358	1	400	0.6	0.513799	0	0	0	
7	1	4	135	359	1	600	0.4	0.399159	0	0	0	
7	1	4	89	360	1	500	0.6	0.550951	0	0	0	
7	1	4	239	361	1	500	0.25	0.346085	0	0	0	
7	1	4	87	362	1	300	0.6	0.49257	0	0	0	
7	1	4	93	363	1	400	0.75	0.670898	0	0	0	
7	1	4	12	364	2	0	0.01	0	150	50	56	
7	1	4	185	365	1	600	0.25	0.367315	0	0	0	
7	1	4	273	366	1	400	0.99	0.941576	0	0	0	
7	1	4	163	367	2	0	0.99	0	150	100	147	
7	1	4	108	368	1	400	0.99	0.977666	0	0	0	
7	1	4	41	369	2	0	0.1	0	100	50	61	
7	1	4	64	370	2	0	0.4	0	100	0	38	
7	1	4	109	371	2	0	0.75	0	100	0	74	
7	1	4	132	372	1	300	0.4	0.447987	0	0	0	
7	1	4	91	373	1	200	0.75	0.697435	0	0	0	
7	1	4	327	374	1	300	0.99	0.938392	0	0	0	
7	1	4	137	375	1	300	0.5	0.505307	0	0	0	
7	1	4	4	376	1	500	0.01	0.0361328	0	0	0	
7	1	4	133	377	2	0	0.9	0	150	100	137	
7	1	4	130	378	1	600	0.25	0.455418	0	0	0	
7	1	4	137	379	2	0	0.95	0	50	0	45	
7	1	4	17	380	1	300	0.25	0.350331	0	0	0	
7	1	4	106	381	2	0	0.75	0	25	0	18.5	
7	1	4	168	382	1	400	0.01	0.0467476	0	0	0	
7	1	4	322	383	1	300	0.95	0.893809	0	0	0	
7	1	4	328	384	1	400	0.99	0.938392	0	0	0	
7	1	4	20	385	2	0	0.05	0	150	0	3	
7	1	4	152	386	1	300	0.9	0.805707	0	0	0	
7	1	4	25	387	1	600	0.4	0.233568	0	0	0	
7	1	4	122	388	1	300	0.1	0.15608	0	0	0	
7	1	4	199	389	1	500	0.6	0.543521	0	0	0	
7	1	4	15	390	2	0	0.01	0	200	150	153	
7	1	4	317	391	1	300	0.9	0.807829	0	0	0	
7	1	4	203	392	1	400	0.75	0.656038	0	0	0	
7	1	4	10	393	2	0	0.01	0	75	50	52.5	
7	1	4	1	394	1	200	0.01	0.054178	0	0	0	
7	1	4	323	395	1	400	0.95	0.900178	0	0	0	
7	1	4	164	396	2	0	0.99	0	200	100	194	
7	1	5	67	397	2	0	0.4	0	400	0	152	
7	1	5	221	398	1	200	0.01	0.0605469	0	0	0	
7	1	5	148	399	1	400	0.75	0.645423	0	0	0	
7	1	5	230	400	1	600	0.05	0.0796535	0	0	0	
7	1	5	68	401	1	400	0.1	0.158203	0	0	0	
7	1	5	57	402	1	300	0.01	0.0478091	0	0	0	
7	1	5	11	403	2	0	0.01	0	100	50	53	
7	1	5	283	404	1	400	0.05	0.105129	0	0	0	
7	1	5	245	405	1	600	0.4	0.505307	0	0	0	
7	1	5	246	406	1	200	0.5	0.610394	0	0	0	
7	1	5	35	407	2	0	0.1	0	150	0	15	
7	1	5	215	408	1	600	0.95	0.080715	0	0	0	
7	1	5	275	409	1	600	0.99	0.85135	0	0	0	
7	1	5	125	410	2	0	0.9	0	150	0	117	
7	1	5	96	411	2	0	0.6	0	200	0	116	
7	1	5	101	412	2	0	0.6	0	100	50	79	
7	1	5	70	413	2	0	0.4	0	75	50	58.5	
7	1	5	86	414	1	200	0.6	0.611456	0	0	0	
7	1	5	329	415	1	500	0.99	0.900178	0	0	0	
7	1	5	250	416	1	600	0.5	0.49257	0	0	0	
7	1	5	3	417	1	400	0.01	0.0467476	0	0	0	
7	1	5	272	418	1	300	0.99	0.954314	0	0	0	
7	1	5	304	419	1	500	0.5	0.508492	0	0	0	
7	1	5	6	420	2	0	0.01	0	200	0	20	
7	1	5	45	421	2	0	0.1	0	200	150	161	
7	1	5	282	422	1	300	0.05	0.152896	0	0	0	
7	1	5	270	423	1	600	0.95	0.832244	0	0	0	
7	1	5	170	424	1	600	0.01	0.0658543	0	0	0	
7	1	5	150	425	1	600	0.75	0.661345	0	0	0	
7	1	5	31	426	1	200	0.6	0.598718	0	0	0	
7	1	5	95	427	1	600	0.75	0.743079	0	0	0	
7	1	5	17	428	2	0	0.05	0	50	0	3	
7	1	5	138	429	2	0	0.95	0	75	0	58.5	
7	1	5	93	430	2	0	0.6	0	75	0	28.5	
7	1	5	326	431	1	200	0.99	0.940515	0	0	0	
7	1	5	16	432	1	200	0.25	0.296196	0	0	0	
7	1	5	122	433	2	0	0.9	0	50	0	39	
7	1	5	11	434	1	200	0.1	0.308933	0	0	0	
7	1	5	109	435	1	500	0.99	0.93733	0	0	0	
7	1	5	5	436	1	600	0.01	0.0414402	0	0	0	
7	1	5	76	437	2	0	0.5	0	25	0	12.5	
7	1	5	124	438	1	500	0.1	0.210216	0	0	0	
7	1	5	84	439	1	500	0.5	0.543521	0	0	0	
7	1	5	16	440	2	0	0.05	0	25	0	5.5	
7	1	5	248	441	1	400	0.5	0.505307	0	0	0	
7	1	5	47	442	1	300	0.95	0.899117	0	0	0	
7	1	5	231	443	1	200	0.1	0.200662	0	0	0	
7	1	5	201	444	1	200	0.75	0.808891	0	0	0	
7	1	5	131	445	2	0	0.9	0	100	50	95	
7	1	5	104	446	2	0	0.6	0	200	100	158	
7	1	5	184	447	1	500	0.25	0.342901	0	0	0	
7	1	5	267	448	1	300	0.95	0.904424	0	0	0	
7	1	5	83	449	1	400	0.5	0.491508	0	0	0	
7	1	5	117	450	1	300	0.05	0.161388	0	0	0	
7	1	5	177	451	1	300	0.1	0.106191	0	0	0	
7	1	5	178	452	1	400	0.1	0.100883	0	0	0	
7	1	5	88	453	2	0	0.5	0	150	100	125	
7	1	5	151	454	1	200	0.9	0.802522	0	0	0	
7	1	5	180	455	1	600	0.1	0.298319	0	0	0	
7	1	5	40	456	1	600	0.75	0.704866	0	0	0	
7	1	5	71	457	1	200	0.25	0.357762	0	0	0	
7	1	5	141	458	2	0	0.95	0	200	0	188	
7	1	5	229	459	1	500	0.05	0.104068	0	0	0	
7	1	5	87	460	2	0	0.5	0	150	50	100	
7	1	5	234	461	1	500	0.1	0.202785	0	0	0	
7	1	5	13	462	1	400	0.1	0.158203	0	0	0	
7	1	5	30	463	2	0	0.05	0	200	150	153	
7	1	5	223	464	1	400	0.01	0.0456861	0	0	0	
7	1	5	160	465	2	0	0.99	0	75	50	54.5	
7	1	5	6	466	1	200	0.05	0.100883	0	0	0	
7	1	5	128	467	1	400	0.25	0.566873	0	0	0	
7	1	5	269	468	1	500	0.95	0.896994	0	0	0	
7	1	5	291	469	1	200	0.25	0.405528	0	0	0	
7	1	5	53	470	2	0	0.25	0	800	0	208	
7	1	5	152	471	2	0	0.99	0	50	0	47	
7	1	5	103	472	1	400	0.95	0.852412	0	0	0	
7	1	5	37	473	1	300	0.75	0.651792	0	0	0	
7	1	5	318	474	1	400	0.9	0.709112	0	0	0	
7	1	5	135	475	2	0	0.9	0	200	150	189	
7	1	5	208	476	1	400	0.9	0.804645	0	0	0	
7	1	5	192	477	1	300	0.5	0.401282	0	0	0	
7	1	5	240	478	1	600	0.25	0.407651	0	0	0	
7	1	5	52	479	2	0	0.25	0	400	0	104	
7	1	5	278	480	1	400	0.01	0.0435632	0	0	0	
7	1	5	325	481	1	600	0.95	0.896994	0	0	0	
7	1	5	31	482	2	0	0.1	0	25	0	2.5	
7	1	5	107	483	2	0	0.75	0	50	0	39	
7	1	5	260	484	1	600	0.75	0.597656	0	0	0	
7	1	5	37	485	2	0	0.1	0	400	0	40	
7	1	5	179	486	1	500	0.1	0.207031	0	0	0	
7	1	5	18	487	1	400	0.25	0.196416	0	0	0	
7	1	5	61	488	2	0	0.4	0	25	0	9.5	
7	1	5	97	489	1	300	0.9	0.749448	0	0	0	
7	1	5	238	490	1	400	0.25	0.355639	0	0	0	
7	1	5	142	491	2	0	0.95	0	400	0	360	
7	1	5	33	492	1	400	0.6	0.76537	0	0	0	
7	1	5	5	493	2	0	0.01	0	150	0	9	
7	1	5	262	494	1	300	0.9	0.863026	0	0	0	
7	1	5	154	495	2	0	0.99	0	100	0	94	
7	2	1	313	1	1	400	0.75	0.70805	0	0	0	
7	2	1	147	2	2	0	0.95	0	150	50	68	
7	2	1	144	3	1	500	0.6	0.799338	0	0	0	
7	2	1	222	4	1	300	0.01	0.0265795	0	0	0	
7	2	1	288	5	1	400	0.1	0.146527	0	0	0	
7	2	1	39	6	1	500	0.75	0.85135	0	0	0	
7	2	1	90	7	1	600	0.6	0.748387	0	0	0	
7	2	1	278	8	1	400	0.01	0.054178	0	0	0	
7	2	1	39	9	2	0	0.1	0	50	25	30.5	
7	2	1	129	10	2	0	0.9	0	50	25	44.5	
7	2	1	106	11	1	200	0.99	0.962806	0	0	0	
7	2	1	289	12	1	500	0.1	0.150773	0	0	0	
7	2	1	110	13	2	0	0.75	0	150	0	81	
7	2	1	82	14	2	0	0.5	0	400	0	136	
7	2	1	309	15	1	500	0.6	0.646484	0	0	0	
7	2	1	139	16	1	500	0.5	0.608271	0	0	0	
7	2	1	173	17	1	400	0.05	0.107252	0	0	0	
7	2	1	92	18	2	0	0.6	0	50	0	11	
7	2	1	107	19	1	300	0.99	0.0361328	0	0	0	
7	2	1	85	20	2	0	0.5	0	75	50	61.5	
7	2	1	279	21	1	500	0.01	0.0499321	0	0	0	
7	2	1	235	22	1	600	0.1	0.202785	0	0	0	
7	2	1	185	23	1	600	0.25	0.348208	0	0	0	
7	2	1	32	24	2	0	0.1	0	50	0	3	
7	2	1	191	25	1	200	0.5	0.600841	0	0	0	
7	2	1	227	26	1	300	0.05	0.150773	0	0	0	
7	2	1	143	27	1	400	0.6	0.70062	0	0	0	
7	2	1	130	28	2	0	0.9	0	75	50	69.5	
7	2	1	268	29	1	400	0.95	0.921408	0	0	0	
7	2	1	79	30	2	0	0.5	0	100	0	50	
7	2	1	89	31	2	0	0.5	0	200	100	150	
7	2	1	196	32	1	200	0.6	0.70062	0	0	0	
7	2	1	13	33	1	400	0.1	0.152896	0	0	0	
7	2	1	36	34	1	200	0.75	0.697435	0	0	0	
7	2	1	101	35	1	200	0.95	0.85135	0	0	0	
7	2	1	145	36	1	600	0.6	0.510615	0	0	0	
7	2	1	208	37	1	400	0.9	0.905486	0	0	0	
7	2	1	33	38	1	400	0.6	0.506369	0	0	0	
7	2	1	181	39	1	200	0.25	0.399159	0	0	0	
7	2	1	99	40	2	0	0.6	0	50	25	37.5	
7	2	1	220	41	1	600	0.99	0.944761	0	0	0	
7	2	1	65	42	1	600	0.05	0.0647928	0	0	0	
7	2	1	232	43	1	300	0.1	0.253736	0	0	0	
7	2	1	26	44	1	200	0.5	0.504246	0	0	0	
7	2	1	113	45	1	400	0.01	0.0297639	0	0	0	
7	2	1	44	46	1	500	0.9	0.899117	0	0	0	
7	2	1	320	47	1	600	0.9	0.850289	0	0	0	
7	2	1	8	48	2	0	0.01	0	800	0	16	
7	2	1	97	49	2	0	0.6	0	400	0	168	
7	2	1	182	50	1	300	0.25	0.250552	0	0	0	
7	2	1	69	51	1	500	0.1	0.101945	0	0	0	
7	2	1	95	52	1	600	0.75	0.75051	0	0	0	
7	2	1	93	53	2	0	0.6	0	75	0	22.5	
7	2	1	29	54	2	0	0.05	0	200	100	106	
7	2	1	124	55	2	0	0.9	0	100	0	22	
7	2	1	108	56	1	400	0.99	0.960683	0	0	0	
7	2	1	66	57	1	200	0.1	0.197478	0	0	0	
7	2	1	103	58	1	400	0.95	0.905486	0	0	0	
7	2	1	71	59	1	200	0.25	0.254798	0	0	0	
7	2	1	14	60	2	0	0.01	0	200	100	102	
7	2	1	47	61	2	0	0.25	0	50	0	5	
7	2	1	210	62	1	600	0.9	0.848166	0	0	0	
7	2	1	269	63	1	500	0.95	0.936269	0	0	0	
7	2	1	25	64	1	600	0.4	0.355639	0	0	0	
7	2	1	113	65	2	0	0.75	0	800	0	176	
7	2	1	276	66	1	200	0.01	0.0584239	0	0	0	
7	2	1	57	67	2	0	0.25	0	150	50	72	
7	2	1	25	68	2	0	0.05	0	75	50	52.5	
7	2	1	64	69	1	500	0.05	0.106191	0	0	0	
7	2	1	158	70	2	0	0.99	0	800	0	720	
7	2	1	19	71	1	500	0.25	0.30681	0	0	0	
7	2	1	22	72	2	0	0.05	0	400	0	40	
7	2	1	134	73	1	500	0.4	0.402344	0	0	0	
7	2	1	319	74	1	500	0.9	0.852412	0	0	0	
7	2	1	10	75	1	600	0.05	0.150773	0	0	0	
7	2	1	147	76	1	300	0.75	0.744141	0	0	0	
7	2	1	142	77	2	0	0.95	0	400	0	72	
7	2	1	295	78	1	600	0.25	0.304688	0	0	0	
7	2	1	301	79	1	200	0.5	0.496816	0	0	0	
7	2	1	146	80	2	0	0.95	0	100	50	91	
7	2	1	152	81	2	0	0.99	0	50	0	47	
7	2	1	119	82	2	0	0.75	0	200	100	170	
7	2	1	89	83	1	500	0.6	0.595533	0	0	0	
7	2	1	124	84	1	500	0.1	0.152896	0	0	0	
7	2	1	44	85	2	0	0.1	0	200	100	122	
7	2	1	135	86	1	600	0.4	0.50743	0	0	0	
7	2	1	71	87	2	0	0.4	0	100	50	61	
7	2	1	177	88	1	300	0.1	0.243122	0	0	0	
7	2	1	273	89	1	400	0.99	0.601902	0	0	0	
7	2	1	277	90	1	300	0.01	0.0435632	0	0	0	
7	2	1	60	91	2	0	0.25	0	200	150	161	
7	2	1	314	92	1	500	0.75	0.70062	0	0	0	
7	2	1	6	93	1	200	0.05	0.104068	0	0	0	
7	2	1	280	94	1	600	0.01	0.0446247	0	0	0	
7	2	1	96	95	1	200	0.9	0.849227	0	0	0	
7	2	1	121	96	2	0	0.9	0	25	0	19.5	
7	2	1	132	97	1	300	0.4	0.5	0	0	0	
7	2	1	242	98	1	300	0.4	0.496816	0	0	0	
7	2	1	122	99	2	0	0.9	0	50	0	39	
7	2	2	107	100	2	0	0.75	0	50	0	39	
7	2	2	126	101	1	200	0.25	0.398098	0	0	0	
7	2	2	16	102	2	0	0.05	0	25	0	1.5	
7	2	2	312	103	1	300	0.75	0.600841	0	0	0	
7	2	2	132	104	2	0	0.9	0	150	50	128	
7	2	2	315	105	1	600	0.75	0.85135	0	0	0	
7	2	2	98	106	1	400	0.9	0.90124	0	0	0	
7	2	2	102	107	1	300	0.95	0.902301	0	0	0	
7	2	2	195	108	1	600	0.5	0.55732	0	0	0	
7	2	2	213	109	1	400	0.95	0.926715	0	0	0	
7	2	2	6	110	2	0	0.01	0	200	0	4	
7	2	2	73	111	2	0	0.4	0	150	100	115	
7	2	2	161	112	1	200	0.99	0.84392	0	0	0	
7	2	2	125	113	2	0	0.9	0	150	0	99	
7	2	2	86	114	2	0	0.5	0	100	50	63	
7	2	2	159	115	2	0	0.99	0	50	25	48.5	
7	2	2	174	116	1	500	0.05	0.149711	0	0	0	
7	2	2	226	117	1	200	0.05	0.0966372	0	0	0	
7	2	2	187	118	1	300	0.4	0.5	0	0	0	
7	2	2	35	119	2	0	0.1	0	150	0	9	
7	2	2	204	120	1	500	0.75	0.712296	0	0	0	
7	2	2	243	121	1	400	0.4	0.402344	0	0	0	
7	2	2	307	122	1	300	0.6	0.608271	0	0	0	
7	2	2	75	123	1	600	0.25	0.401282	0	0	0	
7	2	2	244	124	1	500	0.4	0.514861	0	0	0	
7	2	2	157	125	1	300	0.95	0.854535	0	0	0	
7	2	2	317	126	1	300	0.9	0.855596	0	0	0	
7	2	2	155	127	2	0	0.99	0	150	0	141	
7	2	2	84	128	1	500	0.5	0.555197	0	0	0	
7	2	2	104	129	1	500	0.95	0.896994	0	0	0	
7	2	2	108	130	2	0	0.75	0	75	0	40.5	
7	2	2	135	131	2	0	0.9	0	200	150	179	
7	2	2	34	132	2	0	0.1	0	100	0	6	
7	2	2	163	133	1	400	0.99	0.940515	0	0	0	
7	2	2	160	134	2	0	0.99	0	75	50	69.5	
7	2	2	240	135	1	600	0.25	0.255859	0	0	0	
7	2	2	68	136	2	0	0.4	0	800	0	112	
7	2	2	20	137	1	600	0.25	0.365192	0	0	0	
7	2	2	5	138	1	600	0.01	0.0371943	0	0	0	
7	2	2	122	139	1	300	0.1	0.24949	0	0	0	
7	2	2	55	140	1	600	0.99	0.956437	0	0	0	
7	2	2	155	141	1	600	0.9	0.857719	0	0	0	
7	2	2	96	142	2	0	0.6	0	200	0	52	
7	2	2	76	143	2	0	0.5	0	25	0	14.5	
7	2	2	42	144	2	0	0.1	0	150	50	72	
7	2	2	83	145	2	0	0.5	0	800	0	176	
7	2	2	14	146	1	500	0.1	0.199601	0	0	0	
7	2	2	61	147	1	200	0.05	0.144404	0	0	0	
7	2	2	186	148	1	200	0.4	0.501061	0	0	0	
7	2	2	156	149	1	200	0.95	0.75051	0	0	0	
7	2	2	109	150	2	0	0.75	0	100	0	38	
7	2	2	49	151	2	0	0.25	0	100	0	22	
7	2	2	162	152	1	300	0.99	0.944761	0	0	0	
7	2	2	5	153	2	0	0.01	0	150	0	15	
7	2	2	178	154	1	400	0.1	0.146527	0	0	0	
7	2	2	308	155	1	400	0.6	0.600841	0	0	0	
7	2	2	215	156	1	600	0.95	0.904424	0	0	0	
7	2	2	116	157	2	0	0.75	0	100	50	71	
7	2	2	21	158	1	200	0.4	0.508492	0	0	0	
7	2	2	284	159	1	500	0.05	0.0552395	0	0	0	
7	2	2	179	160	1	500	0.1	0.106191	0	0	0	
7	2	2	154	161	2	0	0.99	0	100	0	78	
7	2	2	114	162	1	500	0.01	0.0488706	0	0	0	
7	2	2	274	163	1	500	0.99	0.949006	0	0	0	
7	2	2	98	164	2	0	0.6	0	800	0	176	
7	2	2	141	165	2	0	0.95	0	200	0	188	
7	2	2	136	166	1	200	0.5	0.601902	0	0	0	
7	2	2	209	167	1	500	0.9	0.805707	0	0	0	
7	2	2	256	168	1	200	0.75	0.734587	0	0	0	
7	2	2	183	169	1	400	0.25	0.343962	0	0	0	
7	2	2	68	170	1	400	0.1	0.24206	0	0	0	
7	2	2	144	171	2	0	0.95	0	50	25	44.5	
7	2	2	42	172	1	300	0.9	0.712296	0	0	0	
7	2	2	58	173	1	400	0.01	0.0488706	0	0	0	
7	2	2	241	174	1	200	0.4	0.400221	0	0	0	
7	2	2	85	175	1	600	0.5	0.651792	0	0	0	
7	2	2	246	176	1	200	0.5	0.604025	0	0	0	
7	2	2	51	177	1	200	0.99	0.963867	0	0	0	
7	2	2	197	178	1	300	0.6	0.555197	0	0	0	
7	2	2	128	179	2	0	0.9	0	800	0	272	
7	2	2	45	180	2	0	0.1	0	200	150	161	
7	2	2	9	181	1	500	0.05	0.0785921	0	0	0	
7	2	2	31	182	1	200	0.6	0.610394	0	0	0	
7	2	2	46	183	1	200	0.95	0.902301	0	0	0	
7	2	2	221	184	1	200	0.01	0.153957	0	0	0	
7	2	2	190	185	1	600	0.4	0.40659	0	0	0	
7	2	2	17	186	2	0	0.05	0	50	0	5	
7	2	2	150	187	1	600	0.75	0.705927	0	0	0	
7	2	2	228	188	1	400	0.05	0.161388	0	0	0	
7	2	2	65	189	2	0	0.4	0	150	0	57	
7	2	2	115	190	2	0	0.75	0	75	50	64.5	
7	2	2	156	191	2	0	0.99	0	200	0	188	
7	2	2	18	192	1	400	0.25	0.446926	0	0	0	
7	2	2	22	193	1	300	0.4	0.399159	0	0	0	
7	2	2	140	194	1	600	0.5	0.498939	0	0	0	
7	2	2	148	195	1	400	0.75	0.759001	0	0	0	
7	2	2	225	196	1	600	0.01	0.0371943	0	0	0	
7	2	2	175	197	1	600	0.05	0.0817765	0	0	0	
7	2	2	130	198	1	600	0.25	0.247368	0	0	0	
7	2	3	81	199	1	200	0.5	0.609333	0	0	0	
7	2	3	153	200	2	0	0.99	0	75	0	70.5	
7	2	3	76	201	1	200	0.4	0.550951	0	0	0	
7	2	3	259	202	1	500	0.75	0.699558	0	0	0	
7	2	3	271	203	1	200	0.99	0.90124	0	0	0	
7	2	3	38	204	1	400	0.75	0.747325	0	0	0	
7	2	3	101	205	2	0	0.6	0	100	50	79	
7	2	3	233	206	1	400	0.1	0.145465	0	0	0	
7	2	3	303	207	1	400	0.5	0.445864	0	0	0	
7	2	3	146	208	1	200	0.75	0.745202	0	0	0	
7	2	3	82	209	1	300	0.5	0.5	0	0	0	
7	2	3	80	210	1	600	0.4	0.447987	0	0	0	
7	2	3	194	211	1	500	0.5	0.5	0	0	0	
7	2	3	329	212	1	500	0.99	0.955375	0	0	0	
7	2	3	145	213	2	0	0.95	0	75	50	69.5	
7	2	3	296	214	1	200	0.4	0.505307	0	0	0	
7	2	3	41	215	2	0	0.1	0	100	50	61	
7	2	3	37	216	2	0	0.1	0	400	0	24	
7	2	3	46	217	2	0	0.25	0	25	0	5.5	
7	2	3	203	218	1	400	0.75	0.70062	0	0	0	
7	2	3	165	219	1	600	0.99	0.96599	0	0	0	
7	2	3	261	220	1	200	0.9	0.795092	0	0	0	
7	2	3	120	221	2	0	0.75	0	200	150	175	
7	2	3	165	222	2	0	0.99	0	200	150	195	
7	2	3	16	223	1	200	0.25	0.355639	0	0	0	
7	2	3	176	224	1	200	0.1	0.259044	0	0	0	
7	2	3	211	225	1	200	0.95	0.795092	0	0	0	
7	2	3	97	226	1	300	0.9	0.75051	0	0	0	
7	2	3	188	227	1	400	0.4	0.399159	0	0	0	
7	2	3	83	228	1	400	0.5	0.55732	0	0	0	
7	2	3	62	229	2	0	0.4	0	50	0	21	
7	2	3	216	230	1	200	0.99	0.943699	0	0	0	
7	2	3	267	231	1	300	0.95	0.900178	0	0	0	
7	2	3	10	232	2	0	0.01	0	75	50	52.5	
7	2	3	80	233	2	0	0.5	0	150	0	75	
7	2	3	127	234	2	0	0.9	0	400	0	168	
7	2	3	87	235	2	0	0.5	0	150	50	76	
7	2	3	29	236	1	500	0.5	0.5	0	0	0	
7	2	3	56	237	1	200	0.01	0.0340099	0	0	0	
7	2	3	72	238	1	300	0.25	0.5	0	0	0	
7	2	3	300	239	1	600	0.4	0.508492	0	0	0	
7	2	3	114	240	2	0	0.75	0	50	25	44.5	
7	2	3	34	241	1	500	0.6	0.608271	0	0	0	
7	2	3	149	242	2	0	0.95	0	200	100	182	
7	2	3	60	243	1	600	0.01	0.0297639	0	0	0	
7	2	3	282	244	1	300	0.05	0.552013	0	0	0	
7	2	3	322	245	1	300	0.95	0.847104	0	0	0	
7	2	3	52	246	2	0	0.25	0	400	0	88	
7	2	3	304	247	1	500	0.5	0.5	0	0	0	
7	2	3	102	248	2	0	0.6	0	150	50	76	
7	2	3	219	249	1	500	0.99	0.943699	0	0	0	
7	2	3	94	250	1	500	0.75	0.65073	0	0	0	
7	2	3	50	251	2	0	0.25	0	150	0	33	
7	2	3	49	252	1	500	0.95	0.841797	0	0	0	
7	2	3	38	253	2	0	0.1	0	800	0	48	
7	2	3	237	254	1	300	0.25	0.29938	0	0	0	
7	2	3	136	255	2	0	0.95	0	25	0	21.5	
7	2	3	55	256	2	0	0.25	0	75	50	60.5	
7	2	3	164	257	2	0	0.99	0	200	100	190	
7	2	3	272	258	1	300	0.99	0.941576	0	0	0	
7	2	3	258	259	1	400	0.75	0.552013	0	0	0	
7	2	3	127	260	1	300	0.25	0.300442	0	0	0	
7	2	3	275	261	1	600	0.99	0.979789	0	0	0	
7	2	3	66	262	2	0	0.4	0	200	0	44	
7	2	3	239	263	1	500	0.25	0.300442	0	0	0	
7	2	3	12	264	2	0	0.01	0	150	50	56	
7	2	3	11	265	2	0	0.01	0	100	50	55	
7	2	3	248	266	1	400	0.5	0.5	0	0	0	
7	2	3	28	267	2	0	0.05	0	150	100	111	
7	2	3	53	268	1	400	0.99	0.944761	0	0	0	
7	2	3	120	269	1	600	0.05	0.0892069	0	0	0	
7	2	3	48	270	2	0	0.25	0	75	0	16.5	
7	2	3	229	271	1	500	0.05	0.0934528	0	0	0	
7	2	3	286	272	1	200	0.1	0.204908	0	0	0	
7	2	3	168	273	1	400	0.01	0.052055	0	0	0	
7	2	3	297	274	1	300	0.4	0.407651	0	0	0	
7	2	3	3	275	1	400	0.01	0.0616084	0	0	0	
7	2	3	249	276	1	500	0.5	0.646484	0	0	0	
7	2	3	218	277	1	400	0.99	0.954314	0	0	0	
7	2	3	310	278	1	600	0.6	0.654976	0	0	0	
7	2	3	43	279	2	0	0.1	0	150	100	111	
7	2	3	330	280	1	600	0.99	0.968113	0	0	0	
7	2	3	24	281	1	500	0.4	0.5	0	0	0	
7	2	3	11	282	1	200	0.1	0.253736	0	0	0	
7	2	3	151	283	1	200	0.9	0.759001	0	0	0	
7	2	3	105	284	1	600	0.95	0.895932	0	0	0	
7	2	3	230	285	1	600	0.05	0.160326	0	0	0	
7	2	3	30	286	1	600	0.5	0.5	0	0	0	
7	2	3	18	287	2	0	0.05	0	75	0	4.5	
7	2	3	110	288	1	600	0.99	0.942638	0	0	0	
7	2	3	90	289	2	0	0.5	0	200	150	175	
7	2	3	131	290	1	200	0.4	0.403405	0	0	0	
7	2	3	291	291	1	200	0.25	0.34927	0	0	0	
7	2	3	281	292	1	200	0.05	0.149711	0	0	0	
7	2	3	100	293	2	0	0.6	0	75	50	64.5	
7	2	3	72	294	2	0	0.4	0	150	50	72	
7	2	3	103	295	2	0	0.6	0	150	100	121	
7	2	3	292	296	1	300	0.25	0.410836	0	0	0	
7	2	3	263	297	1	400	0.9	0.79403	0	0	0	
7	2	4	129	298	1	500	0.25	0.304688	0	0	0	
7	2	4	290	299	1	600	0.1	0.20597	0	0	0	
7	2	4	26	300	2	0	0.05	0	100	50	61	
7	2	4	302	301	1	300	0.5	0.602964	0	0	0	
7	2	4	88	302	2	0	0.5	0	150	100	125	
7	2	4	93	303	1	400	0.75	0.647546	0	0	0	
7	2	4	252	304	1	300	0.6	0.5	0	0	0	
7	2	4	321	305	1	200	0.95	0.798276	0	0	0	
7	2	4	270	306	1	600	0.95	0.896994	0	0	0	
7	2	4	77	307	1	300	0.4	0.744141	0	0	0	
7	2	4	306	308	1	200	0.6	0.605087	0	0	0	
7	2	4	116	309	1	200	0.05	0.157142	0	0	0	
7	2	4	112	310	2	0	0.75	0	400	0	104	
7	2	4	59	311	2	0	0.25	0	200	100	122	
7	2	4	137	312	2	0	0.95	0	50	0	45	
7	2	4	266	313	1	200	0.95	0.848166	0	0	0	
7	2	4	7	314	1	300	0.05	0.362007	0	0	0	
7	2	4	50	315	1	600	0.95	0.859842	0	0	0	
7	2	4	92	316	1	300	0.75	0.602964	0	0	0	
7	2	4	111	317	1	200	0.01	0.0955757	0	0	0	
7	2	4	48	318	1	400	0.95	0.506369	0	0	0	
7	2	4	212	319	1	300	0.95	0.902301	0	0	0	
7	2	4	205	320	1	600	0.75	0.596595	0	0	0	
7	2	4	63	321	2	0	0.4	0	75	0	34.5	
7	2	4	35	322	1	600	0.6	0.405528	0	0	0	
7	2	4	73	323	1	400	0.25	0.351393	0	0	0	
7	2	4	260	324	1	600	0.75	0.806768	0	0	0	
7	2	4	207	325	1	300	0.9	0.739895	0	0	0	
7	2	4	109	326	1	500	0.99	0.93733	0	0	0	
7	2	4	193	327	1	400	0.5	0.5	0	0	0	
7	2	4	74	328	1	500	0.25	0.398098	0	0	0	
7	2	4	234	329	1	500	0.1	0.203847	0	0	0	
7	2	4	262	330	1	300	0.9	0.792969	0	0	0	
7	2	4	206	331	1	200	0.9	0.747325	0	0	0	
7	2	4	141	332	1	200	0.6	0.604025	0	0	0	
7	2	4	202	333	1	300	0.75	0.753694	0	0	0	
7	2	4	169	334	1	500	0.01	0.0265795	0	0	0	
7	2	4	53	335	2	0	0.25	0	800	0	112	
7	2	4	247	336	1	300	0.5	0.606148	0	0	0	
7	2	4	171	337	1	200	0.05	0.15608	0	0	0	
7	2	4	23	338	2	0	0.05	0	800	0	112	
7	2	4	118	339	2	0	0.75	0	150	100	135	
7	2	4	117	340	2	0	0.75	0	150	50	128	
7	2	4	62	341	1	300	0.05	0.107252	0	0	0	
7	2	4	17	342	1	300	0.25	0.359885	0	0	0	
7	2	4	27	343	1	300	0.5	0.5	0	0	0	
7	2	4	56	344	2	0	0.25	0	100	50	75	
7	2	4	264	345	1	500	0.9	0.796153	0	0	0	
7	2	4	123	346	1	400	0.1	0.198539	0	0	0	
7	2	4	69	347	2	0	0.4	0	50	25	35.5	
7	2	4	88	348	1	400	0.6	0.649669	0	0	0	
7	2	4	161	349	2	0	0.99	0	100	50	97	
7	2	4	162	350	2	0	0.99	0	150	50	148	
7	2	4	99	351	1	500	0.9	0.850289	0	0	0	
7	2	4	119	352	1	500	0.05	0.109375	0	0	0	
7	2	4	79	353	1	500	0.4	0.45011	0	0	0	
7	2	4	51	354	2	0	0.25	0	200	0	84	
7	2	4	121	355	1	200	0.1	0.266474	0	0	0	
7	2	4	64	356	2	0	0.4	0	100	0	30	
7	2	4	9	357	2	0	0.01	0	50	25	26.5	
7	2	4	105	358	2	0	0.6	0	200	150	161	
7	2	4	198	359	1	400	0.6	0.5	0	0	0	
7	2	4	31	360	2	0	0.1	0	25	0	5.5	
7	2	4	15	361	2	0	0.01	0	200	150	153	
7	2	4	1	362	1	200	0.01	0.0573624	0	0	0	
7	2	4	112	363	1	300	0.01	0.0382558	0	0	0	
7	2	4	154	364	1	500	0.9	0.842858	0	0	0	
7	2	4	54	365	2	0	0.25	0	50	25	30.5	
7	2	4	137	366	1	300	0.5	0.5	0	0	0	
7	2	4	84	367	2	0	0.5	0	50	25	34.5	
7	2	4	40	368	2	0	0.1	0	75	50	55.5	
7	2	4	133	369	1	400	0.4	0.401282	0	0	0	
7	2	4	217	370	1	300	0.99	0.976605	0	0	0	
7	2	4	58	371	2	0	0.25	0	150	100	121	
7	2	4	106	372	2	0	0.75	0	25	0	14.5	
7	2	4	87	373	1	300	0.6	0.590226	0	0	0	
7	2	4	163	374	2	0	0.99	0	150	100	147	
7	2	4	70	375	2	0	0.4	0	75	50	60.5	
7	2	4	78	376	1	400	0.4	0.394913	0	0	0	
7	2	4	150	377	2	0	0.95	0	200	150	189	
7	2	4	23	378	1	400	0.4	0.464971	0	0	0	
7	2	4	61	379	2	0	0.4	0	25	0	9.5	
7	2	4	63	380	1	400	0.05	0.104068	0	0	0	
7	2	4	104	381	2	0	0.6	0	200	100	138	
7	2	4	152	382	1	300	0.9	0.800399	0	0	0	
7	2	4	245	383	1	600	0.4	0.411897	0	0	0	
7	2	4	40	384	1	600	0.75	0.699558	0	0	0	
7	2	4	125	385	1	600	0.1	0.151834	0	0	0	
7	2	4	139	386	2	0	0.95	0	100	0	78	
7	2	4	30	387	2	0	0.05	0	200	150	161	
7	2	4	158	388	1	400	0.95	0.866211	0	0	0	
7	2	4	265	389	1	600	0.9	0.894871	0	0	0	
7	2	4	318	390	1	400	0.9	0.894871	0	0	0	
7	2	4	149	391	1	500	0.75	0.70805	0	0	0	
7	2	4	294	392	1	500	0.25	0.247368	0	0	0	
7	2	4	2	393	2	0	0.01	0	50	0	3	
7	2	4	54	394	1	500	0.99	0.95856	0	0	0	
7	2	4	189	395	1	500	0.4	0.399159	0	0	0	
7	2	4	257	396	1	300	0.75	0.709112	0	0	0	
7	2	5	24	397	2	0	0.05	0	50	25	27.5	
7	2	5	223	398	1	400	0.01	0.0584239	0	0	0	
7	2	5	138	399	2	0	0.95	0	75	0	58.5	
7	2	5	134	400	2	0	0.9	0	200	100	178	
7	2	5	28	401	1	400	0.5	0.456479	0	0	0	
7	2	5	41	402	1	200	0.9	0.805707	0	0	0	
7	2	5	285	403	1	600	0.05	0.152896	0	0	0	
7	2	5	33	404	2	0	0.1	0	75	0	7.5	
7	2	5	43	405	1	400	0.9	0.804645	0	0	0	
7	2	5	180	406	1	600	0.1	0.207031	0	0	0	
7	2	5	160	407	1	600	0.95	0.846043	0	0	0	
7	2	5	36	408	2	0	0.1	0	200	0	20	
7	2	5	13	409	2	0	0.01	0	150	100	103	
7	2	5	59	410	1	500	0.01	0.0594854	0	0	0	
7	2	5	328	411	1	400	0.99	0.968113	0	0	0	
7	2	5	325	412	1	600	0.95	0.871518	0	0	0	
7	2	5	224	413	1	500	0.01	0.0371943	0	0	0	
7	2	5	52	414	1	300	0.99	0.942638	0	0	0	
7	2	5	299	415	1	500	0.4	0.394913	0	0	0	
7	2	5	37	416	1	300	0.75	0.72185	0	0	0	
7	2	5	142	417	1	300	0.6	0.702743	0	0	0	
7	2	5	4	418	1	500	0.01	0.0308254	0	0	0	
7	2	5	255	419	1	600	0.6	0.661345	0	0	0	
7	2	5	126	420	2	0	0.9	0	200	0	44	
7	2	5	148	421	2	0	0.95	0	150	100	143	
7	2	5	283	422	1	400	0.05	0.104068	0	0	0	
7	2	5	20	423	2	0	0.05	0	150	0	9	
7	2	5	131	424	2	0	0.9	0	100	50	89	
7	2	5	326	425	1	200	0.99	0.906547	0	0	0	
7	2	5	201	426	1	200	0.75	0.706989	0	0	0	
7	2	5	77	427	2	0	0.5	0	50	0	25	
7	2	5	86	428	1	200	0.6	0.5	0	0	0	
7	2	5	12	429	1	300	0.1	0.192171	0	0	0	
7	2	5	94	430	2	0	0.6	0	100	0	38	
7	2	5	151	431	2	0	0.99	0	25	0	24.5	
7	2	5	100	432	1	600	0.9	0.849227	0	0	0	
7	2	5	153	433	1	400	0.9	0.79403	0	0	0	
7	2	5	164	434	1	500	0.99	0.964929	0	0	0	
7	2	5	3	435	2	0	0.01	0	75	0	4.5	
7	2	5	78	436	2	0	0.5	0	75	0	31.5	
7	2	5	157	437	2	0	0.99	0	400	0	392	
7	2	5	143	438	2	0	0.95	0	800	0	688	
7	2	5	231	439	1	200	0.1	0.261167	0	0	0	
7	2	5	254	440	1	500	0.6	0.659222	0	0	0	
7	2	5	111	441	2	0	0.75	0	200	0	60	
7	2	5	81	442	2	0	0.5	0	200	0	100	
7	2	5	140	443	2	0	0.95	0	150	0	141	
7	2	5	253	444	1	400	0.6	0.5	0	0	0	
7	2	5	192	445	1	300	0.5	0.594472	0	0	0	
7	2	5	184	446	1	500	0.25	0.402344	0	0	0	
7	2	5	167	447	1	300	0.01	0.0297639	0	0	0	
7	2	5	32	448	1	300	0.6	0.595533	0	0	0	
7	2	5	305	449	1	600	0.5	0.555197	0	0	0	
7	2	5	236	450	1	200	0.25	0.342901	0	0	0	
7	2	5	298	451	1	400	0.4	0.460725	0	0	0	
7	2	5	117	452	1	300	0.05	0.15608	0	0	0	
7	2	5	170	453	1	600	0.01	0.0212721	0	0	0	
7	2	5	21	454	2	0	0.05	0	200	0	12	
7	2	5	324	455	1	500	0.95	0.847104	0	0	0	
7	2	5	251	456	1	200	0.6	0.5	0	0	0	
7	2	5	2	457	1	300	0.01	0.0478091	0	0	0	
7	2	5	311	458	1	200	0.75	0.754755	0	0	0	
7	2	5	15	459	1	600	0.1	0.105129	0	0	0	
7	2	5	123	460	2	0	0.9	0	75	0	43.5	
7	2	5	323	461	1	400	0.95	0.85135	0	0	0	
7	2	5	293	462	1	400	0.25	0.158203	0	0	0	
7	2	5	91	463	2	0	0.6	0	25	0	5.5	
7	2	5	238	464	1	400	0.25	0.345024	0	0	0	
7	2	5	200	465	1	600	0.6	0.595533	0	0	0	
7	2	5	7	466	2	0	0.01	0	400	0	24	
7	2	5	67	467	1	300	0.1	0.2134	0	0	0	
7	2	5	327	468	1	300	0.99	0.927777	0	0	0	
7	2	5	250	469	1	600	0.5	0.642238	0	0	0	
7	2	5	57	470	1	300	0.01	0.027641	0	0	0	
7	2	5	128	471	1	400	0.25	0.367315	0	0	0	
7	2	5	27	472	2	0	0.05	0	150	50	60	
7	2	5	159	473	1	500	0.95	0.912916	0	0	0	
7	2	5	1	474	2	0	0.01	0	25	0	1.5	
7	2	5	166	475	1	200	0.01	0.0722232	0	0	0	
7	2	5	19	476	2	0	0.05	0	100	0	6	
7	2	5	115	477	1	600	0.01	0.0329484	0	0	0	
7	2	5	75	478	2	0	0.4	0	200	150	179	
7	2	5	74	479	2	0	0.4	0	200	100	150	
7	2	5	47	480	1	300	0.95	0.806768	0	0	0	
7	2	5	118	481	1	400	0.05	0.152896	0	0	0	
7	2	5	316	482	1	200	0.9	0.688944	0	0	0	
7	2	5	138	483	1	400	0.5	0.5	0	0	0	
7	2	5	199	484	1	500	0.6	0.746264	0	0	0	
7	2	5	95	485	2	0	0.6	0	150	0	39	
7	2	5	214	486	1	500	0.95	0.841797	0	0	0	
7	2	5	45	487	1	600	0.9	0.884256	0	0	0	
7	2	5	70	488	1	600	0.1	0.155019	0	0	0	
7	2	5	8	489	1	400	0.05	0.0785921	0	0	0	
7	2	5	91	490	1	200	0.75	0.697435	0	0	0	
7	2	5	67	491	2	0	0.4	0	400	0	88	
7	2	5	133	492	2	0	0.9	0	150	100	139	
7	2	5	172	493	1	300	0.05	0.167756	0	0	0	
7	2	5	287	494	1	300	0.1	0.261167	0	0	0	
7	2	5	4	495	2	0	0.01	0	100	0	6	
