Subject#	Session#	Block#	Stim#	Trial#	Task	Numerosity	P_true	P_reported	x1	x2	CE	
11	1	1	24	1	1	500	0.4	0.515767	0	0	0	
11	1	1	145	2	1	600	0.6	0.621535	0	0	0	
11	1	1	236	3	1	200	0.25	0.330849	0	0	0	
11	1	1	53	4	2	0	0.25	0	800	0	208	
11	1	1	172	5	1	300	0.05	0.0410775	0	0	0	
11	1	1	116	6	1	200	0.05	0.0267166	0	0	0	
11	1	1	10	7	1	600	0.05	0.0354252	0	0	0	
11	1	1	108	8	2	0	0.75	0	75	0	37.5	
11	1	1	163	9	1	400	0.99	0.992682	0	0	0	
11	1	1	146	10	2	0	0.95	0	100	50	75	
11	1	1	249	11	1	500	0.5	0.54667	0	0	0	
11	1	1	94	12	1	500	0.75	0.766082	0	0	0	
11	1	1	154	13	1	500	0.9	0.909886	0	0	0	
11	1	1	131	14	2	0	0.9	0	100	50	75	
11	1	1	61	15	2	0	0.4	0	25	0	9.5	
11	1	1	70	16	2	0	0.4	0	75	50	55.5	
11	1	1	135	17	2	0	0.9	0	200	150	165	
11	1	1	157	18	1	300	0.95	0.956848	0	0	0	
11	1	1	294	19	1	500	0.25	0.205687	0	0	0	
11	1	1	214	20	1	500	0.95	0.925105	0	0	0	
11	1	1	308	21	1	400	0.6	0.611186	0	0	0	
11	1	1	257	22	1	300	0.75	0.738824	0	0	0	
11	1	1	277	23	1	300	0.01	0.00951618	0	0	0	
11	1	1	6	24	1	200	0.05	0.0310333	0	0	0	
11	1	1	291	25	1	200	0.25	0.179141	0	0	0	
11	1	1	3	26	2	0	0.01	0	75	0	10.5	
11	1	1	93	27	1	400	0.75	0.906078	0	0	0	
11	1	1	88	28	1	400	0.6	0.817241	0	0	0	
11	1	1	200	29	1	600	0.6	0.755941	0	0	0	
11	1	1	6	30	2	0	0.01	0	200	0	12	
11	1	1	128	31	1	400	0.25	0.123448	0	0	0	
11	1	1	132	32	2	0	0.9	0	150	50	76	
11	1	1	104	33	2	0	0.6	0	200	100	150	
11	1	1	81	34	1	200	0.5	0.552477	0	0	0	
11	1	1	66	35	2	0	0.4	0	200	0	76	
11	1	1	224	36	1	500	0.01	0.0157656	0	0	0	
11	1	1	175	37	1	600	0.05	0.0567344	0	0	0	
11	1	1	97	38	1	300	0.9	0.921421	0	0	0	
11	1	1	159	39	1	500	0.95	0.956556	0	0	0	
11	1	1	47	40	1	300	0.95	0.971979	0	0	0	
11	1	1	108	41	1	400	0.99	0.989086	0	0	0	
11	1	1	130	42	1	600	0.25	0.177708	0	0	0	
11	1	1	97	43	2	0	0.6	0	400	0	232	
11	1	1	44	44	2	0	0.1	0	200	100	110	
11	1	1	42	45	2	0	0.1	0	150	50	76	
11	1	1	39	46	2	0	0.1	0	50	25	34.5	
11	1	1	239	47	1	500	0.25	0.133294	0	0	0	
11	1	1	160	48	2	0	0.99	0	75	50	59.5	
11	1	1	54	49	1	500	0.99	0.992978	0	0	0	
11	1	1	254	50	1	500	0.6	0.672929	0	0	0	
11	1	1	323	51	1	400	0.95	0.938025	0	0	0	
11	1	1	117	52	1	300	0.05	0.0413783	0	0	0	
11	1	1	60	53	1	600	0.01	0.011073	0	0	0	
11	1	1	55	54	2	0	0.25	0	75	50	59.5	
11	1	1	63	55	1	400	0.05	0.0331739	0	0	0	
11	1	1	67	56	2	0	0.4	0	400	0	152	
11	1	1	15	57	1	600	0.1	0.115823	0	0	0	
11	1	1	71	58	1	200	0.25	0.329438	0	0	0	
11	1	1	48	59	1	400	0.95	0.929754	0	0	0	
11	1	1	68	60	2	0	0.4	0	800	0	304	
11	1	1	115	61	2	0	0.75	0	75	50	59.5	
11	1	1	45	62	2	0	0.1	0	200	150	165	
11	1	1	328	63	1	400	0.99	0.98515	0	0	0	
11	1	1	84	64	1	500	0.5	0.672694	0	0	0	
11	1	1	210	65	1	600	0.9	0.771182	0	0	0	
11	1	1	161	66	1	200	0.99	0.983801	0	0	0	
11	1	1	298	67	1	400	0.4	0.450699	0	0	0	
11	1	1	235	68	1	600	0.1	0.0805912	0	0	0	
11	1	1	29	69	1	500	0.5	0.303467	0	0	0	
11	1	1	4	70	1	500	0.01	0.0119664	0	0	0	
11	1	1	226	71	1	200	0.05	0.0371722	0	0	0	
11	1	1	222	72	1	300	0.01	0.00914024	0	0	0	
11	1	1	140	73	1	600	0.5	0.489244	0	0	0	
11	1	1	149	74	1	500	0.75	0.72039	0	0	0	
11	1	1	126	75	2	0	0.9	0	200	0	148	
11	1	1	94	76	2	0	0.6	0	100	0	58	
11	1	1	46	77	2	0	0.25	0	25	0	9.5	
11	1	1	152	78	1	300	0.9	0.889373	0	0	0	
11	1	1	77	79	1	300	0.4	0.597537	0	0	0	
11	1	1	149	80	2	0	0.95	0	200	100	150	
11	1	1	133	81	2	0	0.9	0	150	100	125	
11	1	1	164	82	1	500	0.99	0.992713	0	0	0	
11	1	1	139	83	2	0	0.95	0	100	0	50	
11	1	1	123	84	1	400	0.1	0.0733068	0	0	0	
11	1	1	32	85	2	0	0.1	0	50	0	9	
11	1	1	59	86	1	500	0.01	0.0115905	0	0	0	
11	1	1	89	87	2	0	0.5	0	200	100	150	
11	1	1	27	88	1	300	0.5	0.441309	0	0	0	
11	1	1	38	89	1	400	0.75	0.729735	0	0	0	
11	1	1	9	90	1	500	0.05	0.113232	0	0	0	
11	1	1	160	91	1	600	0.95	0.959816	0	0	0	
11	1	1	320	92	1	600	0.9	0.916361	0	0	0	
11	1	1	58	93	1	400	0.01	0.0168669	0	0	0	
11	1	1	49	94	2	0	0.25	0	100	0	26	
11	1	1	57	95	2	0	0.25	0	150	50	76	
11	1	1	111	96	1	200	0.01	0.0149032	0	0	0	
11	1	1	145	97	2	0	0.95	0	75	50	59.5	
11	1	1	193	98	1	400	0.5	0.592172	0	0	0	
11	1	1	176	99	1	200	0.1	0.120742	0	0	0	
11	1	2	126	100	1	200	0.25	0.264727	0	0	0	
11	1	2	221	101	1	200	0.01	0.0167387	0	0	0	
11	1	2	285	102	1	600	0.05	0.0443902	0	0	0	
11	1	2	187	103	1	300	0.4	0.427103	0	0	0	
11	1	2	164	104	2	0	0.99	0	200	100	174	
11	1	2	77	105	2	0	0.5	0	50	0	25	
11	1	2	76	106	1	200	0.4	0.435692	0	0	0	
11	1	2	302	107	1	300	0.5	0.674392	0	0	0	
11	1	2	273	108	1	400	0.99	0.983664	0	0	0	
11	1	2	73	109	2	0	0.4	0	150	100	125	
11	1	2	134	110	2	0	0.9	0	200	100	150	
11	1	2	69	111	1	500	0.1	0.0854873	0	0	0	
11	1	2	266	112	1	200	0.95	0.933354	0	0	0	
11	1	2	21	113	1	200	0.4	0.533476	0	0	0	
11	1	2	60	114	2	0	0.25	0	200	150	159	
11	1	2	139	115	1	500	0.5	0.58265	0	0	0	
11	1	2	27	116	2	0	0.05	0	150	50	60	
11	1	2	64	117	2	0	0.4	0	100	0	38	
11	1	2	206	118	1	200	0.9	0.885671	0	0	0	
11	1	2	48	119	2	0	0.25	0	75	0	19.5	
11	1	2	83	120	2	0	0.5	0	800	0	400	
11	1	2	90	121	1	600	0.6	0.573698	0	0	0	
11	1	2	109	122	2	0	0.75	0	100	0	74	
11	1	2	36	123	1	200	0.75	0.772265	0	0	0	
11	1	2	260	124	1	600	0.75	0.693539	0	0	0	
11	1	2	1	125	1	200	0.01	0.0163981	0	0	0	
11	1	2	65	126	2	0	0.4	0	150	0	57	
11	1	2	162	127	1	300	0.99	0.957012	0	0	0	
11	1	2	49	128	1	500	0.95	0.939515	0	0	0	
11	1	2	13	129	1	400	0.1	0.122396	0	0	0	
11	1	2	37	130	2	0	0.1	0	400	0	40	
11	1	2	61	131	1	200	0.05	0.0430457	0	0	0	
11	1	2	107	132	2	0	0.75	0	50	0	25	
11	1	2	209	133	1	500	0.9	0.897069	0	0	0	
11	1	2	220	134	1	600	0.99	0.83836	0	0	0	
11	1	2	177	135	1	300	0.1	0.130224	0	0	0	
11	1	2	36	136	2	0	0.1	0	200	0	20	
11	1	2	70	137	1	600	0.1	0.158725	0	0	0	
11	1	2	143	138	2	0	0.95	0	800	0	400	
11	1	2	241	139	1	200	0.4	0.359889	0	0	0	
11	1	2	154	140	2	0	0.99	0	100	0	50	
11	1	2	22	141	1	300	0.4	0.552322	0	0	0	
11	1	2	127	142	1	300	0.25	0.386899	0	0	0	
11	1	2	138	143	2	0	0.95	0	75	0	37.5	
11	1	2	47	144	2	0	0.25	0	50	0	13	
11	1	2	30	145	2	0	0.05	0	200	150	165	
11	1	2	91	146	2	0	0.6	0	25	0	10.5	
11	1	2	99	147	1	500	0.9	0.893907	0	0	0	
11	1	2	86	148	1	200	0.6	0.555989	0	0	0	
11	1	2	7	149	1	300	0.05	0.110127	0	0	0	
11	1	2	151	150	2	0	0.99	0	25	0	9.5	
11	1	2	80	151	2	0	0.5	0	150	0	75	
11	1	2	66	152	1	200	0.1	0.150326	0	0	0	
11	1	2	186	153	1	200	0.4	0.385621	0	0	0	
11	1	2	112	154	1	300	0.01	0.579138	0	0	0	
11	1	2	137	155	1	300	0.5	0.488284	0	0	0	
11	1	2	129	156	1	500	0.25	0.395077	0	0	0	
11	1	2	23	157	1	400	0.4	0.535997	0	0	0	
11	1	2	50	158	2	0	0.25	0	150	0	57	
11	1	2	155	159	1	600	0.9	0.886109	0	0	0	
11	1	2	135	160	1	600	0.4	0.551199	0	0	0	
11	1	2	52	161	2	0	0.25	0	400	0	104	
11	1	2	185	162	1	600	0.25	0.268615	0	0	0	
11	1	2	39	163	1	500	0.75	0.748519	0	0	0	
11	1	2	56	164	1	200	0.01	0.00705266	0	0	0	
11	1	2	183	165	1	400	0.25	0.0843285	0	0	0	
11	1	2	9	166	2	0	0.01	0	50	25	34.5	
11	1	2	38	167	2	0	0.1	0	800	0	80	
11	1	2	62	168	1	300	0.05	0.0672563	0	0	0	
11	1	2	98	169	2	0	0.6	0	800	0	464	
11	1	2	35	170	1	600	0.6	0.690965	0	0	0	
11	1	2	314	171	1	500	0.75	0.614927	0	0	0	
11	1	2	275	172	1	600	0.99	0.983177	0	0	0	
11	1	2	121	173	2	0	0.9	0	25	0	9.5	
11	1	2	136	174	2	0	0.95	0	25	0	9.5	
11	1	2	78	175	2	0	0.5	0	75	0	34.5	
11	1	2	113	176	1	400	0.01	0.0262522	0	0	0	
11	1	2	25	177	2	0	0.05	0	75	50	59.5	
11	1	2	305	178	1	600	0.5	0.497709	0	0	0	
11	1	2	204	179	1	500	0.75	0.683278	0	0	0	
11	1	2	125	180	1	600	0.1	0.249853	0	0	0	
11	1	2	215	181	1	600	0.95	0.926804	0	0	0	
11	1	2	264	182	1	500	0.9	0.869528	0	0	0	
11	1	2	243	183	1	400	0.4	0.434281	0	0	0	
11	1	2	194	184	1	500	0.5	0.539005	0	0	0	
11	1	2	115	185	1	600	0.01	0.0332934	0	0	0	
11	1	2	173	186	1	400	0.05	0.0763497	0	0	0	
11	1	2	86	187	2	0	0.5	0	100	50	75	
11	1	2	170	188	1	600	0.01	0.0196975	0	0	0	
11	1	2	233	189	1	400	0.1	0.0617145	0	0	0	
11	1	2	74	190	2	0	0.4	0	200	100	150	
11	1	2	107	191	1	300	0.99	0.473547	0	0	0	
11	1	2	202	192	1	300	0.75	0.725423	0	0	0	
11	1	2	132	193	1	300	0.4	0.639244	0	0	0	
11	1	2	51	194	1	200	0.99	0.985645	0	0	0	
11	1	2	11	195	1	200	0.1	0.219482	0	0	0	
11	1	2	31	196	1	200	0.6	0.521358	0	0	0	
11	1	2	227	197	1	300	0.05	0.139012	0	0	0	
11	1	2	143	198	1	400	0.6	0.718179	0	0	0	
11	1	3	203	199	1	400	0.75	0.6333	0	0	0	
11	1	3	329	200	1	500	0.99	0.98844	0	0	0	
11	1	3	32	201	1	300	0.6	0.532207	0	0	0	
11	1	3	72	202	1	300	0.25	0.364772	0	0	0	
11	1	3	18	203	1	400	0.25	0.359929	0	0	0	
11	1	3	142	204	2	0	0.95	0	400	0	200	
11	1	3	213	205	1	400	0.95	0.926693	0	0	0	
11	1	3	208	206	1	400	0.9	0.906658	0	0	0	
11	1	3	100	207	1	600	0.9	0.955185	0	0	0	
11	1	3	4	208	2	0	0.01	0	100	0	10	
11	1	3	303	209	1	400	0.5	0.359814	0	0	0	
11	1	3	18	210	2	0	0.05	0	75	0	10.5	
11	1	3	17	211	1	300	0.25	0.112422	0	0	0	
11	1	3	259	212	1	500	0.75	0.766971	0	0	0	
11	1	3	83	213	1	400	0.5	0.650903	0	0	0	
11	1	3	268	214	1	400	0.95	0.929798	0	0	0	
11	1	3	313	215	1	400	0.75	0.637864	0	0	0	
11	1	3	163	216	2	0	0.99	0	150	100	125	
11	1	3	90	217	2	0	0.5	0	200	150	175	
11	1	3	150	218	1	600	0.75	0.436404	0	0	0	
11	1	3	41	219	2	0	0.1	0	100	50	59	
11	1	3	295	220	1	600	0.25	0.454967	0	0	0	
11	1	3	138	221	1	400	0.5	0.58391	0	0	0	
11	1	3	119	222	1	500	0.05	0.108168	0	0	0	
11	1	3	2	223	2	0	0.01	0	50	0	9	
11	1	3	300	224	1	600	0.4	0.637294	0	0	0	
11	1	3	96	225	1	200	0.9	0.899833	0	0	0	
11	1	3	201	226	1	200	0.75	0.879267	0	0	0	
11	1	3	129	227	2	0	0.9	0	50	25	34.5	
11	1	3	111	228	2	0	0.75	0	200	0	100	
11	1	3	105	229	2	0	0.6	0	200	150	175	
11	1	3	199	230	1	500	0.6	0.66357	0	0	0	
11	1	3	196	231	1	200	0.6	0.608855	0	0	0	
11	1	3	28	232	1	400	0.5	0.585436	0	0	0	
11	1	3	98	233	1	400	0.9	0.93381	0	0	0	
11	1	3	242	234	1	300	0.4	0.415263	0	0	0	
11	1	3	216	235	1	200	0.99	0.983531	0	0	0	
11	1	3	46	236	1	200	0.95	0.535944	0	0	0	
11	1	3	327	237	1	300	0.99	0.936428	0	0	0	
11	1	3	117	238	2	0	0.75	0	150	50	100	
11	1	3	146	239	1	200	0.75	0.671235	0	0	0	
11	1	3	3	240	1	400	0.01	0.013939	0	0	0	
11	1	3	197	241	1	300	0.6	0.623472	0	0	0	
11	1	3	22	242	2	0	0.05	0	400	0	24	
11	1	3	212	243	1	300	0.95	0.919957	0	0	0	
11	1	3	63	244	2	0	0.4	0	75	0	28.5	
11	1	3	142	245	1	300	0.6	0.591553	0	0	0	
11	1	3	269	246	1	500	0.95	0.908745	0	0	0	
11	1	3	14	247	2	0	0.01	0	200	100	126	
11	1	3	234	248	1	500	0.1	0.0779065	0	0	0	
11	1	3	110	249	1	600	0.99	0.934995	0	0	0	
11	1	3	7	250	2	0	0.01	0	400	0	24	
11	1	3	122	251	2	0	0.9	0	50	0	19	
11	1	3	136	252	1	200	0.5	0.522194	0	0	0	
11	1	3	50	253	1	600	0.95	0.893756	0	0	0	
11	1	3	230	254	1	600	0.05	0.0821392	0	0	0	
11	1	3	270	255	1	600	0.95	0.917631	0	0	0	
11	1	3	56	256	2	0	0.25	0	100	50	75	
11	1	3	140	257	2	0	0.95	0	150	0	75	
11	1	3	137	258	2	0	0.95	0	50	0	25	
11	1	3	272	259	1	300	0.99	0.959104	0	0	0	
11	1	3	299	260	1	500	0.4	0.517758	0	0	0	
11	1	3	274	261	1	500	0.99	0.547979	0	0	0	
11	1	3	265	262	1	600	0.9	0.865287	0	0	0	
11	1	3	35	263	2	0	0.1	0	150	0	15	
11	1	3	223	264	1	400	0.01	0.0142884	0	0	0	
11	1	3	118	265	2	0	0.75	0	150	100	125	
11	1	3	92	266	1	300	0.75	0.457382	0	0	0	
11	1	3	247	267	1	300	0.5	0.532879	0	0	0	
11	1	3	258	268	1	400	0.75	0.74093	0	0	0	
11	1	3	106	269	2	0	0.75	0	25	0	12.5	
11	1	3	121	270	1	200	0.1	0.126177	0	0	0	
11	1	3	29	271	2	0	0.05	0	200	100	118	
11	1	3	116	272	2	0	0.75	0	100	50	75	
11	1	3	127	273	2	0	0.9	0	400	0	200	
11	1	3	5	274	1	600	0.01	0.0274596	0	0	0	
11	1	3	103	275	1	400	0.95	0.942991	0	0	0	
11	1	3	134	276	1	500	0.4	0.565617	0	0	0	
11	1	3	281	277	1	200	0.05	0.0507282	0	0	0	
11	1	3	84	278	2	0	0.5	0	50	25	34.5	
11	1	3	85	279	1	600	0.5	0.612115	0	0	0	
11	1	3	40	280	2	0	0.1	0	75	50	59.5	
11	1	3	182	281	1	300	0.25	0.36754	0	0	0	
11	1	3	309	282	1	500	0.6	0.732164	0	0	0	
11	1	3	93	283	2	0	0.6	0	75	0	37.5	
11	1	3	118	284	1	400	0.05	0.0528777	0	0	0	
11	1	3	297	285	1	300	0.4	0.4249	0	0	0	
11	1	3	33	286	2	0	0.1	0	75	0	10.5	
11	1	3	80	287	1	600	0.4	0.617103	0	0	0	
11	1	3	72	288	2	0	0.4	0	150	50	100	
11	1	3	21	289	2	0	0.05	0	200	0	12	
11	1	3	89	290	1	500	0.6	0.663733	0	0	0	
11	1	3	253	291	1	400	0.6	0.639877	0	0	0	
11	1	3	55	292	1	600	0.99	0.983398	0	0	0	
11	1	3	114	293	2	0	0.75	0	50	25	34.5	
11	1	3	296	294	1	200	0.4	0.383768	0	0	0	
11	1	3	310	295	1	600	0.6	0.663043	0	0	0	
11	1	3	125	296	2	0	0.9	0	150	0	75	
11	1	3	168	297	1	400	0.01	0.0149342	0	0	0	
11	1	4	24	298	2	0	0.05	0	50	25	34.5	
11	1	4	229	299	1	500	0.05	0.0479506	0	0	0	
11	1	4	31	300	2	0	0.1	0	25	0	9.5	
11	1	4	43	301	2	0	0.1	0	150	100	125	
11	1	4	28	302	2	0	0.05	0	150	100	125	
11	1	4	278	303	1	400	0.01	0.0116745	0	0	0	
11	1	4	315	304	1	600	0.75	0.8176	0	0	0	
11	1	4	326	305	1	200	0.99	0.991943	0	0	0	
11	1	4	41	306	1	200	0.9	0.966627	0	0	0	
11	1	4	207	307	1	300	0.9	0.955765	0	0	0	
11	1	4	64	308	1	500	0.05	0.0506928	0	0	0	
11	1	4	67	309	1	300	0.1	0.0862347	0	0	0	
11	1	4	244	310	1	500	0.4	0.624972	0	0	0	
11	1	4	30	311	1	600	0.5	0.754694	0	0	0	
11	1	4	133	312	1	400	0.4	0.633242	0	0	0	
11	1	4	180	313	1	600	0.1	0.284073	0	0	0	
11	1	4	148	314	1	400	0.75	0.796834	0	0	0	
11	1	4	153	315	1	400	0.9	0.892368	0	0	0	
11	1	4	324	316	1	500	0.95	0.926282	0	0	0	
11	1	4	91	317	1	200	0.75	0.839585	0	0	0	
11	1	4	289	318	1	500	0.1	0.319818	0	0	0	
11	1	4	152	319	2	0	0.99	0	50	0	25	
11	1	4	217	320	1	300	0.99	0.989276	0	0	0	
11	1	4	23	321	2	0	0.05	0	800	0	48	
11	1	4	19	322	2	0	0.05	0	100	0	10	
11	1	4	161	323	2	0	0.99	0	100	50	87	
11	1	4	165	324	2	0	0.99	0	200	150	187	
11	1	4	158	325	1	400	0.95	0.934247	0	0	0	
11	1	4	293	326	1	400	0.25	0.350309	0	0	0	
11	1	4	218	327	1	400	0.99	0.977237	0	0	0	
11	1	4	92	328	2	0	0.6	0	50	0	15	
11	1	4	165	329	1	600	0.99	0.991267	0	0	0	
11	1	4	45	330	1	600	0.9	0.917476	0	0	0	
11	1	4	153	331	2	0	0.99	0	75	0	37.5	
11	1	4	102	332	1	300	0.95	0.928869	0	0	0	
11	1	4	306	333	1	200	0.6	0.595339	0	0	0	
11	1	4	195	334	1	600	0.5	0.570336	0	0	0	
11	1	4	198	335	1	400	0.6	0.56935	0	0	0	
11	1	4	252	336	1	300	0.6	0.663021	0	0	0	
11	1	4	17	337	2	0	0.05	0	50	0	9	
11	1	4	141	338	1	200	0.6	0.563477	0	0	0	
11	1	4	34	339	2	0	0.1	0	100	0	10	
11	1	4	191	340	1	200	0.5	0.630823	0	0	0	
11	1	4	51	341	2	0	0.25	0	200	0	52	
11	1	4	245	342	1	600	0.4	0.411888	0	0	0	
11	1	4	1	343	2	0	0.01	0	25	0	9.5	
11	1	4	62	344	2	0	0.4	0	50	0	9	
11	1	4	85	345	2	0	0.5	0	75	50	59.5	
11	1	4	156	346	1	200	0.95	0.914973	0	0	0	
11	1	4	280	347	1	600	0.01	0.0305733	0	0	0	
11	1	4	95	348	1	600	0.75	0.447948	0	0	0	
11	1	4	75	349	1	600	0.25	0.272657	0	0	0	
11	1	4	73	350	1	400	0.25	0.191286	0	0	0	
11	1	4	101	351	1	200	0.95	0.915419	0	0	0	
11	1	4	26	352	2	0	0.05	0	100	50	67	
11	1	4	19	353	1	500	0.25	0.276576	0	0	0	
11	1	4	104	354	1	500	0.95	0.931368	0	0	0	
11	1	4	171	355	1	200	0.05	0.0640763	0	0	0	
11	1	4	16	356	1	200	0.25	0.173294	0	0	0	
11	1	4	228	357	1	400	0.05	0.047986	0	0	0	
11	1	4	158	358	2	0	0.99	0	800	0	400	
11	1	4	13	359	2	0	0.01	0	150	100	109	
11	1	4	122	360	1	300	0.1	0.0753236	0	0	0	
11	1	4	100	361	2	0	0.6	0	75	50	59.5	
11	1	4	95	362	2	0	0.6	0	150	0	51	
11	1	4	282	363	1	300	0.05	0.0821347	0	0	0	
11	1	4	271	364	1	200	0.99	0.956897	0	0	0	
11	1	4	311	365	1	200	0.75	0.743902	0	0	0	
11	1	4	167	366	1	300	0.01	0.0352173	0	0	0	
11	1	4	119	367	2	0	0.75	0	200	100	126	
11	1	4	148	368	2	0	0.95	0	150	100	115	
11	1	4	12	369	1	300	0.1	0.147531	0	0	0	
11	1	4	250	370	1	600	0.5	0.364586	0	0	0	
11	1	4	53	371	1	400	0.99	0.987547	0	0	0	
11	1	4	58	372	2	0	0.25	0	150	100	115	
11	1	4	102	373	2	0	0.6	0	150	50	76	
11	1	4	109	374	1	500	0.99	0.979095	0	0	0	
11	1	4	82	375	1	300	0.5	0.568793	0	0	0	
11	1	4	157	376	2	0	0.99	0	400	0	200	
11	1	4	292	377	1	300	0.25	0.556829	0	0	0	
11	1	4	276	378	1	200	0.01	0.022966	0	0	0	
11	1	4	317	379	1	300	0.9	0.912545	0	0	0	
11	1	4	37	380	1	300	0.75	0.834681	0	0	0	
11	1	4	5	381	2	0	0.01	0	150	0	9	
11	1	4	16	382	2	0	0.05	0	25	0	9.5	
11	1	4	124	383	1	500	0.1	0.0799852	0	0	0	
11	1	4	11	384	2	0	0.01	0	100	50	59	
11	1	4	261	385	1	200	0.9	0.868984	0	0	0	
11	1	4	43	386	1	400	0.9	0.893973	0	0	0	
11	1	4	14	387	1	500	0.1	0.162498	0	0	0	
11	1	4	144	388	2	0	0.95	0	50	25	34.5	
11	1	4	330	389	1	600	0.99	0.981169	0	0	0	
11	1	4	54	390	2	0	0.25	0	50	25	34.5	
11	1	4	57	391	1	300	0.01	0.021564	0	0	0	
11	1	4	188	392	1	400	0.4	0.445873	0	0	0	
11	1	4	79	393	2	0	0.5	0	100	0	50	
11	1	4	169	394	1	500	0.01	0.0175613	0	0	0	
11	1	4	151	395	1	200	0.9	0.862376	0	0	0	
11	1	4	322	396	1	300	0.95	0.353038	0	0	0	
11	1	5	20	397	1	600	0.25	0.355616	0	0	0	
11	1	5	147	398	2	0	0.95	0	150	50	76	
11	1	5	287	399	1	300	0.1	0.102754	0	0	0	
11	1	5	189	400	1	500	0.4	0.707104	0	0	0	
11	1	5	159	401	2	0	0.99	0	50	25	37.5	
11	1	5	283	402	1	400	0.05	0.371203	0	0	0	
11	1	5	101	403	2	0	0.6	0	100	50	65	
11	1	5	25	404	1	600	0.4	0.677502	0	0	0	
11	1	5	81	405	2	0	0.5	0	200	0	100	
11	1	5	71	406	2	0	0.4	0	100	50	75	
11	1	5	78	407	1	400	0.4	0.449712	0	0	0	
11	1	5	20	408	2	0	0.05	0	150	0	27	
11	1	5	155	409	2	0	0.99	0	150	0	75	
11	1	5	99	410	2	0	0.6	0	50	25	34.5	
11	1	5	150	411	2	0	0.95	0	200	150	175	
11	1	5	2	412	1	300	0.01	0.0222716	0	0	0	
11	1	5	251	413	1	200	0.6	0.749917	0	0	0	
11	1	5	166	414	1	200	0.01	0.0225547	0	0	0	
11	1	5	288	415	1	400	0.1	0.429664	0	0	0	
11	1	5	312	416	1	300	0.75	0.891567	0	0	0	
11	1	5	103	417	2	0	0.6	0	150	100	125	
11	1	5	301	418	1	200	0.5	0.571721	0	0	0	
11	1	5	8	419	2	0	0.01	0	800	0	16	
11	1	5	110	420	2	0	0.75	0	150	0	75	
11	1	5	325	421	1	600	0.95	0.92082	0	0	0	
11	1	5	284	422	1	500	0.05	0.0696093	0	0	0	
11	1	5	190	423	1	600	0.4	0.54199	0	0	0	
11	1	5	44	424	1	500	0.9	0.931059	0	0	0	
11	1	5	106	425	1	200	0.99	0.983735	0	0	0	
11	1	5	15	426	2	0	0.01	0	200	150	185	
11	1	5	114	427	1	500	0.01	0.0184636	0	0	0	
11	1	5	74	428	1	500	0.25	0.39812	0	0	0	
11	1	5	225	429	1	600	0.01	0.0203389	0	0	0	
11	1	5	179	430	1	500	0.1	0.366351	0	0	0	
11	1	5	318	431	1	400	0.9	0.925477	0	0	0	
11	1	5	147	432	1	300	0.75	0.753212	0	0	0	
11	1	5	263	433	1	400	0.9	0.622672	0	0	0	
11	1	5	105	434	1	600	0.95	0.934495	0	0	0	
11	1	5	262	435	1	300	0.9	0.860452	0	0	0	
11	1	5	237	436	1	300	0.25	0.35229	0	0	0	
11	1	5	246	437	1	200	0.5	0.477138	0	0	0	
11	1	5	181	438	1	200	0.25	0.318911	0	0	0	
11	1	5	131	439	1	200	0.4	0.433901	0	0	0	
11	1	5	76	440	2	0	0.5	0	25	0	9.5	
11	1	5	113	441	2	0	0.75	0	800	0	592	
11	1	5	240	442	1	600	0.25	0.390482	0	0	0	
11	1	5	174	443	1	500	0.05	0.166509	0	0	0	
11	1	5	156	444	2	0	0.99	0	200	0	148	
11	1	5	123	445	2	0	0.9	0	75	0	43.5	
11	1	5	10	446	2	0	0.01	0	75	50	59.5	
11	1	5	52	447	1	300	0.99	0.981143	0	0	0	
11	1	5	231	448	1	200	0.1	0.0438816	0	0	0	
11	1	5	130	449	2	0	0.9	0	75	50	63.5	
11	1	5	267	450	1	300	0.95	0.906667	0	0	0	
11	1	5	34	451	1	500	0.6	0.64261	0	0	0	
11	1	5	112	452	2	0	0.75	0	400	0	296	
11	1	5	290	453	1	600	0.1	0.244612	0	0	0	
11	1	5	42	454	1	300	0.9	0.834415	0	0	0	
11	1	5	82	455	2	0	0.5	0	400	0	200	
11	1	5	88	456	2	0	0.5	0	150	100	125	
11	1	5	319	457	1	500	0.9	0.916923	0	0	0	
11	1	5	316	458	1	200	0.9	0.814035	0	0	0	
11	1	5	40	459	1	600	0.75	0.73246	0	0	0	
11	1	5	69	460	2	0	0.4	0	50	25	34.5	
11	1	5	33	461	1	400	0.6	0.486506	0	0	0	
11	1	5	304	462	1	500	0.5	0.58387	0	0	0	
11	1	5	211	463	1	200	0.95	0.685299	0	0	0	
11	1	5	238	464	1	400	0.25	0.445033	0	0	0	
11	1	5	59	465	2	0	0.25	0	200	100	126	
11	1	5	279	466	1	500	0.01	0.0433243	0	0	0	
11	1	5	120	467	2	0	0.75	0	200	150	175	
11	1	5	68	468	1	400	0.1	0.6605	0	0	0	
11	1	5	248	469	1	400	0.5	0.627245	0	0	0	
11	1	5	184	470	1	500	0.25	0.387801	0	0	0	
11	1	5	232	471	1	300	0.1	0.296112	0	0	0	
11	1	5	79	472	1	500	0.4	0.548788	0	0	0	
11	1	5	87	473	2	0	0.5	0	150	50	100	
11	1	5	205	474	1	600	0.75	0.909471	0	0	0	
11	1	5	120	475	1	600	0.05	0.051051	0	0	0	
11	1	5	75	476	2	0	0.4	0	200	150	175	
11	1	5	124	477	2	0	0.9	0	100	0	74	
11	1	5	286	478	1	200	0.1	0.144917	0	0	0	
11	1	5	87	479	1	300	0.6	0.695843	0	0	0	
11	1	5	321	480	1	200	0.95	0.804676	0	0	0	
11	1	5	178	481	1	400	0.1	0.225886	0	0	0	
11	1	5	8	482	1	400	0.05	0.0588264	0	0	0	
11	1	5	26	483	1	200	0.5	0.743345	0	0	0	
11	1	5	128	484	2	0	0.9	0	800	0	720	
11	1	5	162	485	2	0	0.99	0	150	50	128	
11	1	5	141	486	2	0	0.95	0	200	0	148	
11	1	5	192	487	1	300	0.5	0.579089	0	0	0	
11	1	5	219	488	1	500	0.99	0.958688	0	0	0	
11	1	5	12	489	2	0	0.01	0	150	50	76	
11	1	5	255	490	1	600	0.6	0.634578	0	0	0	
11	1	5	96	491	2	0	0.6	0	200	0	116	
11	1	5	307	492	1	300	0.6	0.547377	0	0	0	
11	1	5	144	493	1	500	0.6	0.674821	0	0	0	
11	1	5	65	494	1	600	0.05	0.0904674	0	0	0	
11	1	5	256	495	1	200	0.75	0.747635	0	0	0	
11	2	1	74	1	2	0	0.4	0	200	100	138	
11	2	1	147	2	1	300	0.75	0.754844	0	0	0	
11	2	1	206	3	1	200	0.9	0.940753	0	0	0	
11	2	1	176	4	1	200	0.1	0.0515995	0	0	0	
11	2	1	29	5	1	500	0.5	0.651186	0	0	0	
11	2	1	50	6	2	0	0.25	0	150	0	39	
11	2	1	114	7	2	0	0.75	0	50	25	34.5	
11	2	1	59	8	2	0	0.25	0	200	100	126	
11	2	1	116	9	1	200	0.05	0.0116834	0	0	0	
11	2	1	79	10	1	500	0.4	0.555405	0	0	0	
11	2	1	267	11	1	300	0.95	0.968608	0	0	0	
11	2	1	113	12	1	400	0.01	0.01328	0	0	0	
11	2	1	192	13	1	300	0.5	0.432171	0	0	0	
11	2	1	50	14	1	600	0.95	0.944955	0	0	0	
11	2	1	70	15	2	0	0.4	0	75	50	59.5	
11	2	1	10	16	1	600	0.05	0.0382381	0	0	0	
11	2	1	211	17	1	200	0.95	0.916587	0	0	0	
11	2	1	3	18	1	400	0.01	0.00919331	0	0	0	
11	2	1	22	19	1	300	0.4	0.590956	0	0	0	
11	2	1	6	20	1	200	0.05	0.0473491	0	0	0	
11	2	1	193	21	1	400	0.5	0.68855	0	0	0	
11	2	1	83	22	2	0	0.5	0	800	0	304	
11	2	1	17	23	1	300	0.25	0.435962	0	0	0	
11	2	1	87	24	2	0	0.5	0	150	50	76	
11	2	1	223	25	1	400	0.01	0.0161018	0	0	0	
11	2	1	165	26	1	600	0.99	0.992036	0	0	0	
11	2	1	101	27	2	0	0.6	0	100	50	75	
11	2	1	64	28	1	500	0.05	0.0404141	0	0	0	
11	2	1	268	29	1	400	0.95	0.975229	0	0	0	
11	2	1	160	30	1	600	0.95	0.955119	0	0	0	
11	2	1	303	31	1	400	0.5	0.613402	0	0	0	
11	2	1	136	32	1	200	0.5	0.644322	0	0	0	
11	2	1	15	33	1	600	0.1	0.248075	0	0	0	
11	2	1	112	34	1	300	0.01	0.0130191	0	0	0	
11	2	1	301	35	1	200	0.5	0.602375	0	0	0	
11	2	1	156	36	1	200	0.95	0.921315	0	0	0	
11	2	1	127	37	2	0	0.9	0	400	0	296	
11	2	1	117	38	1	300	0.05	0.0366193	0	0	0	
11	2	1	63	39	1	400	0.05	0.282476	0	0	0	
11	2	1	104	40	2	0	0.6	0	200	100	130	
11	2	1	254	41	1	500	0.6	0.833407	0	0	0	
11	2	1	144	42	1	500	0.6	0.701062	0	0	0	
11	2	1	327	43	1	300	0.99	0.980749	0	0	0	
11	2	1	121	44	2	0	0.9	0	25	0	14.5	
11	2	1	213	45	1	400	0.95	0.949037	0	0	0	
11	2	1	94	46	2	0	0.6	0	100	0	46	
11	2	1	30	47	1	600	0.5	0.531725	0	0	0	
11	2	1	107	48	1	300	0.99	0.983456	0	0	0	
11	2	1	196	49	1	200	0.6	0.587289	0	0	0	
11	2	1	98	50	2	0	0.6	0	800	0	304	
11	2	1	80	51	2	0	0.5	0	150	0	51	
11	2	1	86	52	2	0	0.5	0	100	50	75	
11	2	1	160	53	2	0	0.99	0	75	50	69.5	
11	2	1	37	54	2	0	0.1	0	400	0	40	
11	2	1	53	55	1	400	0.99	0.966348	0	0	0	
11	2	1	189	56	1	500	0.4	0.396426	0	0	0	
11	2	1	76	57	1	200	0.4	0.347496	0	0	0	
11	2	1	159	58	1	500	0.95	0.917485	0	0	0	
11	2	1	171	59	1	200	0.05	0.0282557	0	0	0	
11	2	1	78	60	1	400	0.4	0.450097	0	0	0	
11	2	1	197	61	1	300	0.6	0.648497	0	0	0	
11	2	1	75	62	2	0	0.4	0	200	150	177	
11	2	1	103	63	1	400	0.95	0.973434	0	0	0	
11	2	1	74	64	1	500	0.25	0.321211	0	0	0	
11	2	1	72	65	2	0	0.4	0	150	50	76	
11	2	1	137	66	2	0	0.95	0	50	0	29	
11	2	1	187	67	1	300	0.4	0.387474	0	0	0	
11	2	1	105	68	1	600	0.95	0.926401	0	0	0	
11	2	1	119	69	2	0	0.75	0	200	100	150	
11	2	1	300	70	1	600	0.4	0.620266	0	0	0	
11	2	1	203	71	1	400	0.75	0.728939	0	0	0	
11	2	1	62	72	2	0	0.4	0	50	0	19	
11	2	1	319	73	1	500	0.9	0.927949	0	0	0	
11	2	1	302	74	1	300	0.5	0.576135	0	0	0	
11	2	1	77	75	2	0	0.5	0	50	0	17	
11	2	1	283	76	1	400	0.05	0.0324132	0	0	0	
11	2	1	159	77	2	0	0.99	0	50	25	44.5	
11	2	1	326	78	1	200	0.99	0.98201	0	0	0	
11	2	1	106	79	2	0	0.75	0	25	0	14.5	
11	2	1	178	80	1	400	0.1	0.037672	0	0	0	
11	2	1	278	81	1	400	0.01	0.0109226	0	0	0	
11	2	1	236	82	1	200	0.25	0.386422	0	0	0	
11	2	1	39	83	2	0	0.1	0	50	25	34.5	
11	2	1	226	84	1	200	0.05	0.0274021	0	0	0	
11	2	1	136	85	2	0	0.95	0	25	0	9.5	
11	2	1	115	86	1	600	0.01	0.00604425	0	0	0	
11	2	1	14	87	1	500	0.1	0.120658	0	0	0	
11	2	1	78	88	2	0	0.5	0	75	0	25.5	
11	2	1	55	89	1	600	0.99	0.99166	0	0	0	
11	2	1	291	90	1	200	0.25	0.29494	0	0	0	
11	2	1	48	91	2	0	0.25	0	75	0	13.5	
11	2	1	328	92	1	400	0.99	0.983067	0	0	0	
11	2	1	98	93	1	400	0.9	0.819643	0	0	0	
11	2	1	128	94	2	0	0.9	0	800	0	528	
11	2	1	114	95	1	500	0.01	0.0104671	0	0	0	
11	2	1	79	96	2	0	0.5	0	100	0	34	
11	2	1	109	97	1	500	0.99	0.971903	0	0	0	
11	2	1	18	98	2	0	0.05	0	75	0	37.5	
11	2	1	123	99	2	0	0.9	0	75	0	28.5	
11	2	2	129	100	1	500	0.25	0.23103	0	0	0	
11	2	2	16	101	1	200	0.25	0.354086	0	0	0	
11	2	2	148	102	2	0	0.95	0	150	100	119	
11	2	2	49	103	1	500	0.95	0.962991	0	0	0	
11	2	2	83	104	1	400	0.5	0.634441	0	0	0	
11	2	2	276	105	1	200	0.01	0.00657057	0	0	0	
11	2	2	158	106	2	0	0.99	0	800	0	592	
11	2	2	216	107	1	200	0.99	0.98454	0	0	0	
11	2	2	64	108	2	0	0.4	0	100	0	34	
11	2	2	87	109	1	300	0.6	0.678736	0	0	0	
11	2	2	38	110	1	400	0.75	0.667802	0	0	0	
11	2	2	14	111	2	0	0.01	0	200	100	110	
11	2	2	52	112	2	0	0.25	0	400	0	56	
11	2	2	173	113	1	400	0.05	0.0248192	0	0	0	
11	2	2	297	114	1	300	0.4	0.552039	0	0	0	
11	2	2	2	115	1	300	0.01	0.00672094	0	0	0	
11	2	2	130	116	1	600	0.25	0.451163	0	0	0	
11	2	2	40	117	2	0	0.1	0	75	50	59.5	
11	2	2	113	118	2	0	0.75	0	800	0	304	
11	2	2	84	119	2	0	0.5	0	50	25	34.5	
11	2	2	180	120	1	600	0.1	0.0920729	0	0	0	
11	2	2	21	121	2	0	0.05	0	200	0	20	
11	2	2	18	122	1	400	0.25	0.39015	0	0	0	
11	2	2	45	123	1	600	0.9	0.943146	0	0	0	
11	2	2	55	124	2	0	0.25	0	75	50	59.5	
11	2	2	40	125	1	600	0.75	0.669054	0	0	0	
11	2	2	31	126	2	0	0.1	0	25	0	8.5	
11	2	2	110	127	2	0	0.75	0	150	0	51	
11	2	2	151	128	1	200	0.9	0.866954	0	0	0	
11	2	2	281	129	1	200	0.05	0.0259382	0	0	0	
11	2	2	45	130	2	0	0.1	0	200	150	165	
11	2	2	239	131	1	500	0.25	0.332206	0	0	0	
11	2	2	175	132	1	600	0.05	0.0519445	0	0	0	
11	2	2	183	133	1	400	0.25	0.405404	0	0	0	
11	2	2	108	134	2	0	0.75	0	75	0	43.5	
11	2	2	324	135	1	500	0.95	0.573968	0	0	0	
11	2	2	60	136	1	600	0.01	0.0123424	0	0	0	
11	2	2	10	137	2	0	0.01	0	75	50	57.5	
11	2	2	71	138	2	0	0.4	0	100	50	65	
11	2	2	34	139	1	500	0.6	0.793212	0	0	0	
11	2	2	306	140	1	200	0.6	0.68215	0	0	0	
11	2	2	184	141	1	500	0.25	0.29528	0	0	0	
11	2	2	88	142	2	0	0.5	0	150	100	119	
11	2	2	141	143	2	0	0.95	0	200	0	108	
11	2	2	186	144	1	200	0.4	0.375227	0	0	0	
11	2	2	315	145	1	600	0.75	0.91787	0	0	0	
11	2	2	273	146	1	400	0.99	0.975937	0	0	0	
11	2	2	191	147	1	200	0.5	0.567749	0	0	0	
11	2	2	164	148	2	0	0.99	0	200	100	158	
11	2	2	161	149	2	0	0.99	0	100	50	69	
11	2	2	140	150	1	600	0.5	0.534737	0	0	0	
11	2	2	126	151	1	200	0.25	0.32015	0	0	0	
11	2	2	41	152	2	0	0.1	0	100	50	59	
11	2	2	263	153	1	400	0.9	0.904632	0	0	0	
11	2	2	243	154	1	400	0.4	0.699505	0	0	0	
11	2	2	62	155	1	300	0.05	0.0285609	0	0	0	
11	2	2	234	156	1	500	0.1	0.0488308	0	0	0	
11	2	2	198	157	1	400	0.6	0.684676	0	0	0	
11	2	2	181	158	1	200	0.25	0.350212	0	0	0	
11	2	2	185	159	1	600	0.25	0.447908	0	0	0	
11	2	2	290	160	1	600	0.1	0.138349	0	0	0	
11	2	2	318	161	1	400	0.9	0.885172	0	0	0	
11	2	2	59	162	1	500	0.01	0.528607	0	0	0	
11	2	2	133	163	2	0	0.9	0	150	100	125	
11	2	2	37	164	1	300	0.75	0.723822	0	0	0	
11	2	2	330	165	1	600	0.99	0.980944	0	0	0	
11	2	2	201	166	1	200	0.75	0.709452	0	0	0	
11	2	2	221	167	1	200	0.01	0.0185918	0	0	0	
11	2	2	51	168	2	0	0.25	0	200	0	36	
11	2	2	36	169	2	0	0.1	0	200	0	36	
11	2	2	295	170	1	600	0.25	0.303856	0	0	0	
11	2	2	259	171	1	500	0.75	0.813252	0	0	0	
11	2	2	146	172	2	0	0.95	0	100	50	71	
11	2	2	308	173	1	400	0.6	0.620248	0	0	0	
11	2	2	219	174	1	500	0.99	0.990077	0	0	0	
11	2	2	95	175	2	0	0.6	0	150	0	45	
11	2	2	255	176	1	600	0.6	0.749674	0	0	0	
11	2	2	182	177	1	300	0.25	0.334988	0	0	0	
11	2	2	16	178	2	0	0.05	0	25	0	9.5	
11	2	2	214	179	1	500	0.95	0.658391	0	0	0	
11	2	2	115	180	2	0	0.75	0	75	50	61.5	
11	2	2	286	181	1	200	0.1	0.0493394	0	0	0	
11	2	2	80	182	1	600	0.4	0.631049	0	0	0	
11	2	2	12	183	1	300	0.1	0.174488	0	0	0	
11	2	2	299	184	1	500	0.4	0.69993	0	0	0	
11	2	2	106	185	1	200	0.99	0.564034	0	0	0	
11	2	2	161	186	1	200	0.99	0.989467	0	0	0	
11	2	2	119	187	1	500	0.05	0.0329528	0	0	0	
11	2	2	117	188	2	0	0.75	0	150	50	76	
11	2	2	72	189	1	300	0.25	0.354586	0	0	0	
11	2	2	29	190	2	0	0.05	0	200	100	126	
11	2	2	9	191	2	0	0.01	0	50	25	34.5	
11	2	2	132	192	1	300	0.4	0.384016	0	0	0	
11	2	2	145	193	1	600	0.6	0.829983	0	0	0	
11	2	2	228	194	1	400	0.05	0.0173358	0	0	0	
11	2	2	149	195	2	0	0.95	0	200	100	158	
11	2	2	19	196	2	0	0.05	0	100	0	14	
11	2	2	250	197	1	600	0.5	0.748758	0	0	0	
11	2	2	44	198	1	500	0.9	0.944836	0	0	0	
11	2	3	251	199	1	200	0.6	0.539819	0	0	0	
11	2	3	204	200	1	500	0.75	0.8443	0	0	0	
11	2	3	235	201	1	600	0.1	0.142639	0	0	0	
11	2	3	101	202	1	200	0.95	0.913743	0	0	0	
11	2	3	143	203	1	400	0.6	0.800864	0	0	0	
11	2	3	260	204	1	600	0.75	0.617042	0	0	0	
11	2	3	288	205	1	400	0.1	0.161839	0	0	0	
11	2	3	53	206	2	0	0.25	0	800	0	208	
11	2	3	82	207	1	300	0.5	0.645361	0	0	0	
11	2	3	149	208	1	500	0.75	0.839975	0	0	0	
11	2	3	145	209	2	0	0.95	0	75	50	59.5	
11	2	3	264	210	1	500	0.9	0.930139	0	0	0	
11	2	3	323	211	1	400	0.95	0.986981	0	0	0	
11	2	3	304	212	1	500	0.5	0.771031	0	0	0	
11	2	3	321	213	1	200	0.95	0.450062	0	0	0	
11	2	3	177	214	1	300	0.1	0.0384327	0	0	0	
11	2	3	141	215	1	200	0.6	0.362795	0	0	0	
11	2	3	116	216	2	0	0.75	0	100	50	69	
11	2	3	30	217	2	0	0.05	0	200	150	159	
11	2	3	96	218	2	0	0.6	0	200	0	108	
11	2	3	57	219	1	300	0.01	0.0185609	0	0	0	
11	2	3	102	220	2	0	0.6	0	150	50	76	
11	2	3	112	221	2	0	0.75	0	400	0	184	
11	2	3	209	222	1	500	0.9	0.936092	0	0	0	
11	2	3	41	223	1	200	0.9	0.855039	0	0	0	
11	2	3	232	224	1	300	0.1	0.083236	0	0	0	
11	2	3	130	225	2	0	0.9	0	75	50	59.5	
11	2	3	207	226	1	300	0.9	0.940634	0	0	0	
11	2	3	139	227	2	0	0.95	0	100	0	74	
11	2	3	134	228	1	500	0.4	0.363777	0	0	0	
11	2	3	162	229	2	0	0.99	0	150	50	124	
11	2	3	289	230	1	500	0.1	0.0365132	0	0	0	
11	2	3	225	231	1	600	0.01	0.0124662	0	0	0	
11	2	3	13	232	1	400	0.1	0.556851	0	0	0	
11	2	3	155	233	1	600	0.9	0.974323	0	0	0	
11	2	3	77	234	1	300	0.4	0.601305	0	0	0	
11	2	3	85	235	2	0	0.5	0	75	50	59.5	
11	2	3	287	236	1	300	0.1	0.0218824	0	0	0	
11	2	3	6	237	2	0	0.01	0	200	0	20	
11	2	3	151	238	2	0	0.99	0	25	0	16.5	
11	2	3	97	239	1	300	0.9	0.876529	0	0	0	
11	2	3	237	240	1	300	0.25	0.336612	0	0	0	
11	2	3	82	241	2	0	0.5	0	400	0	184	
11	2	3	21	242	1	200	0.4	0.361233	0	0	0	
11	2	3	249	243	1	500	0.5	0.742893	0	0	0	
11	2	3	125	244	1	600	0.1	0.268624	0	0	0	
11	2	3	107	245	2	0	0.75	0	50	0	25	
11	2	3	120	246	2	0	0.75	0	200	150	177	
11	2	3	65	247	1	600	0.05	0.664012	0	0	0	
11	2	3	60	248	2	0	0.25	0	200	150	177	
11	2	3	26	249	2	0	0.05	0	100	50	65	
11	2	3	85	250	1	600	0.5	0.460827	0	0	0	
11	2	3	46	251	2	0	0.25	0	25	0	9.5	
11	2	3	65	252	2	0	0.4	0	150	0	45	
11	2	3	154	253	1	500	0.9	0.87085	0	0	0	
11	2	3	170	254	1	600	0.01	0.0213119	0	0	0	
11	2	3	194	255	1	500	0.5	0.628753	0	0	0	
11	2	3	38	256	2	0	0.1	0	800	0	144	
11	2	3	230	257	1	600	0.05	0.0420019	0	0	0	
11	2	3	147	258	2	0	0.95	0	150	50	108	
11	2	3	215	259	1	600	0.95	0.926012	0	0	0	
11	2	3	39	260	1	500	0.75	0.830271	0	0	0	
11	2	3	135	261	2	0	0.9	0	200	150	183	
11	2	3	293	262	1	400	0.25	0.465104	0	0	0	
11	2	3	294	263	1	500	0.25	0.18819	0	0	0	
11	2	3	56	264	2	0	0.25	0	100	50	65	
11	2	3	8	265	2	0	0.01	0	800	0	48	
11	2	3	284	266	1	500	0.05	0.0209713	0	0	0	
11	2	3	162	267	1	300	0.99	0.950515	0	0	0	
11	2	3	252	268	1	300	0.6	0.817582	0	0	0	
11	2	3	96	269	1	200	0.9	0.824787	0	0	0	
11	2	3	139	270	1	500	0.5	0.723442	0	0	0	
11	2	3	272	271	1	300	0.99	0.972607	0	0	0	
11	2	3	292	272	1	300	0.25	0.260525	0	0	0	
11	2	3	7	273	1	300	0.05	0.0498525	0	0	0	
11	2	3	153	274	1	400	0.9	0.96415	0	0	0	
11	2	3	210	275	1	600	0.9	0.929197	0	0	0	
11	2	3	150	276	1	600	0.75	0.764583	0	0	0	
11	2	3	68	277	1	400	0.1	0.145227	0	0	0	
11	2	3	12	278	2	0	0.01	0	150	50	60	
11	2	3	242	279	1	300	0.4	0.428023	0	0	0	
11	2	3	51	280	1	200	0.99	0.984703	0	0	0	
11	2	3	95	281	1	600	0.75	0.707741	0	0	0	
11	2	3	154	282	2	0	0.99	0	100	0	74	
11	2	3	124	283	2	0	0.9	0	100	0	58	
11	2	3	167	284	1	300	0.01	0.0211925	0	0	0	
11	2	3	17	285	2	0	0.05	0	50	0	9	
11	2	3	8	286	1	400	0.05	0.0323026	0	0	0	
11	2	3	202	287	1	300	0.75	0.680385	0	0	0	
11	2	3	19	288	1	500	0.25	0.379801	0	0	0	
11	2	3	7	289	2	0	0.01	0	400	0	40	
11	2	3	155	290	2	0	0.99	0	150	0	117	
11	2	3	63	291	2	0	0.4	0	75	0	37.5	
11	2	3	172	292	1	300	0.05	0.0321567	0	0	0	
11	2	3	9	293	1	500	0.05	0.0416923	0	0	0	
11	2	3	174	294	1	500	0.05	0.0743771	0	0	0	
11	2	3	325	295	1	600	0.95	0.912142	0	0	0	
11	2	3	317	296	1	300	0.9	0.832341	0	0	0	
11	2	3	61	297	2	0	0.4	0	25	0	9.5	
11	2	4	148	298	1	400	0.75	0.733933	0	0	0	
11	2	4	93	299	2	0	0.6	0	75	0	34.5	
11	2	4	100	300	1	600	0.9	0.89147	0	0	0	
11	2	4	47	301	2	0	0.25	0	50	0	15	
11	2	4	4	302	2	0	0.01	0	100	0	6	
11	2	4	73	303	1	400	0.25	0.303224	0	0	0	
11	2	4	44	304	2	0	0.1	0	200	100	126	
11	2	4	89	305	2	0	0.5	0	200	100	130	
11	2	4	28	306	1	400	0.5	0.614755	0	0	0	
11	2	4	23	307	1	400	0.4	0.453538	0	0	0	
11	2	4	314	308	1	500	0.75	0.841797	0	0	0	
11	2	4	122	309	1	300	0.1	0.220317	0	0	0	
11	2	4	105	310	2	0	0.6	0	200	150	169	
11	2	4	222	311	1	300	0.01	0.0166723	0	0	0	
11	2	4	122	312	2	0	0.9	0	50	0	21	
11	2	4	69	313	2	0	0.4	0	50	25	34.5	
11	2	4	310	314	1	600	0.6	0.726507	0	0	0	
11	2	4	42	315	2	0	0.1	0	150	50	96	
11	2	4	199	316	1	500	0.6	0.733924	0	0	0	
11	2	4	20	317	2	0	0.05	0	150	0	27	
11	2	4	131	318	1	200	0.4	0.410097	0	0	0	
11	2	4	279	319	1	500	0.01	0.00816279	0	0	0	
11	2	4	118	320	1	400	0.05	0.0360842	0	0	0	
11	2	4	100	321	2	0	0.6	0	75	50	67.5	
11	2	4	188	322	1	400	0.4	0.631133	0	0	0	
11	2	4	164	323	1	500	0.99	0.986132	0	0	0	
11	2	4	34	324	2	0	0.1	0	100	0	14	
11	2	4	190	325	1	600	0.4	0.624565	0	0	0	
11	2	4	195	326	1	600	0.5	0.524122	0	0	0	
11	2	4	25	327	1	600	0.4	0.451287	0	0	0	
11	2	4	5	328	2	0	0.01	0	150	0	15	
11	2	4	54	329	2	0	0.25	0	50	25	38.5	
11	2	4	282	330	1	300	0.05	0.0415464	0	0	0	
11	2	4	69	331	1	500	0.1	0.09857	0	0	0	
11	2	4	128	332	1	400	0.25	0.288885	0	0	0	
11	2	4	146	333	1	200	0.75	0.625069	0	0	0	
11	2	4	205	334	1	600	0.75	0.780023	0	0	0	
11	2	4	76	335	2	0	0.5	0	25	0	9.5	
11	2	4	66	336	1	200	0.1	0.138349	0	0	0	
11	2	4	5	337	1	600	0.01	0.0106927	0	0	0	
11	2	4	27	338	2	0	0.05	0	150	50	68	
11	2	4	13	339	2	0	0.01	0	150	100	117	
11	2	4	124	340	1	500	0.1	0.0647618	0	0	0	
11	2	4	35	341	2	0	0.1	0	150	0	21	
11	2	4	46	342	1	200	0.95	0.783371	0	0	0	
11	2	4	168	343	1	400	0.01	0.021303	0	0	0	
11	2	4	309	344	1	500	0.6	0.629748	0	0	0	
11	2	4	220	345	1	600	0.99	0.969674	0	0	0	
11	2	4	231	346	1	200	0.1	0.0296843	0	0	0	
11	2	4	81	347	2	0	0.5	0	200	0	76	
11	2	4	271	348	1	200	0.99	0.980749	0	0	0	
11	2	4	131	349	2	0	0.9	0	100	50	77	
11	2	4	158	350	1	400	0.95	0.922085	0	0	0	
11	2	4	61	351	1	200	0.05	0.0284459	0	0	0	
11	2	4	24	352	2	0	0.05	0	50	25	29.5	
11	2	4	120	353	1	600	0.05	0.0347264	0	0	0	
11	2	4	75	354	1	600	0.25	0.275899	0	0	0	
11	2	4	322	355	1	300	0.95	0.894579	0	0	0	
11	2	4	133	356	1	400	0.4	0.649271	0	0	0	
11	2	4	311	357	1	200	0.75	0.765627	0	0	0	
11	2	4	142	358	1	300	0.6	0.750452	0	0	0	
11	2	4	43	359	2	0	0.1	0	150	100	115	
11	2	4	137	360	1	300	0.5	0.561871	0	0	0	
11	2	4	68	361	2	0	0.4	0	800	0	240	
11	2	4	52	362	1	300	0.99	0.994115	0	0	0	
11	2	4	111	363	1	200	0.01	0.00941003	0	0	0	
11	2	4	248	364	1	400	0.5	0.565626	0	0	0	
11	2	4	245	365	1	600	0.4	0.583782	0	0	0	
11	2	4	56	366	1	200	0.01	0.0155224	0	0	0	
11	2	4	97	367	2	0	0.6	0	400	0	200	
11	2	4	320	368	1	600	0.9	0.553273	0	0	0	
11	2	4	11	369	2	0	0.01	0	100	50	61	
11	2	4	28	370	2	0	0.05	0	150	100	115	
11	2	4	111	371	2	0	0.75	0	200	0	92	
11	2	4	307	372	1	300	0.6	0.549447	0	0	0	
11	2	4	23	373	2	0	0.05	0	800	0	48	
11	2	4	109	374	2	0	0.75	0	100	0	46	
11	2	4	118	375	2	0	0.75	0	150	100	115	
11	2	4	36	376	1	200	0.75	0.447134	0	0	0	
11	2	4	152	377	1	300	0.9	0.925105	0	0	0	
11	2	4	157	378	1	300	0.95	0.942076	0	0	0	
11	2	4	208	379	1	400	0.9	0.876025	0	0	0	
11	2	4	15	380	2	0	0.01	0	200	150	159	
11	2	4	269	381	1	500	0.95	0.874924	0	0	0	
11	2	4	31	382	1	200	0.6	0.565078	0	0	0	
11	2	4	163	383	1	400	0.99	0.963279	0	0	0	
11	2	4	35	384	1	600	0.6	0.551769	0	0	0	
11	2	4	140	385	2	0	0.95	0	150	0	69	
11	2	4	274	386	1	500	0.99	0.962328	0	0	0	
11	2	4	43	387	1	400	0.9	0.702783	0	0	0	
11	2	4	86	388	1	200	0.6	0.580801	0	0	0	
11	2	4	253	389	1	400	0.6	0.635821	0	0	0	
11	2	4	275	390	1	600	0.99	0.98385	0	0	0	
11	2	4	33	391	2	0	0.1	0	75	0	10.5	
11	2	4	313	392	1	400	0.75	0.742102	0	0	0	
11	2	4	32	393	1	300	0.6	0.534113	0	0	0	
11	2	4	316	394	1	200	0.9	0.741478	0	0	0	
11	2	4	241	395	1	200	0.4	0.424033	0	0	0	
11	2	4	20	396	1	600	0.25	0.341645	0	0	0	
11	2	5	94	397	1	500	0.75	0.78499	0	0	0	
11	2	5	266	398	1	200	0.95	0.92944	0	0	0	
11	2	5	166	399	1	200	0.01	0.013196	0	0	0	
11	2	5	90	400	1	600	0.6	0.800041	0	0	0	
11	2	5	238	401	1	400	0.25	0.338341	0	0	0	
11	2	5	26	402	1	200	0.5	0.435833	0	0	0	
11	2	5	262	403	1	300	0.9	0.855291	0	0	0	
11	2	5	47	404	1	300	0.95	0.919201	0	0	0	
11	2	5	104	405	1	500	0.95	0.937029	0	0	0	
11	2	5	246	406	1	200	0.5	0.534675	0	0	0	
11	2	5	258	407	1	400	0.75	0.830116	0	0	0	
11	2	5	67	408	2	0	0.4	0	400	0	136	
11	2	5	224	409	1	500	0.01	0.0109624	0	0	0	
11	2	5	200	410	1	600	0.6	0.763654	0	0	0	
11	2	5	150	411	2	0	0.95	0	200	150	177	
11	2	5	153	412	2	0	0.99	0	75	0	49.5	
11	2	5	32	413	2	0	0.1	0	50	0	9	
11	2	5	81	414	1	200	0.5	0.411517	0	0	0	
11	2	5	121	415	1	200	0.1	0.282812	0	0	0	
11	2	5	2	416	2	0	0.01	0	50	0	9	
11	2	5	257	417	1	300	0.75	0.745671	0	0	0	
11	2	5	227	418	1	300	0.05	0.0814581	0	0	0	
11	2	5	33	419	1	400	0.6	0.747785	0	0	0	
11	2	5	165	420	2	0	0.99	0	200	150	183	
11	2	5	312	421	1	300	0.75	0.660744	0	0	0	
11	2	5	296	422	1	200	0.4	0.535201	0	0	0	
11	2	5	329	423	1	500	0.99	0.972509	0	0	0	
11	2	5	157	424	2	0	0.99	0	400	0	280	
11	2	5	135	425	1	600	0.4	0.574264	0	0	0	
11	2	5	88	426	1	400	0.6	0.590783	0	0	0	
11	2	5	90	427	2	0	0.5	0	200	150	175	
11	2	5	110	428	1	600	0.99	0.988892	0	0	0	
11	2	5	229	429	1	500	0.05	0.0299762	0	0	0	
11	2	5	42	430	1	300	0.9	0.931151	0	0	0	
11	2	5	70	431	1	600	0.1	0.0612236	0	0	0	
11	2	5	108	432	1	400	0.99	0.948927	0	0	0	
11	2	5	49	433	2	0	0.25	0	100	0	26	
11	2	5	58	434	2	0	0.25	0	150	100	117	
11	2	5	285	435	1	600	0.05	0.0877164	0	0	0	
11	2	5	4	436	1	500	0.01	0.0129837	0	0	0	
11	2	5	169	437	1	500	0.01	0.0448679	0	0	0	
11	2	5	138	438	1	400	0.5	0.544184	0	0	0	
11	2	5	218	439	1	400	0.99	0.968945	0	0	0	
11	2	5	54	440	1	500	0.99	0.932492	0	0	0	
11	2	5	156	441	2	0	0.99	0	200	0	148	
11	2	5	179	442	1	500	0.1	0.153727	0	0	0	
11	2	5	127	443	1	300	0.25	0.327297	0	0	0	
11	2	5	92	444	1	300	0.75	0.615034	0	0	0	
11	2	5	144	445	2	0	0.95	0	50	25	38.5	
11	2	5	11	446	1	200	0.1	0.25513	0	0	0	
11	2	5	66	447	2	0	0.4	0	200	0	68	
11	2	5	126	448	2	0	0.9	0	200	0	148	
11	2	5	244	449	1	500	0.4	0.532649	0	0	0	
11	2	5	48	450	1	400	0.95	0.897808	0	0	0	
11	2	5	277	451	1	300	0.01	0.022621	0	0	0	
11	2	5	1	452	1	200	0.01	0.0091712	0	0	0	
11	2	5	102	453	1	300	0.95	0.972638	0	0	0	
11	2	5	22	454	2	0	0.05	0	400	0	40	
11	2	5	99	455	1	500	0.9	0.804331	0	0	0	
11	2	5	143	456	2	0	0.95	0	800	0	464	
11	2	5	261	457	1	200	0.9	0.780063	0	0	0	
11	2	5	298	458	1	400	0.4	0.500593	0	0	0	
11	2	5	93	459	1	400	0.75	0.600394	0	0	0	
11	2	5	125	460	2	0	0.9	0	150	0	81	
11	2	5	3	461	2	0	0.01	0	75	0	7.5	
11	2	5	138	462	2	0	0.95	0	75	0	25.5	
11	2	5	256	463	1	200	0.75	0.572389	0	0	0	
11	2	5	129	464	2	0	0.9	0	50	25	38.5	
11	2	5	212	465	1	300	0.95	0.943217	0	0	0	
11	2	5	71	466	1	200	0.25	0.458049	0	0	0	
11	2	5	92	467	2	0	0.6	0	50	0	27	
11	2	5	25	468	2	0	0.05	0	75	50	58.5	
11	2	5	103	469	2	0	0.6	0	150	100	133	
11	2	5	67	470	1	300	0.1	0.107734	0	0	0	
11	2	5	24	471	1	500	0.4	0.572535	0	0	0	
11	2	5	132	472	2	0	0.9	0	150	50	116	
11	2	5	27	473	1	300	0.5	0.663043	0	0	0	
11	2	5	240	474	1	600	0.25	0.535139	0	0	0	
11	2	5	152	475	2	0	0.99	0	50	0	35	
11	2	5	57	476	2	0	0.25	0	150	50	76	
11	2	5	265	477	1	600	0.9	0.825282	0	0	0	
11	2	5	99	478	2	0	0.6	0	50	25	36.5	
11	2	5	91	479	1	200	0.75	0.611915	0	0	0	
11	2	5	123	480	1	400	0.1	0.14217	0	0	0	
11	2	5	58	481	1	400	0.01	0.0107546	0	0	0	
11	2	5	280	482	1	600	0.01	0.0213959	0	0	0	
11	2	5	233	483	1	400	0.1	0.101087	0	0	0	
11	2	5	217	484	1	300	0.99	0.984787	0	0	0	
11	2	5	1	485	2	0	0.01	0	25	0	3.5	
11	2	5	270	486	1	600	0.95	0.918453	0	0	0	
11	2	5	134	487	2	0	0.9	0	200	100	166	
11	2	5	91	488	2	0	0.6	0	25	0	8.5	
11	2	5	89	489	1	500	0.6	0.55563	0	0	0	
11	2	5	142	490	2	0	0.95	0	400	0	280	
11	2	5	247	491	1	300	0.5	0.519708	0	0	0	
11	2	5	73	492	2	0	0.4	0	150	100	123	
11	2	5	84	493	1	500	0.5	0.490195	0	0	0	
11	2	5	305	494	1	600	0.5	0.434807	0	0	0	
11	2	5	163	495	2	0	0.99	0	150	100	137	
