Subject#	Session#	Block#	Stim#	Trial#	Task	Numerosity	P_true	P_reported	x1	x2	CE	
15	1	1	42	1	2	0	0.1	0	150	50	60	
15	1	1	212	2	1	300	0.95	0.933173	0	0	0	
15	1	1	267	3	1	300	0.95	0.953292	0	0	0	
15	1	1	62	4	1	300	0.05	0.055067	0	0	0	
15	1	1	185	5	1	600	0.25	0.147902	0	0	0	
15	1	1	137	6	2	0	0.95	0	50	0	33	
15	1	1	246	7	1	200	0.5	0.402914	0	0	0	
15	1	1	82	8	1	300	0.5	0.451172	0	0	0	
15	1	1	255	9	1	600	0.6	0.547886	0	0	0	
15	1	1	312	10	1	300	0.75	0.787162	0	0	0	
15	1	1	308	11	1	400	0.6	0.770076	0	0	0	
15	1	1	36	12	2	0	0.1	0	200	0	20	
15	1	1	126	13	2	0	0.9	0	200	0	132	
15	1	1	166	14	1	200	0.01	0.985888	0	0	0	
15	1	1	128	15	1	400	0.25	0.928431	0	0	0	
15	1	1	319	16	1	500	0.9	0.930232	0	0	0	
15	1	1	281	17	1	200	0.05	0.0285742	0	0	0	
15	1	1	146	18	1	200	0.75	0.846401	0	0	0	
15	1	1	79	19	1	500	0.4	0.378788	0	0	0	
15	1	1	53	20	1	400	0.99	0.987826	0	0	0	
15	1	1	22	21	1	300	0.4	0.373927	0	0	0	
15	1	1	72	22	2	0	0.4	0	150	50	64	
15	1	1	273	23	1	400	0.99	0.988436	0	0	0	
15	1	1	225	24	1	600	0.01	0.0252703	0	0	0	
15	1	1	51	25	1	200	0.99	0.00363823	0	0	0	
15	1	1	120	26	1	600	0.05	0.0183088	0	0	0	
15	1	1	159	27	2	0	0.99	0	50	25	44.5	
15	1	1	124	28	2	0	0.9	0	100	0	54	
15	1	1	144	29	2	0	0.95	0	50	25	42.5	
15	1	1	101	30	1	200	0.95	0.98036	0	0	0	
15	1	1	87	31	1	300	0.6	0.649275	0	0	0	
15	1	1	121	32	1	200	0.1	0.0347971	0	0	0	
15	1	1	323	33	1	400	0.95	0.966693	0	0	0	
15	1	1	222	34	1	300	0.01	0.00454048	0	0	0	
15	1	1	10	35	2	0	0.01	0	75	50	54.5	
15	1	1	245	36	1	600	0.4	0.676608	0	0	0	
15	1	1	253	37	1	400	0.6	0.450743	0	0	0	
15	1	1	269	38	1	500	0.95	0.937684	0	0	0	
15	1	1	126	39	1	200	0.25	0.461928	0	0	0	
15	1	1	41	40	2	0	0.1	0	100	50	61	
15	1	1	268	41	1	400	0.95	0.958175	0	0	0	
15	1	1	288	42	1	400	0.1	0.0626433	0	0	0	
15	1	1	80	43	2	0	0.5	0	150	0	39	
15	1	1	66	44	2	0	0.4	0	200	0	28	
15	1	1	76	45	2	0	0.5	0	25	0	11.5	
15	1	1	156	46	1	200	0.95	0.898029	0	0	0	
15	1	1	105	47	2	0	0.6	0	200	150	171	
15	1	1	145	48	2	0	0.95	0	75	50	66.5	
15	1	1	89	49	2	0	0.5	0	200	100	146	
15	1	1	54	50	2	0	0.25	0	50	25	32.5	
15	1	1	1	51	1	200	0.01	0.0151509	0	0	0	
15	1	1	293	52	1	400	0.25	0.118548	0	0	0	
15	1	1	292	53	1	300	0.25	0.150193	0	0	0	
15	1	1	141	54	2	0	0.95	0	200	0	84	
15	1	1	44	55	2	0	0.1	0	200	100	122	
15	1	1	254	56	1	500	0.6	0.424197	0	0	0	
15	1	1	51	57	2	0	0.25	0	200	0	20	
15	1	1	329	58	1	500	0.99	0.98327	0	0	0	
15	1	1	61	59	2	0	0.4	0	25	0	5.5	
15	1	1	165	60	1	600	0.99	0.981143	0	0	0	
15	1	1	87	61	2	0	0.5	0	150	50	72	
15	1	1	89	62	1	500	0.6	0.464892	0	0	0	
15	1	1	191	63	1	200	0.5	0.47107	0	0	0	
15	1	1	140	64	2	0	0.95	0	150	0	75	
15	1	1	315	65	1	600	0.75	0.471181	0	0	0	
15	1	1	91	66	1	200	0.75	0.646144	0	0	0	
15	1	1	18	67	2	0	0.05	0	75	0	10.5	
15	1	1	320	68	1	600	0.9	0.906972	0	0	0	
15	1	1	127	69	1	300	0.25	0.13083	0	0	0	
15	1	1	88	70	2	0	0.5	0	150	100	117	
15	1	1	318	71	1	400	0.9	0.880837	0	0	0	
15	1	1	21	72	1	200	0.4	0.45471	0	0	0	
15	1	1	52	73	1	300	0.99	0.988869	0	0	0	
15	1	1	106	74	1	200	0.99	0.991638	0	0	0	
15	1	1	149	75	2	0	0.95	0	200	100	170	
15	1	1	249	76	1	500	0.5	0.398819	0	0	0	
15	1	1	325	77	1	600	0.95	0.957914	0	0	0	
15	1	1	210	78	1	600	0.9	0.929214	0	0	0	
15	1	1	216	79	1	200	0.99	0.966335	0	0	0	
15	1	1	47	80	2	0	0.25	0	50	0	7	
15	1	1	224	81	1	500	0.01	0.0246555	0	0	0	
15	1	1	153	82	1	400	0.9	0.666091	0	0	0	
15	1	1	16	83	1	200	0.25	0.20781	0	0	0	
15	1	1	69	84	1	500	0.1	0.156394	0	0	0	
15	1	1	151	85	1	200	0.9	0.851204	0	0	0	
15	1	1	38	86	2	0	0.1	0	800	0	80	
15	1	1	226	87	1	200	0.05	0.0788353	0	0	0	
15	1	1	176	88	1	200	0.1	0.0984816	0	0	0	
15	1	1	108	89	2	0	0.75	0	75	0	19.5	
15	1	1	208	90	1	400	0.9	0.907215	0	0	0	
15	1	1	15	91	2	0	0.01	0	200	150	155	
15	1	1	328	92	1	400	0.99	0.971722	0	0	0	
15	1	1	161	93	1	200	0.99	0.969829	0	0	0	
15	1	1	118	94	2	0	0.75	0	150	100	115	
15	1	1	278	95	1	400	0.01	0.0327582	0	0	0	
15	1	1	147	96	2	0	0.95	0	150	50	92	
15	1	1	39	97	2	0	0.1	0	50	25	27.5	
15	1	1	239	98	1	500	0.25	0.825658	0	0	0	
15	1	1	256	99	1	200	0.75	0.517444	0	0	0	
15	1	2	157	100	1	300	0.95	0.944845	0	0	0	
15	1	2	101	101	2	0	0.6	0	100	50	65	
15	1	2	215	102	1	600	0.95	0.912049	0	0	0	
15	1	2	35	103	1	600	0.6	0.590031	0	0	0	
15	1	2	94	104	1	500	0.75	0.571553	0	0	0	
15	1	2	55	105	1	600	0.99	0.986008	0	0	0	
15	1	2	199	106	1	500	0.6	0.523622	0	0	0	
15	1	2	11	107	2	0	0.01	0	100	50	57	
15	1	2	133	108	2	0	0.9	0	150	100	115	
15	1	2	54	109	1	500	0.99	0.984199	0	0	0	
15	1	2	63	110	1	400	0.05	0.0366237	0	0	0	
15	1	2	205	111	1	600	0.75	0.783778	0	0	0	
15	1	2	34	112	2	0	0.1	0	100	0	10	
15	1	2	78	113	1	400	0.4	0.439593	0	0	0	
15	1	2	110	114	2	0	0.75	0	150	0	15	
15	1	2	68	115	2	0	0.4	0	800	0	48	
15	1	2	184	116	1	500	0.25	0.433043	0	0	0	
15	1	2	306	117	1	200	0.6	0.493874	0	0	0	
15	1	2	275	118	1	600	0.99	0.98063	0	0	0	
15	1	2	93	119	2	0	0.6	0	75	0	13.5	
15	1	2	214	120	1	500	0.95	0.951461	0	0	0	
15	1	2	121	121	2	0	0.9	0	25	0	9.5	
15	1	2	133	122	1	400	0.4	0.455489	0	0	0	
15	1	2	8	123	2	0	0.01	0	800	0	16	
15	1	2	21	124	2	0	0.05	0	200	0	28	
15	1	2	50	125	1	600	0.95	0.929772	0	0	0	
15	1	2	262	126	1	300	0.9	0.954756	0	0	0	
15	1	2	108	127	1	400	0.99	0.984876	0	0	0	
15	1	2	310	128	1	600	0.6	0.518717	0	0	0	
15	1	2	187	129	1	300	0.4	0.405984	0	0	0	
15	1	2	265	130	1	600	0.9	0.898011	0	0	0	
15	1	2	93	131	1	400	0.75	0.529381	0	0	0	
15	1	2	61	132	1	200	0.05	0.0539922	0	0	0	
15	1	2	150	133	1	600	0.75	0.482968	0	0	0	
15	1	2	53	134	2	0	0.25	0	800	0	48	
15	1	2	153	135	2	0	0.99	0	75	0	22.5	
15	1	2	28	136	2	0	0.05	0	150	100	105	
15	1	2	192	137	1	300	0.5	0.492875	0	0	0	
15	1	2	31	138	2	0	0.1	0	25	0	4.5	
15	1	2	136	139	2	0	0.95	0	25	0	8.5	
15	1	2	96	140	1	200	0.9	0.801514	0	0	0	
15	1	2	27	141	1	300	0.5	0.489531	0	0	0	
15	1	2	38	142	1	400	0.75	0.719395	0	0	0	
15	1	2	125	143	2	0	0.9	0	150	0	51	
15	1	2	27	144	2	0	0.05	0	150	50	60	
15	1	2	102	145	1	300	0.95	0.936348	0	0	0	
15	1	2	115	146	1	600	0.01	0.0446247	0	0	0	
15	1	2	5	147	2	0	0.01	0	150	0	15	
15	1	2	144	148	1	500	0.6	0.492136	0	0	0	
15	1	2	23	149	1	400	0.4	0.406174	0	0	0	
15	1	2	72	150	1	300	0.25	0.42184	0	0	0	
15	1	2	102	151	2	0	0.6	0	150	50	80	
15	1	2	233	152	1	400	0.1	0.52448	0	0	0	
15	1	2	116	153	2	0	0.75	0	100	50	61	
15	1	2	264	154	1	500	0.9	0.907268	0	0	0	
15	1	2	152	155	1	300	0.9	0.922589	0	0	0	
15	1	2	110	156	1	600	0.99	0.991085	0	0	0	
15	1	2	137	157	1	300	0.5	0.462839	0	0	0	
15	1	2	286	158	1	200	0.1	0.101666	0	0	0	
15	1	2	227	159	1	300	0.05	0.0286007	0	0	0	
15	1	2	78	160	2	0	0.5	0	75	0	7.5	
15	1	2	168	161	1	400	0.01	0.0135985	0	0	0	
15	1	2	287	162	1	300	0.1	0.0460046	0	0	0	
15	1	2	95	163	1	600	0.75	0.863774	0	0	0	
15	1	2	73	164	2	0	0.4	0	150	100	107	
15	1	2	244	165	1	500	0.4	0.412366	0	0	0	
15	1	2	234	166	1	500	0.1	0.107579	0	0	0	
15	1	2	58	167	1	400	0.01	0.0338683	0	0	0	
15	1	2	24	168	2	0	0.05	0	50	25	28.5	
15	1	2	66	169	1	200	0.1	0.122838	0	0	0	
15	1	2	301	170	1	200	0.5	0.512658	0	0	0	
15	1	2	141	171	1	200	0.6	0.509982	0	0	0	
15	1	2	124	172	1	500	0.1	0.128964	0	0	0	
15	1	2	75	173	1	600	0.25	0.1534	0	0	0	
15	1	2	122	174	1	300	0.1	0.0651201	0	0	0	
15	1	2	220	175	1	600	0.99	0.97576	0	0	0	
15	1	2	41	176	1	200	0.9	0.950448	0	0	0	
15	1	2	182	177	1	300	0.25	0.164634	0	0	0	
15	1	2	77	178	2	0	0.5	0	50	0	7	
15	1	2	7	179	1	300	0.05	0.134072	0	0	0	
15	1	2	130	180	2	0	0.9	0	75	50	58.5	
15	1	2	270	181	1	600	0.95	0.938263	0	0	0	
15	1	2	229	182	1	500	0.05	0.0589325	0	0	0	
15	1	2	75	183	2	0	0.4	0	200	150	161	
15	1	2	95	184	2	0	0.6	0	150	0	21	
15	1	2	327	185	1	300	0.99	0.985265	0	0	0	
15	1	2	3	186	2	0	0.01	0	75	0	7.5	
15	1	2	111	187	1	200	0.01	0.0171146	0	0	0	
15	1	2	223	188	1	400	0.01	0.00500931	0	0	0	
15	1	2	113	189	2	0	0.75	0	800	0	48	
15	1	2	57	190	1	300	0.01	0.0100204	0	0	0	
15	1	2	111	191	2	0	0.75	0	200	0	20	
15	1	2	84	192	2	0	0.5	0	50	25	31.5	
15	1	2	79	193	2	0	0.5	0	100	0	10	
15	1	2	160	194	2	0	0.99	0	75	50	61.5	
15	1	2	3	195	1	400	0.01	0.0434836	0	0	0	
15	1	2	158	196	1	400	0.95	0.935862	0	0	0	
15	1	2	236	197	1	200	0.25	0.378089	0	0	0	
15	1	2	30	198	1	600	0.5	0.516152	0	0	0	
15	1	3	105	199	1	600	0.95	0.934495	0	0	0	
15	1	3	48	200	1	400	0.95	0.93132	0	0	0	
15	1	3	134	201	1	500	0.4	0.397395	0	0	0	
15	1	3	113	202	1	400	0.01	0.0240408	0	0	0	
15	1	3	280	203	1	600	0.01	0.0122008	0	0	0	
15	1	3	8	204	1	400	0.05	0.0458498	0	0	0	
15	1	3	314	205	1	500	0.75	0.87871	0	0	0	
15	1	3	136	206	1	200	0.5	0.479898	0	0	0	
15	1	3	237	207	1	300	0.25	0.406669	0	0	0	
15	1	3	145	208	1	600	0.6	0.613203	0	0	0	
15	1	3	274	209	1	500	0.99	0.984659	0	0	0	
15	1	3	45	210	2	0	0.1	0	200	150	159	
15	1	3	197	211	1	300	0.6	0.576997	0	0	0	
15	1	3	140	212	1	600	0.5	0.505453	0	0	0	
15	1	3	22	213	2	0	0.05	0	400	0	8	
15	1	3	296	214	1	200	0.4	0.491216	0	0	0	
15	1	3	16	215	2	0	0.05	0	25	0	4.5	
15	1	3	129	216	2	0	0.9	0	50	25	34.5	
15	1	3	230	217	1	600	0.05	0.158212	0	0	0	
15	1	3	46	218	1	200	0.95	0.883575	0	0	0	
15	1	3	162	219	1	300	0.99	0.964641	0	0	0	
15	1	3	163	220	1	400	0.99	0.986755	0	0	0	
15	1	3	26	221	1	200	0.5	0.48314	0	0	0	
15	1	3	82	222	2	0	0.5	0	400	0	56	
15	1	3	43	223	2	0	0.1	0	150	100	109	
15	1	3	44	224	1	500	0.9	0.85028	0	0	0	
15	1	3	7	225	2	0	0.01	0	400	0	8	
15	1	3	5	226	1	600	0.01	0.0238771	0	0	0	
15	1	3	112	227	2	0	0.75	0	400	0	72	
15	1	3	138	228	1	400	0.5	0.485122	0	0	0	
15	1	3	201	229	1	200	0.75	0.622207	0	0	0	
15	1	3	2	230	1	300	0.01	0.0171986	0	0	0	
15	1	3	123	231	1	400	0.1	0.0982604	0	0	0	
15	1	3	77	232	1	300	0.4	0.407859	0	0	0	
15	1	3	10	233	1	600	0.05	0.0792157	0	0	0	
15	1	3	228	234	1	400	0.05	0.0505955	0	0	0	
15	1	3	231	235	1	200	0.1	0.0353367	0	0	0	
15	1	3	63	236	2	0	0.4	0	75	0	10.5	
15	1	3	4	237	2	0	0.01	0	100	0	10	
15	1	3	62	238	2	0	0.4	0	50	0	7	
15	1	3	180	239	1	600	0.1	0.0988044	0	0	0	
15	1	3	173	240	1	400	0.05	0.142635	0	0	0	
15	1	3	70	241	2	0	0.4	0	75	50	59.5	
15	1	3	316	242	1	200	0.9	0.823853	0	0	0	
15	1	3	39	243	1	500	0.75	0.724149	0	0	0	
15	1	3	64	244	2	0	0.4	0	100	0	10	
15	1	3	247	245	1	300	0.5	0.497629	0	0	0	
15	1	3	73	246	1	400	0.25	0.416678	0	0	0	
15	1	3	271	247	1	200	0.99	0.955313	0	0	0	
15	1	3	23	248	2	0	0.05	0	800	0	16	
15	1	3	307	249	1	300	0.6	0.541265	0	0	0	
15	1	3	311	250	1	200	0.75	0.727161	0	0	0	
15	1	3	114	251	1	500	0.01	0.0165352	0	0	0	
15	1	3	104	252	1	500	0.95	0.915477	0	0	0	
15	1	3	85	253	2	0	0.5	0	75	50	57.5	
15	1	3	99	254	1	500	0.9	0.877768	0	0	0	
15	1	3	28	255	1	400	0.5	0.498594	0	0	0	
15	1	3	303	256	1	400	0.5	0.479783	0	0	0	
15	1	3	35	257	2	0	0.1	0	150	0	15	
15	1	3	189	258	1	500	0.4	0.387072	0	0	0	
15	1	3	177	259	1	300	0.1	0.252578	0	0	0	
15	1	3	142	260	2	0	0.95	0	400	0	104	
15	1	3	139	261	2	0	0.95	0	100	0	30	
15	1	3	91	262	2	0	0.6	0	25	0	6.5	
15	1	3	50	263	2	0	0.25	0	150	0	15	
15	1	3	131	264	2	0	0.9	0	100	50	67	
15	1	3	248	265	1	400	0.5	0.487713	0	0	0	
15	1	3	277	266	1	300	0.01	0.0375083	0	0	0	
15	1	3	276	267	1	200	0.01	0.0278533	0	0	0	
15	1	3	103	268	2	0	0.6	0	150	100	115	
15	1	3	195	269	1	600	0.5	0.470535	0	0	0	
15	1	3	19	270	2	0	0.05	0	100	0	10	
15	1	3	24	271	1	500	0.4	0.454914	0	0	0	
15	1	3	158	272	2	0	0.99	0	800	0	304	
15	1	3	32	273	1	300	0.6	0.495232	0	0	0	
15	1	3	309	274	1	500	0.6	0.597174	0	0	0	
15	1	3	163	275	2	0	0.99	0	150	100	141	
15	1	3	13	276	1	400	0.1	0.195249	0	0	0	
15	1	3	321	277	1	200	0.95	0.802235	0	0	0	
15	1	3	193	278	1	400	0.5	0.532791	0	0	0	
15	1	3	36	279	1	200	0.75	0.653318	0	0	0	
15	1	3	9	280	1	500	0.05	0.178734	0	0	0	
15	1	3	128	281	2	0	0.9	0	800	0	240	
15	1	3	46	282	2	0	0.25	0	25	0	6.5	
15	1	3	59	283	1	500	0.01	0.05332	0	0	0	
15	1	3	122	284	2	0	0.9	0	50	0	17	
15	1	3	37	285	2	0	0.1	0	400	0	24	
15	1	3	32	286	2	0	0.1	0	50	0	5	
15	1	3	60	287	2	0	0.25	0	200	150	163	
15	1	3	107	288	2	0	0.75	0	50	0	11	
15	1	3	90	289	1	600	0.6	0.594764	0	0	0	
15	1	3	258	290	1	400	0.75	0.601367	0	0	0	
15	1	3	12	291	1	300	0.1	0.133298	0	0	0	
15	1	3	202	292	1	300	0.75	0.762553	0	0	0	
15	1	3	243	293	1	400	0.4	0.484794	0	0	0	
15	1	3	97	294	2	0	0.6	0	400	0	88	
15	1	3	252	295	1	300	0.6	0.490858	0	0	0	
15	1	3	171	296	1	200	0.05	0.110914	0	0	0	
15	1	3	324	297	1	500	0.95	0.943818	0	0	0	
15	1	4	2	298	2	0	0.01	0	50	0	5	
15	1	4	188	299	1	400	0.4	0.52153	0	0	0	
15	1	4	97	300	1	300	0.9	0.784791	0	0	0	
15	1	4	47	301	1	300	0.95	0.889506	0	0	0	
15	1	4	34	302	1	500	0.6	0.707546	0	0	0	
15	1	4	240	303	1	600	0.25	0.260402	0	0	0	
15	1	4	116	304	1	200	0.05	0.0913696	0	0	0	
15	1	4	56	305	1	200	0.01	0.0259426	0	0	0	
15	1	4	20	306	1	600	0.25	0.366315	0	0	0	
15	1	4	107	307	1	300	0.99	0.97316	0	0	0	
15	1	4	52	308	2	0	0.25	0	400	0	88	
15	1	4	299	309	1	500	0.4	0.465705	0	0	0	
15	1	4	109	310	1	500	0.99	0.98174	0	0	0	
15	1	4	127	311	2	0	0.9	0	400	0	104	
15	1	4	15	312	1	600	0.1	0.147376	0	0	0	
15	1	4	279	313	1	500	0.01	0.0208917	0	0	0	
15	1	4	194	314	1	500	0.5	0.539067	0	0	0	
15	1	4	160	315	1	600	0.95	0.9399	0	0	0	
15	1	4	117	316	1	300	0.05	0.111188	0	0	0	
15	1	4	156	317	2	0	0.99	0	200	0	116	
15	1	4	263	318	1	400	0.9	0.898418	0	0	0	
15	1	4	31	319	1	200	0.6	0.49705	0	0	0	
15	1	4	250	320	1	600	0.5	0.443936	0	0	0	
15	1	4	71	321	2	0	0.4	0	100	50	65	
15	1	4	117	322	2	0	0.75	0	150	50	76	
15	1	4	64	323	1	500	0.05	0.200914	0	0	0	
15	1	4	129	324	1	500	0.25	0.309836	0	0	0	
15	1	4	209	325	1	500	0.9	0.892297	0	0	0	
15	1	4	123	326	2	0	0.9	0	75	0	25.5	
15	1	4	115	327	2	0	0.75	0	75	50	62.5	
15	1	4	70	328	1	600	0.1	0.239831	0	0	0	
15	1	4	143	329	1	400	0.6	0.599306	0	0	0	
15	1	4	85	330	1	600	0.5	0.542251	0	0	0	
15	1	4	45	331	1	600	0.9	0.89955	0	0	0	
15	1	4	235	332	1	600	0.1	0.181419	0	0	0	
15	1	4	9	333	2	0	0.01	0	50	25	30.5	
15	1	4	90	334	2	0	0.5	0	200	150	175	
15	1	4	13	335	2	0	0.01	0	150	100	105	
15	1	4	106	336	2	0	0.75	0	25	0	4.5	
15	1	4	179	337	1	500	0.1	0.196558	0	0	0	
15	1	4	298	338	1	400	0.4	0.464352	0	0	0	
15	1	4	200	339	1	600	0.6	0.483556	0	0	0	
15	1	4	1	340	2	0	0.01	0	25	0	4.5	
15	1	4	6	341	1	200	0.05	0.102692	0	0	0	
15	1	4	86	342	1	200	0.6	0.601969	0	0	0	
15	1	4	295	343	1	600	0.25	0.359336	0	0	0	
15	1	4	49	344	2	0	0.25	0	100	0	10	
15	1	4	11	345	1	200	0.1	0.185271	0	0	0	
15	1	4	266	346	1	200	0.95	0.858781	0	0	0	
15	1	4	20	347	2	0	0.05	0	150	0	9	
15	1	4	71	348	1	200	0.25	0.380751	0	0	0	
15	1	4	55	349	2	0	0.25	0	75	50	58.5	
15	1	4	285	350	1	600	0.05	0.111785	0	0	0	
15	1	4	132	351	1	300	0.4	0.278071	0	0	0	
15	1	4	289	352	1	500	0.1	0.19394	0	0	0	
15	1	4	221	353	1	200	0.01	0.0304185	0	0	0	
15	1	4	297	354	1	300	0.4	0.482415	0	0	0	
15	1	4	313	355	1	400	0.75	0.812987	0	0	0	
15	1	4	143	356	2	0	0.95	0	800	0	112	
15	1	4	42	357	1	300	0.9	0.883111	0	0	0	
15	1	4	165	358	2	0	0.99	0	200	150	185	
15	1	4	242	359	1	300	0.4	0.435201	0	0	0	
15	1	4	241	360	1	200	0.4	0.418067	0	0	0	
15	1	4	257	361	1	300	0.75	0.573008	0	0	0	
15	1	4	154	362	2	0	0.99	0	100	0	30	
15	1	4	99	363	2	0	0.6	0	50	25	33.5	
15	1	4	4	364	1	500	0.01	0.022683	0	0	0	
15	1	4	30	365	2	0	0.05	0	200	150	159	
15	1	4	151	366	2	0	0.99	0	25	0	6.5	
15	1	4	148	367	2	0	0.95	0	150	100	119	
15	1	4	43	368	1	400	0.9	0.849103	0	0	0	
15	1	4	26	369	2	0	0.05	0	100	50	59	
15	1	4	291	370	1	200	0.25	0.446851	0	0	0	
15	1	4	283	371	1	400	0.05	0.179941	0	0	0	
15	1	4	290	372	1	600	0.1	0.142338	0	0	0	
15	1	4	322	373	1	300	0.95	0.176841	0	0	0	
15	1	4	6	374	2	0	0.01	0	200	0	12	
15	1	4	167	375	1	300	0.01	0.00827336	0	0	0	
15	1	4	12	376	2	0	0.01	0	150	50	60	
15	1	4	162	377	2	0	0.99	0	150	50	80	
15	1	4	139	378	1	500	0.5	0.50414	0	0	0	
15	1	4	134	379	2	0	0.9	0	200	100	154	
15	1	4	142	380	1	300	0.6	0.586528	0	0	0	
15	1	4	155	381	1	600	0.9	0.870895	0	0	0	
15	1	4	175	382	1	600	0.05	0.167204	0	0	0	
15	1	4	84	383	1	500	0.5	0.572101	0	0	0	
15	1	4	149	384	1	500	0.75	0.685202	0	0	0	
15	1	4	17	385	1	300	0.25	0.369902	0	0	0	
15	1	4	25	386	2	0	0.05	0	75	50	55.5	
15	1	4	65	387	2	0	0.4	0	150	0	15	
15	1	4	14	388	1	500	0.1	0.214497	0	0	0	
15	1	4	219	389	1	500	0.99	0.982629	0	0	0	
15	1	4	57	390	2	0	0.25	0	150	50	60	
15	1	4	261	391	1	200	0.9	0.835247	0	0	0	
15	1	4	33	392	2	0	0.1	0	75	0	4.5	
15	1	4	164	393	2	0	0.99	0	200	100	154	
15	1	4	33	394	1	400	0.6	0.551787	0	0	0	
15	1	4	178	395	1	400	0.1	0.231888	0	0	0	
15	1	4	29	396	1	500	0.5	0.542512	0	0	0	
15	1	5	130	397	1	600	0.25	0.342467	0	0	0	
15	1	5	60	398	1	600	0.01	0.0254517	0	0	0	
15	1	5	120	399	2	0	0.75	0	200	150	165	
15	1	5	56	400	2	0	0.25	0	100	50	57	
15	1	5	148	401	1	400	0.75	0.841213	0	0	0	
15	1	5	259	402	1	500	0.75	0.888759	0	0	0	
15	1	5	19	403	1	500	0.25	0.356771	0	0	0	
15	1	5	109	404	2	0	0.75	0	100	0	14	
15	1	5	67	405	1	300	0.1	0.247138	0	0	0	
15	1	5	272	406	1	300	0.99	0.968352	0	0	0	
15	1	5	304	407	1	500	0.5	0.613207	0	0	0	
15	1	5	114	408	2	0	0.75	0	50	25	32.5	
15	1	5	40	409	1	600	0.75	0.677807	0	0	0	
15	1	5	135	410	1	600	0.4	0.531256	0	0	0	
15	1	5	92	411	1	300	0.75	0.560845	0	0	0	
15	1	5	282	412	1	300	0.05	0.287991	0	0	0	
15	1	5	76	413	1	200	0.4	0.499204	0	0	0	
15	1	5	98	414	1	400	0.9	0.885826	0	0	0	
15	1	5	146	415	2	0	0.95	0	100	50	63	
15	1	5	104	416	2	0	0.6	0	200	100	134	
15	1	5	217	417	1	300	0.99	0.994783	0	0	0	
15	1	5	81	418	1	200	0.5	0.404471	0	0	0	
15	1	5	213	419	1	400	0.95	0.91158	0	0	0	
15	1	5	74	420	2	0	0.4	0	200	100	122	
15	1	5	161	421	2	0	0.99	0	100	50	71	
15	1	5	211	422	1	200	0.95	0.894451	0	0	0	
15	1	5	204	423	1	500	0.75	0.658125	0	0	0	
15	1	5	119	424	2	0	0.75	0	200	100	146	
15	1	5	294	425	1	500	0.25	0.389327	0	0	0	
15	1	5	14	426	2	0	0.01	0	200	100	110	
15	1	5	69	427	2	0	0.4	0	50	25	30.5	
15	1	5	174	428	1	500	0.05	0.207969	0	0	0	
15	1	5	305	429	1	600	0.5	0.644326	0	0	0	
15	1	5	80	430	1	600	0.4	0.548054	0	0	0	
15	1	5	157	431	2	0	0.99	0	400	0	152	
15	1	5	132	432	2	0	0.9	0	150	50	80	
15	1	5	206	433	1	200	0.9	0.579147	0	0	0	
15	1	5	86	434	2	0	0.5	0	100	50	75	
15	1	5	98	435	2	0	0.6	0	800	0	48	
15	1	5	317	436	1	300	0.9	0.776626	0	0	0	
15	1	5	170	437	1	600	0.01	0.0209315	0	0	0	
15	1	5	92	438	2	0	0.6	0	50	0	9	
15	1	5	18	439	1	400	0.25	0.248663	0	0	0	
15	1	5	58	440	2	0	0.25	0	150	100	111	
15	1	5	49	441	1	500	0.95	0.892195	0	0	0	
15	1	5	326	442	1	200	0.99	0.974597	0	0	0	
15	1	5	300	443	1	600	0.4	0.52793	0	0	0	
15	1	5	118	444	1	400	0.05	0.251344	0	0	0	
15	1	5	190	445	1	600	0.4	0.376421	0	0	0	
15	1	5	83	446	2	0	0.5	0	800	0	112	
15	1	5	198	447	1	400	0.6	0.59801	0	0	0	
15	1	5	330	448	1	600	0.99	0.980687	0	0	0	
15	1	5	74	449	1	500	0.25	0.311835	0	0	0	
15	1	5	302	450	1	300	0.5	0.457943	0	0	0	
15	1	5	17	451	2	0	0.05	0	50	0	7	
15	1	5	100	452	1	600	0.9	0.900227	0	0	0	
15	1	5	29	453	2	0	0.05	0	200	100	110	
15	1	5	100	454	2	0	0.6	0	75	50	60.5	
15	1	5	67	455	2	0	0.4	0	400	0	40	
15	1	5	138	456	2	0	0.95	0	75	0	13.5	
15	1	5	125	457	1	600	0.1	0.248553	0	0	0	
15	1	5	88	458	1	400	0.6	0.849254	0	0	0	
15	1	5	154	459	1	500	0.9	0.871536	0	0	0	
15	1	5	112	460	1	300	0.01	0.0217011	0	0	0	
15	1	5	196	461	1	200	0.6	0.608996	0	0	0	
15	1	5	260	462	1	600	0.75	0.737993	0	0	0	
15	1	5	164	463	1	500	0.99	0.984256	0	0	0	
15	1	5	159	464	1	500	0.95	0.92791	0	0	0	
15	1	5	37	465	1	300	0.75	0.821664	0	0	0	
15	1	5	147	466	1	300	0.75	0.766321	0	0	0	
15	1	5	48	467	2	0	0.25	0	75	0	13.5	
15	1	5	155	468	2	0	0.99	0	150	0	51	
15	1	5	169	469	1	500	0.01	0.0634571	0	0	0	
15	1	5	181	470	1	200	0.25	0.391525	0	0	0	
15	1	5	284	471	1	500	0.05	0.132666	0	0	0	
15	1	5	172	472	1	300	0.05	0.116708	0	0	0	
15	1	5	135	473	2	0	0.9	0	200	150	175	
15	1	5	150	474	2	0	0.95	0	200	150	175	
15	1	5	59	475	2	0	0.25	0	200	100	126	
15	1	5	68	476	1	400	0.1	0.187916	0	0	0	
15	1	5	251	477	1	200	0.6	0.607767	0	0	0	
15	1	5	207	478	1	300	0.9	0.851987	0	0	0	
15	1	5	96	479	2	0	0.6	0	200	0	60	
15	1	5	238	480	1	400	0.25	0.371649	0	0	0	
15	1	5	152	481	2	0	0.99	0	50	0	23	
15	1	5	83	482	1	400	0.5	0.450871	0	0	0	
15	1	5	131	483	1	200	0.4	0.448248	0	0	0	
15	1	5	183	484	1	400	0.25	0.363449	0	0	0	
15	1	5	40	485	2	0	0.1	0	75	50	56.5	
15	1	5	203	486	1	400	0.75	0.718731	0	0	0	
15	1	5	119	487	1	500	0.05	0.232259	0	0	0	
15	1	5	232	488	1	300	0.1	0.167544	0	0	0	
15	1	5	186	489	1	200	0.4	0.254519	0	0	0	
15	1	5	94	490	2	0	0.6	0	100	0	14	
15	1	5	218	491	1	400	0.99	0.990634	0	0	0	
15	1	5	81	492	2	0	0.5	0	200	0	28	
15	1	5	25	493	1	600	0.4	0.387934	0	0	0	
15	1	5	65	494	1	600	0.05	0.181052	0	0	0	
15	1	5	103	495	1	400	0.95	0.869055	0	0	0	
15	2	1	151	1	2	0	0.99	0	25	0	18.5	
15	2	1	224	2	1	500	0.01	0.0181009	0	0	0	
15	2	1	248	3	1	400	0.5	0.584896	0	0	0	
15	2	1	69	4	1	500	0.1	0.258186	0	0	0	
15	2	1	229	5	1	500	0.05	0.0456684	0	0	0	
15	2	1	291	6	1	200	0.25	0.521782	0	0	0	
15	2	1	164	7	1	500	0.99	0.995132	0	0	0	
15	2	1	25	8	1	600	0.4	0.561017	0	0	0	
15	2	1	119	9	1	500	0.05	0.115359	0	0	0	
15	2	1	102	10	2	0	0.6	0	150	50	100	
15	2	1	115	11	2	0	0.75	0	75	50	58.5	
15	2	1	213	12	1	400	0.95	0.931107	0	0	0	
15	2	1	55	13	1	600	0.99	0.984181	0	0	0	
15	2	1	76	14	2	0	0.5	0	25	0	4.5	
15	2	1	121	15	1	200	0.1	0.202759	0	0	0	
15	2	1	143	16	2	0	0.95	0	800	0	240	
15	2	1	259	17	1	500	0.75	0.704335	0	0	0	
15	2	1	313	18	1	400	0.75	0.808586	0	0	0	
15	2	1	175	19	1	600	0.05	0.108747	0	0	0	
15	2	1	192	20	1	300	0.5	0.474808	0	0	0	
15	2	1	100	21	1	600	0.9	0.884858	0	0	0	
15	2	1	277	22	1	300	0.01	0.00911812	0	0	0	
15	2	1	135	23	2	0	0.9	0	200	150	175	
15	2	1	62	24	1	300	0.05	0.0822586	0	0	0	
15	2	1	94	25	2	0	0.6	0	100	0	18	
15	2	1	186	26	1	200	0.4	0.473755	0	0	0	
15	2	1	52	27	1	300	0.99	0.978591	0	0	0	
15	2	1	263	28	1	400	0.9	0.965707	0	0	0	
15	2	1	172	29	1	300	0.05	0.0555535	0	0	0	
15	2	1	131	30	2	0	0.9	0	100	50	77	
15	2	1	13	31	1	400	0.1	0.119234	0	0	0	
15	2	1	143	32	1	400	0.6	0.693552	0	0	0	
15	2	1	4	33	1	500	0.01	0.00517295	0	0	0	
15	2	1	9	34	1	500	0.05	0.0263053	0	0	0	
15	2	1	36	35	2	0	0.1	0	200	0	12	
15	2	1	311	36	1	200	0.75	0.901293	0	0	0	
15	2	1	216	37	1	200	0.99	0.987768	0	0	0	
15	2	1	27	38	1	300	0.5	0.563897	0	0	0	
15	2	1	152	39	1	300	0.9	0.889046	0	0	0	
15	2	1	74	40	1	500	0.25	0.258703	0	0	0	
15	2	1	83	41	1	400	0.5	0.589664	0	0	0	
15	2	1	73	42	1	400	0.25	0.394626	0	0	0	
15	2	1	38	43	2	0	0.1	0	800	0	48	
15	2	1	240	44	1	600	0.25	0.432494	0	0	0	
15	2	1	46	45	2	0	0.25	0	25	0	6.5	
15	2	1	309	46	1	500	0.6	0.647718	0	0	0	
15	2	1	206	47	1	200	0.9	0.901545	0	0	0	
15	2	1	220	48	1	600	0.99	0.996972	0	0	0	
15	2	1	111	49	1	200	0.01	0.0172517	0	0	0	
15	2	1	300	50	1	600	0.4	0.459995	0	0	0	
15	2	1	76	51	1	200	0.4	0.518209	0	0	0	
15	2	1	14	52	2	0	0.01	0	200	100	110	
15	2	1	321	53	1	200	0.95	0.976875	0	0	0	
15	2	1	84	54	1	500	0.5	0.508156	0	0	0	
15	2	1	320	55	1	600	0.9	0.94227	0	0	0	
15	2	1	261	56	1	200	0.9	0.858683	0	0	0	
15	2	1	312	57	1	300	0.75	0.7348	0	0	0	
15	2	1	153	58	2	0	0.99	0	75	0	16.5	
15	2	1	137	59	2	0	0.95	0	50	0	11	
15	2	1	35	60	2	0	0.1	0	150	0	9	
15	2	1	103	61	1	400	0.95	0.983009	0	0	0	
15	2	1	23	62	2	0	0.05	0	800	0	16	
15	2	1	86	63	1	200	0.6	0.487678	0	0	0	
15	2	1	45	64	1	600	0.9	0.955477	0	0	0	
15	2	1	121	65	2	0	0.9	0	25	0	5.5	
15	2	1	8	66	2	0	0.01	0	800	0	16	
15	2	1	160	67	2	0	0.99	0	75	50	62.5	
15	2	1	120	68	1	600	0.05	0.073926	0	0	0	
15	2	1	126	69	2	0	0.9	0	200	0	68	
15	2	1	194	70	1	500	0.5	0.461167	0	0	0	
15	2	1	117	71	2	0	0.75	0	150	50	60	
15	2	1	251	72	1	200	0.6	0.61418	0	0	0	
15	2	1	81	73	2	0	0.5	0	200	0	28	
15	2	1	138	74	1	400	0.5	0.528992	0	0	0	
15	2	1	39	75	2	0	0.1	0	50	25	32.5	
15	2	1	51	76	2	0	0.25	0	200	0	28	
15	2	1	130	77	2	0	0.9	0	75	50	60.5	
15	2	1	71	78	2	0	0.4	0	100	50	63	
15	2	1	63	79	1	400	0.05	0.092064	0	0	0	
15	2	1	233	80	1	400	0.1	0.1621	0	0	0	
15	2	1	210	81	1	600	0.9	0.927834	0	0	0	
15	2	1	257	82	1	300	0.75	0.661633	0	0	0	
15	2	1	101	83	2	0	0.6	0	100	50	75	
15	2	1	6	84	1	200	0.05	0.090401	0	0	0	
15	2	1	10	85	2	0	0.01	0	75	50	55.5	
15	2	1	306	86	1	200	0.6	0.52563	0	0	0	
15	2	1	39	87	1	500	0.75	0.692447	0	0	0	
15	2	1	1	88	2	0	0.01	0	25	0	4.5	
15	2	1	122	89	1	300	0.1	0.153475	0	0	0	
15	2	1	87	90	2	0	0.5	0	150	50	80	
15	2	1	162	91	1	300	0.99	0.969298	0	0	0	
15	2	1	149	92	2	0	0.95	0	200	100	130	
15	2	1	215	93	1	600	0.95	0.977335	0	0	0	
15	2	1	177	94	1	300	0.1	0.063749	0	0	0	
15	2	1	253	95	1	400	0.6	0.559868	0	0	0	
15	2	1	118	96	2	0	0.75	0	150	100	115	
15	2	1	303	97	1	400	0.5	0.578744	0	0	0	
15	2	1	279	98	1	500	0.01	0.0447043	0	0	0	
15	2	1	139	99	2	0	0.95	0	100	0	34	
15	2	2	117	100	1	300	0.05	0.0906708	0	0	0	
15	2	2	151	101	1	200	0.9	0.852757	0	0	0	
15	2	2	14	102	1	500	0.1	0.153595	0	0	0	
15	2	2	37	103	2	0	0.1	0	400	0	40	
15	2	2	252	104	1	300	0.6	0.595188	0	0	0	
15	2	2	134	105	2	0	0.9	0	200	100	150	
15	2	2	137	106	1	300	0.5	0.528563	0	0	0	
15	2	2	20	107	1	600	0.25	0.337147	0	0	0	
15	2	2	116	108	2	0	0.75	0	100	50	63	
15	2	2	20	109	2	0	0.05	0	150	0	9	
15	2	2	99	110	1	500	0.9	0.89775	0	0	0	
15	2	2	191	111	1	200	0.5	0.537055	0	0	0	
15	2	2	114	112	1	500	0.01	0.0116082	0	0	0	
15	2	2	96	113	1	200	0.9	0.898865	0	0	0	
15	2	2	161	114	1	200	0.99	0.953969	0	0	0	
15	2	2	128	115	1	400	0.25	0.37869	0	0	0	
15	2	2	11	116	2	0	0.01	0	100	50	55	
15	2	2	99	117	2	0	0.6	0	50	25	32.5	
15	2	2	146	118	1	200	0.75	0.578563	0	0	0	
15	2	2	17	119	1	300	0.25	0.390376	0	0	0	
15	2	2	190	120	1	600	0.4	0.5	0	0	0	
15	2	2	40	121	2	0	0.1	0	75	50	56.5	
15	2	2	326	122	1	200	0.99	0.966605	0	0	0	
15	2	2	144	123	1	500	0.6	0.705259	0	0	0	
15	2	2	195	124	1	600	0.5	0.602066	0	0	0	
15	2	2	141	125	2	0	0.95	0	200	0	60	
15	2	2	270	126	1	600	0.95	0.888365	0	0	0	
15	2	2	205	127	1	600	0.75	0.700346	0	0	0	
15	2	2	113	128	1	400	0.01	0.0151641	0	0	0	
15	2	2	78	129	2	0	0.5	0	75	0	13.5	
15	2	2	16	130	1	200	0.25	0.370203	0	0	0	
15	2	2	228	131	1	400	0.05	0.161339	0	0	0	
15	2	2	29	132	1	500	0.5	0.527311	0	0	0	
15	2	2	310	133	1	600	0.6	0.624065	0	0	0	
15	2	2	105	134	2	0	0.6	0	200	150	169	
15	2	2	15	135	2	0	0.01	0	200	150	159	
15	2	2	127	136	1	300	0.25	0.466263	0	0	0	
15	2	2	146	137	2	0	0.95	0	100	50	65	
15	2	2	157	138	2	0	0.99	0	400	0	152	
15	2	2	275	139	1	600	0.99	0.984716	0	0	0	
15	2	2	133	140	1	400	0.4	0.445745	0	0	0	
15	2	2	211	141	1	200	0.95	0.880873	0	0	0	
15	2	2	21	142	2	0	0.05	0	200	0	36	
15	2	2	290	143	1	600	0.1	0.103913	0	0	0	
15	2	2	238	144	1	400	0.25	0.453202	0	0	0	
15	2	2	221	145	1	200	0.01	0.0497728	0	0	0	
15	2	2	73	146	2	0	0.4	0	150	100	115	
15	2	2	123	147	1	400	0.1	0.117575	0	0	0	
15	2	2	24	148	1	500	0.4	0.485467	0	0	0	
15	2	2	236	149	1	200	0.25	0.339787	0	0	0	
15	2	2	66	150	2	0	0.4	0	200	0	36	
15	2	2	283	151	1	400	0.05	0.109225	0	0	0	
15	2	2	17	152	2	0	0.05	0	50	0	5	
15	2	2	41	153	2	0	0.1	0	100	50	61	
15	2	2	97	154	1	300	0.9	0.917078	0	0	0	
15	2	2	60	155	2	0	0.25	0	200	150	165	
15	2	2	295	156	1	600	0.25	0.345555	0	0	0	
15	2	2	80	157	1	600	0.4	0.5782	0	0	0	
15	2	2	105	158	1	600	0.95	0.964677	0	0	0	
15	2	2	64	159	1	500	0.05	0.0594367	0	0	0	
15	2	2	180	160	1	600	0.1	0.124364	0	0	0	
15	2	2	44	161	1	500	0.9	0.915618	0	0	0	
15	2	2	58	162	2	0	0.25	0	150	100	115	
15	2	2	50	163	1	600	0.95	0.980329	0	0	0	
15	2	2	33	164	2	0	0.1	0	75	0	10.5	
15	2	2	60	165	1	600	0.01	0.0189987	0	0	0	
15	2	2	202	166	1	300	0.75	0.774088	0	0	0	
15	2	2	123	167	2	0	0.9	0	75	0	16.5	
15	2	2	249	168	1	500	0.5	0.507143	0	0	0	
15	2	2	168	169	1	400	0.01	0.0531121	0	0	0	
15	2	2	70	170	1	600	0.1	0.165859	0	0	0	
15	2	2	108	171	2	0	0.75	0	75	0	16.5	
15	2	2	246	172	1	200	0.5	0.489748	0	0	0	
15	2	2	3	173	1	400	0.01	0.0147263	0	0	0	
15	2	2	160	174	1	600	0.95	0.960324	0	0	0	
15	2	2	47	175	2	0	0.25	0	50	0	5	
15	2	2	1	176	1	200	0.01	0.0335366	0	0	0	
15	2	2	142	177	2	0	0.95	0	400	0	152	
15	2	2	112	178	2	0	0.75	0	400	0	104	
15	2	2	139	179	1	500	0.5	0.508288	0	0	0	
15	2	2	75	180	1	600	0.25	0.418943	0	0	0	
15	2	2	214	181	1	500	0.95	0.905968	0	0	0	
15	2	2	86	182	2	0	0.5	0	100	50	65	
15	2	2	319	183	1	500	0.9	0.869568	0	0	0	
15	2	2	278	184	1	400	0.01	0.0260753	0	0	0	
15	2	2	271	185	1	200	0.99	0.939422	0	0	0	
15	2	2	126	186	1	200	0.25	0.315776	0	0	0	
15	2	2	154	187	2	0	0.99	0	100	0	42	
15	2	2	276	188	1	200	0.01	0.0970751	0	0	0	
15	2	2	184	189	1	500	0.25	0.406099	0	0	0	
15	2	2	189	190	1	500	0.4	0.468332	0	0	0	
15	2	2	140	191	2	0	0.95	0	150	0	39	
15	2	2	93	192	1	400	0.75	0.734884	0	0	0	
15	2	2	85	193	1	600	0.5	0.556108	0	0	0	
15	2	2	7	194	2	0	0.01	0	400	0	40	
15	2	2	159	195	2	0	0.99	0	50	25	39.5	
15	2	2	327	196	1	300	0.99	0.457979	0	0	0	
15	2	2	68	197	2	0	0.4	0	800	0	144	
15	2	2	113	198	2	0	0.75	0	800	0	144	
15	2	3	317	199	1	300	0.9	0.840439	0	0	0	
15	2	3	26	200	2	0	0.05	0	100	50	61	
15	2	3	37	201	1	300	0.75	0.614246	0	0	0	
15	2	3	98	202	2	0	0.6	0	800	0	112	
15	2	3	104	203	2	0	0.6	0	200	100	130	
15	2	3	34	204	2	0	0.1	0	100	0	14	
15	2	3	56	205	2	0	0.25	0	100	50	61	
15	2	3	286	206	1	200	0.1	0.181688	0	0	0	
15	2	3	256	207	1	200	0.75	0.771615	0	0	0	
15	2	3	182	208	1	300	0.25	0.671478	0	0	0	
15	2	3	98	209	1	400	0.9	0.8215	0	0	0	
15	2	3	32	210	1	300	0.6	0.645741	0	0	0	
15	2	3	31	211	1	200	0.6	0.608806	0	0	0	
15	2	3	147	212	2	0	0.95	0	150	50	80	
15	2	3	107	213	1	300	0.99	0.979635	0	0	0	
15	2	3	18	214	1	400	0.25	0.403449	0	0	0	
15	2	3	199	215	1	500	0.6	0.559611	0	0	0	
15	2	3	16	216	2	0	0.05	0	25	0	5.5	
15	2	3	6	217	2	0	0.01	0	200	0	12	
15	2	3	38	218	1	400	0.75	0.681274	0	0	0	
15	2	3	314	219	1	500	0.75	0.601712	0	0	0	
15	2	3	244	220	1	500	0.4	0.478408	0	0	0	
15	2	3	268	221	1	400	0.95	0.911514	0	0	0	
15	2	3	89	222	1	500	0.6	0.571827	0	0	0	
15	2	3	66	223	1	200	0.1	0.186496	0	0	0	
15	2	3	159	224	1	500	0.95	0.902739	0	0	0	
15	2	3	156	225	1	200	0.95	0.890492	0	0	0	
15	2	3	30	226	1	600	0.5	0.474038	0	0	0	
15	2	3	95	227	1	600	0.75	0.698594	0	0	0	
15	2	3	62	228	2	0	0.4	0	50	0	7	
15	2	3	193	229	1	400	0.5	0.476457	0	0	0	
15	2	3	223	230	1	400	0.01	0.0648193	0	0	0	
15	2	3	102	231	1	300	0.95	0.911903	0	0	0	
15	2	3	111	232	2	0	0.75	0	200	0	52	
15	2	3	63	233	2	0	0.4	0	75	0	13.5	
15	2	3	45	234	2	0	0.1	0	200	150	161	
15	2	3	181	235	1	200	0.25	0.376736	0	0	0	
15	2	3	156	236	2	0	0.99	0	200	0	100	
15	2	3	54	237	1	500	0.99	0.970754	0	0	0	
15	2	3	52	238	2	0	0.25	0	400	0	72	
15	2	3	285	239	1	600	0.05	0.156996	0	0	0	
15	2	3	40	240	1	600	0.75	0.875999	0	0	0	
15	2	3	250	241	1	600	0.5	0.562039	0	0	0	
15	2	3	49	242	1	500	0.95	0.921855	0	0	0	
15	2	3	124	243	1	500	0.1	0.10696	0	0	0	
15	2	3	134	244	1	500	0.4	0.360389	0	0	0	
15	2	3	209	245	1	500	0.9	0.904274	0	0	0	
15	2	3	274	246	1	500	0.99	0.948303	0	0	0	
15	2	3	96	247	2	0	0.6	0	200	0	52	
15	2	3	106	248	2	0	0.75	0	25	0	8.5	
15	2	3	90	249	1	600	0.6	0.48755	0	0	0	
15	2	3	301	250	1	200	0.5	0.568802	0	0	0	
15	2	3	88	251	2	0	0.5	0	150	100	125	
15	2	3	142	252	1	300	0.6	0.551853	0	0	0	
15	2	3	9	253	2	0	0.01	0	50	25	29.5	
15	2	3	165	254	2	0	0.99	0	200	150	175	
15	2	3	2	255	2	0	0.01	0	50	0	5	
15	2	3	12	256	1	300	0.1	0.219216	0	0	0	
15	2	3	79	257	1	500	0.4	0.471703	0	0	0	
15	2	3	65	258	2	0	0.4	0	150	0	15	
15	2	3	42	259	1	300	0.9	0.792606	0	0	0	
15	2	3	141	260	1	200	0.6	0.59023	0	0	0	
15	2	3	47	261	1	300	0.95	0.882155	0	0	0	
15	2	3	170	262	1	600	0.01	0.0287776	0	0	0	
15	2	3	106	263	1	200	0.99	0.935402	0	0	0	
15	2	3	67	264	1	300	0.1	0.178415	0	0	0	
15	2	3	89	265	2	0	0.5	0	200	100	150	
15	2	3	245	266	1	600	0.4	0.478642	0	0	0	
15	2	3	166	267	1	200	0.01	0.0529573	0	0	0	
15	2	3	120	268	2	0	0.75	0	200	150	175	
15	2	3	77	269	2	0	0.5	0	50	0	9	
15	2	3	69	270	2	0	0.4	0	50	25	30.5	
15	2	3	7	271	1	300	0.05	0.134506	0	0	0	
15	2	3	133	272	2	0	0.9	0	150	100	129	
15	2	3	110	273	2	0	0.75	0	150	0	21	
15	2	3	31	274	2	0	0.1	0	25	0	5.5	
15	2	3	78	275	1	400	0.4	0.479045	0	0	0	
15	2	3	153	276	1	400	0.9	0.877719	0	0	0	
15	2	3	144	277	2	0	0.95	0	50	25	34.5	
15	2	3	169	278	1	500	0.01	0.0231562	0	0	0	
15	2	3	8	279	1	400	0.05	0.130105	0	0	0	
15	2	3	119	280	2	0	0.75	0	200	100	150	
15	2	3	59	281	1	500	0.01	0.0323955	0	0	0	
15	2	3	163	282	1	400	0.99	0.914681	0	0	0	
15	2	3	324	283	1	500	0.95	0.902142	0	0	0	
15	2	3	217	284	1	300	0.99	0.930457	0	0	0	
15	2	3	72	285	1	300	0.25	0.397536	0	0	0	
15	2	3	254	286	1	500	0.6	0.53747	0	0	0	
15	2	3	140	287	1	600	0.5	0.61518	0	0	0	
15	2	3	330	288	1	600	0.99	0.955203	0	0	0	
15	2	3	316	289	1	200	0.9	0.725114	0	0	0	
15	2	3	71	290	1	200	0.25	0.385338	0	0	0	
15	2	3	222	291	1	300	0.01	0.141617	0	0	0	
15	2	3	82	292	1	300	0.5	0.721235	0	0	0	
15	2	3	3	293	2	0	0.01	0	75	0	7.5	
15	2	3	19	294	2	0	0.05	0	100	0	10	
15	2	3	34	295	1	500	0.6	0.574489	0	0	0	
15	2	3	299	296	1	500	0.4	0.525232	0	0	0	
15	2	3	161	297	2	0	0.99	0	100	50	79	
15	2	4	288	298	1	400	0.1	0.311623	0	0	0	
15	2	4	12	299	2	0	0.01	0	150	50	56	
15	2	4	75	300	2	0	0.4	0	200	150	161	
15	2	4	92	301	2	0	0.6	0	50	0	5	
15	2	4	255	302	1	600	0.6	0.541261	0	0	0	
15	2	4	197	303	1	300	0.6	0.622146	0	0	0	
15	2	4	176	304	1	200	0.1	0.421141	0	0	0	
15	2	4	46	305	1	200	0.95	0.885242	0	0	0	
15	2	4	15	306	1	600	0.1	0.22907	0	0	0	
15	2	4	42	307	2	0	0.1	0	150	50	60	
15	2	4	122	308	2	0	0.9	0	50	0	11	
15	2	4	260	309	1	600	0.75	0.805105	0	0	0	
15	2	4	234	310	1	500	0.1	0.139181	0	0	0	
15	2	4	41	311	1	200	0.9	0.897582	0	0	0	
15	2	4	129	312	2	0	0.9	0	50	25	37.5	
15	2	4	225	313	1	600	0.01	0.0240673	0	0	0	
15	2	4	43	314	2	0	0.1	0	150	100	109	
15	2	4	44	315	2	0	0.1	0	200	100	114	
15	2	4	67	316	2	0	0.4	0	400	0	72	
15	2	4	187	317	1	300	0.4	0.447934	0	0	0	
15	2	4	94	318	1	500	0.75	0.710708	0	0	0	
15	2	4	112	319	1	300	0.01	0.0356861	0	0	0	
15	2	4	74	320	2	0	0.4	0	200	100	118	
15	2	4	136	321	2	0	0.95	0	25	0	8.5	
15	2	4	125	322	2	0	0.9	0	150	0	33	
15	2	4	242	323	1	300	0.4	0.487368	0	0	0	
15	2	4	158	324	1	400	0.95	0.941174	0	0	0	
15	2	4	227	325	1	300	0.05	0.157403	0	0	0	
15	2	4	4	326	2	0	0.01	0	100	0	6	
15	2	4	218	327	1	400	0.99	0.990448	0	0	0	
15	2	4	108	328	1	400	0.99	0.980086	0	0	0	
15	2	4	318	329	1	400	0.9	0.865388	0	0	0	
15	2	4	293	330	1	400	0.25	0.40597	0	0	0	
15	2	4	147	331	1	300	0.75	0.698762	0	0	0	
15	2	4	84	332	2	0	0.5	0	50	25	37.5	
15	2	4	208	333	1	400	0.9	0.553423	0	0	0	
15	2	4	264	334	1	500	0.9	0.77139	0	0	0	
15	2	4	188	335	1	400	0.4	0.425674	0	0	0	
15	2	4	110	336	1	600	0.99	0.977114	0	0	0	
15	2	4	22	337	1	300	0.4	0.408098	0	0	0	
15	2	4	155	338	1	600	0.9	0.736967	0	0	0	
15	2	4	109	339	1	500	0.99	0.949891	0	0	0	
15	2	4	59	340	2	0	0.25	0	200	100	110	
15	2	4	174	341	1	500	0.05	0.217584	0	0	0	
15	2	4	272	342	1	300	0.99	0.940037	0	0	0	
15	2	4	65	343	1	600	0.05	0.167938	0	0	0	
15	2	4	54	344	2	0	0.25	0	50	25	30.5	
15	2	4	232	345	1	300	0.1	0.298261	0	0	0	
15	2	4	304	346	1	500	0.5	0.548992	0	0	0	
15	2	4	328	347	1	400	0.99	0.931094	0	0	0	
15	2	4	145	348	2	0	0.95	0	75	50	59.5	
15	2	4	36	349	1	200	0.75	0.444396	0	0	0	
15	2	4	130	350	1	600	0.25	0.754282	0	0	0	
15	2	4	158	351	2	0	0.99	0	800	0	624	
15	2	4	93	352	2	0	0.6	0	75	0	16.5	
15	2	4	88	353	1	400	0.6	0.566696	0	0	0	
15	2	4	127	354	2	0	0.9	0	400	0	200	
15	2	4	302	355	1	300	0.5	0.532481	0	0	0	
15	2	4	114	356	2	0	0.75	0	50	25	35.5	
15	2	4	157	357	1	300	0.95	0.873093	0	0	0	
15	2	4	322	358	1	300	0.95	0.849267	0	0	0	
15	2	4	2	359	1	300	0.01	0.0708609	0	0	0	
15	2	4	116	360	1	200	0.05	0.100892	0	0	0	
15	2	4	266	361	1	200	0.95	0.865937	0	0	0	
15	2	4	22	362	2	0	0.05	0	400	0	72	
15	2	4	11	363	1	200	0.1	0.689381	0	0	0	
15	2	4	58	364	1	400	0.01	0.0606398	0	0	0	
15	2	4	61	365	1	200	0.05	0.163139	0	0	0	
15	2	4	173	366	1	400	0.05	0.105589	0	0	0	
15	2	4	162	367	2	0	0.99	0	150	50	104	
15	2	4	5	368	1	600	0.01	0.0125989	0	0	0	
15	2	4	33	369	1	400	0.6	0.600208	0	0	0	
15	2	4	292	370	1	300	0.25	0.476643	0	0	0	
15	2	4	129	371	1	500	0.25	0.38444	0	0	0	
15	2	4	149	372	1	500	0.75	0.754061	0	0	0	
15	2	4	48	373	2	0	0.25	0	75	0	7.5	
15	2	4	185	374	1	600	0.25	0.410787	0	0	0	
15	2	4	226	375	1	200	0.05	0.170092	0	0	0	
15	2	4	79	376	2	0	0.5	0	100	0	30	
15	2	4	101	377	1	200	0.95	0.873854	0	0	0	
15	2	4	51	378	1	200	0.99	0.930758	0	0	0	
15	2	4	80	379	2	0	0.5	0	150	0	33	
15	2	4	43	380	1	400	0.9	0.81016	0	0	0	
15	2	4	308	381	1	400	0.6	0.657652	0	0	0	
15	2	4	25	382	2	0	0.05	0	75	50	55.5	
15	2	4	125	383	1	600	0.1	0.165855	0	0	0	
15	2	4	284	384	1	500	0.05	0.101379	0	0	0	
15	2	4	282	385	1	300	0.05	0.100799	0	0	0	
15	2	4	109	386	2	0	0.75	0	100	0	14	
15	2	4	323	387	1	400	0.95	0.854504	0	0	0	
15	2	4	64	388	2	0	0.4	0	100	0	14	
15	2	4	148	389	2	0	0.95	0	150	100	131	
15	2	4	72	390	2	0	0.4	0	150	50	64	
15	2	4	131	391	1	200	0.4	0.491588	0	0	0	
15	2	4	163	392	2	0	0.99	0	150	100	135	
15	2	4	87	393	1	300	0.6	0.520004	0	0	0	
15	2	4	50	394	2	0	0.25	0	150	0	21	
15	2	4	329	395	1	500	0.99	0.957034	0	0	0	
15	2	4	212	396	1	300	0.95	0.896636	0	0	0	
15	2	5	247	397	1	300	0.5	0.468744	0	0	0	
15	2	5	92	398	1	300	0.75	0.616652	0	0	0	
15	2	5	280	399	1	600	0.01	0.043258	0	0	0	
15	2	5	207	400	1	300	0.9	0.844645	0	0	0	
15	2	5	200	401	1	600	0.6	0.606971	0	0	0	
15	2	5	138	402	2	0	0.95	0	75	0	19.5	
15	2	5	287	403	1	300	0.1	0.222378	0	0	0	
15	2	5	150	404	1	600	0.75	0.802863	0	0	0	
15	2	5	83	405	2	0	0.5	0	800	0	144	
15	2	5	298	406	1	400	0.4	0.482954	0	0	0	
15	2	5	104	407	1	500	0.95	0.920125	0	0	0	
15	2	5	81	408	1	200	0.5	0.488421	0	0	0	
15	2	5	57	409	2	0	0.25	0	150	50	60	
15	2	5	297	410	1	300	0.4	0.473282	0	0	0	
15	2	5	294	411	1	500	0.25	0.447196	0	0	0	
15	2	5	95	412	2	0	0.6	0	150	0	33	
15	2	5	262	413	1	300	0.9	0.867905	0	0	0	
15	2	5	82	414	2	0	0.5	0	400	0	88	
15	2	5	269	415	1	500	0.95	0.880775	0	0	0	
15	2	5	243	416	1	400	0.4	0.452813	0	0	0	
15	2	5	219	417	1	500	0.99	0.95948	0	0	0	
15	2	5	28	418	1	400	0.5	0.470106	0	0	0	
15	2	5	118	419	1	400	0.05	0.174868	0	0	0	
15	2	5	107	420	2	0	0.75	0	50	0	11	
15	2	5	289	421	1	500	0.1	0.197257	0	0	0	
15	2	5	267	422	1	300	0.95	0.903416	0	0	0	
15	2	5	85	423	2	0	0.5	0	75	50	62.5	
15	2	5	56	424	1	200	0.01	0.103599	0	0	0	
15	2	5	230	425	1	600	0.05	0.0929619	0	0	0	
15	2	5	5	426	2	0	0.01	0	150	0	9	
15	2	5	155	427	2	0	0.99	0	150	0	87	
15	2	5	307	428	1	300	0.6	0.605883	0	0	0	
15	2	5	90	429	2	0	0.5	0	200	150	175	
15	2	5	237	430	1	300	0.25	0.469708	0	0	0	
15	2	5	203	431	1	400	0.75	0.730067	0	0	0	
15	2	5	179	432	1	500	0.1	0.355957	0	0	0	
15	2	5	235	433	1	600	0.1	0.339539	0	0	0	
15	2	5	171	434	1	200	0.05	0.136549	0	0	0	
15	2	5	196	435	1	200	0.6	0.647329	0	0	0	
15	2	5	48	436	1	400	0.95	0.871284	0	0	0	
15	2	5	136	437	1	200	0.5	0.675498	0	0	0	
15	2	5	18	438	2	0	0.05	0	75	0	7.5	
15	2	5	305	439	1	600	0.5	0.526378	0	0	0	
15	2	5	30	440	2	0	0.05	0	200	150	161	
15	2	5	132	441	1	300	0.4	0.4713	0	0	0	
15	2	5	258	442	1	400	0.75	0.726666	0	0	0	
15	2	5	10	443	1	600	0.05	0.197681	0	0	0	
15	2	5	124	444	2	0	0.9	0	100	0	54	
15	2	5	239	445	1	500	0.25	0.46962	0	0	0	
15	2	5	61	446	2	0	0.4	0	25	0	6.5	
15	2	5	97	447	2	0	0.6	0	400	0	72	
15	2	5	178	448	1	400	0.1	0.208323	0	0	0	
15	2	5	145	449	1	600	0.6	0.579474	0	0	0	
15	2	5	128	450	2	0	0.9	0	800	0	400	
15	2	5	91	451	2	0	0.6	0	25	0	9.5	
15	2	5	28	452	2	0	0.05	0	150	100	111	
15	2	5	198	453	1	400	0.6	0.660315	0	0	0	
15	2	5	265	454	1	600	0.9	0.823376	0	0	0	
15	2	5	19	455	1	500	0.25	0.313255	0	0	0	
15	2	5	132	456	2	0	0.9	0	150	50	100	
15	2	5	77	457	1	300	0.4	0.489841	0	0	0	
15	2	5	281	458	1	200	0.05	0.209415	0	0	0	
15	2	5	70	459	2	0	0.4	0	75	50	55.5	
15	2	5	53	460	1	400	0.99	0.942063	0	0	0	
15	2	5	24	461	2	0	0.05	0	50	25	29.5	
15	2	5	273	462	1	400	0.99	0.826021	0	0	0	
15	2	5	325	463	1	600	0.95	0.866905	0	0	0	
15	2	5	201	464	1	200	0.75	0.578899	0	0	0	
15	2	5	32	465	2	0	0.1	0	50	0	7	
15	2	5	103	466	2	0	0.6	0	150	100	117	
15	2	5	68	467	1	400	0.1	0.302503	0	0	0	
15	2	5	231	468	1	200	0.1	0.344988	0	0	0	
15	2	5	13	469	2	0	0.01	0	150	100	105	
15	2	5	296	470	1	200	0.4	0.464228	0	0	0	
15	2	5	150	471	2	0	0.95	0	200	150	179	
15	2	5	100	472	2	0	0.6	0	75	50	62.5	
15	2	5	315	473	1	600	0.75	0.407165	0	0	0	
15	2	5	241	474	1	200	0.4	0.48632	0	0	0	
15	2	5	35	475	1	600	0.6	0.573883	0	0	0	
15	2	5	55	476	2	0	0.25	0	75	50	55.5	
15	2	5	21	477	1	200	0.4	0.507528	0	0	0	
15	2	5	167	478	1	300	0.01	0.0728247	0	0	0	
15	2	5	27	479	2	0	0.05	0	150	50	64	
15	2	5	183	480	1	400	0.25	0.425807	0	0	0	
15	2	5	57	481	1	300	0.01	0.0986231	0	0	0	
15	2	5	91	482	1	200	0.75	0.801474	0	0	0	
15	2	5	135	483	1	600	0.4	0.374343	0	0	0	
15	2	5	204	484	1	500	0.75	0.763588	0	0	0	
15	2	5	49	485	2	0	0.25	0	100	0	10	
15	2	5	23	486	1	400	0.4	0.446426	0	0	0	
15	2	5	26	487	1	200	0.5	0.554481	0	0	0	
15	2	5	154	488	1	500	0.9	0.802518	0	0	0	
15	2	5	53	489	2	0	0.25	0	800	0	144	
15	2	5	115	490	1	600	0.01	0.0150403	0	0	0	
15	2	5	148	491	1	400	0.75	0.698302	0	0	0	
15	2	5	164	492	2	0	0.99	0	200	100	162	
15	2	5	152	493	2	0	0.99	0	50	0	21	
15	2	5	165	494	1	600	0.99	0.987441	0	0	0	
15	2	5	29	495	2	0	0.05	0	200	100	114	
