Subject#	Session#	Block#	Stim#	Trial#	Task	Numerosity	P_true	P_reported	x1	x2	CE	
1	1	1	101	1	2	0	0.6	0	100	50	51	
1	1	1	150	2	2	0	0.95	0	200	150	191	
1	1	1	89	3	2	0	0.5	0	200	100	102	
1	1	1	111	4	2	0	0.75	0	200	0	84	
1	1	1	156	5	2	0	0.99	0	200	0	188	
1	1	1	292	6	1	300	0.25	0.386346	0	0	0	
1	1	1	132	7	2	0	0.9	0	150	50	112	
1	1	1	229	8	1	500	0.05	0.0357348	0	0	0	
1	1	1	99	9	2	0	0.6	0	50	25	31.5	
1	1	1	274	10	1	500	0.99	0.978909	0	0	0	
1	1	1	8	11	1	400	0.05	0.0298303	0	0	0	
1	1	1	95	12	1	600	0.75	0.920125	0	0	0	
1	1	1	157	13	1	300	0.95	0.940165	0	0	0	
1	1	1	316	14	1	200	0.9	0.918732	0	0	0	
1	1	1	224	15	1	500	0.01	0.0219267	0	0	0	
1	1	1	103	16	2	0	0.6	0	150	100	111	
1	1	1	116	17	1	200	0.05	0.0437003	0	0	0	
1	1	1	159	18	1	500	0.95	0.957012	0	0	0	
1	1	1	42	19	2	0	0.1	0	150	50	76	
1	1	1	126	20	2	0	0.9	0	200	0	44	
1	1	1	228	21	1	400	0.05	0.0394809	0	0	0	
1	1	1	96	22	2	0	0.6	0	200	0	28	
1	1	1	280	23	1	600	0.01	0.0127847	0	0	0	
1	1	1	5	24	1	600	0.01	0.0209094	0	0	0	
1	1	1	204	25	1	500	0.75	0.976225	0	0	0	
1	1	1	137	26	1	300	0.5	0.511234	0	0	0	
1	1	1	160	27	2	0	0.99	0	75	50	62.5	
1	1	1	47	28	1	300	0.95	0.944628	0	0	0	
1	1	1	293	29	1	400	0.25	0.435807	0	0	0	
1	1	1	116	30	2	0	0.75	0	100	50	65	
1	1	1	291	31	1	200	0.25	0.310039	0	0	0	
1	1	1	199	32	1	500	0.6	0.803327	0	0	0	
1	1	1	144	33	2	0	0.95	0	50	25	35.5	
1	1	1	22	34	2	0	0.05	0	400	0	56	
1	1	1	295	35	1	600	0.25	0.386895	0	0	0	
1	1	1	276	36	1	200	0.01	0.0134039	0	0	0	
1	1	1	70	37	2	0	0.4	0	75	50	55.5	
1	1	1	190	38	1	600	0.4	0.525033	0	0	0	
1	1	1	50	39	2	0	0.25	0	150	0	33	
1	1	1	179	40	1	500	0.1	0.0314269	0	0	0	
1	1	1	16	41	1	200	0.25	0.398549	0	0	0	
1	1	1	107	42	1	300	0.99	0.989449	0	0	0	
1	1	1	45	43	2	0	0.1	0	200	150	151	
1	1	1	43	44	1	400	0.9	0.948356	0	0	0	
1	1	1	76	45	1	200	0.4	0.518204	0	0	0	
1	1	1	144	46	1	500	0.6	0.663729	0	0	0	
1	1	1	149	47	2	0	0.95	0	200	100	150	
1	1	1	84	48	1	500	0.5	0.520827	0	0	0	
1	1	1	70	49	1	600	0.1	0.127274	0	0	0	
1	1	1	155	50	2	0	0.99	0	150	0	93	
1	1	1	87	51	1	300	0.6	0.572959	0	0	0	
1	1	1	34	52	1	500	0.6	0.710899	0	0	0	
1	1	1	63	53	1	400	0.05	0.0301089	0	0	0	
1	1	1	284	54	1	500	0.05	0.0243636	0	0	0	
1	1	1	176	55	1	200	0.1	0.0511705	0	0	0	
1	1	1	244	56	1	500	0.4	0.489527	0	0	0	
1	1	1	6	57	2	0	0.01	0	200	0	52	
1	1	1	63	58	2	0	0.4	0	75	0	22.5	
1	1	1	2	59	1	300	0.01	0.0165839	0	0	0	
1	1	1	120	60	1	600	0.05	0.0369555	0	0	0	
1	1	1	117	61	1	300	0.05	0.0290032	0	0	0	
1	1	1	101	62	1	200	0.95	0.972815	0	0	0	
1	1	1	10	63	2	0	0.01	0	75	50	50.5	
1	1	1	102	64	2	0	0.6	0	150	50	80	
1	1	1	140	65	1	600	0.5	0.596343	0	0	0	
1	1	1	62	66	2	0	0.4	0	50	0	15	
1	1	1	3	67	1	400	0.01	0.0237179	0	0	0	
1	1	1	40	68	1	600	0.75	0.925716	0	0	0	
1	1	1	97	69	2	0	0.6	0	400	0	88	
1	1	1	82	70	1	300	0.5	0.553941	0	0	0	
1	1	1	84	71	2	0	0.5	0	50	25	32.5	
1	1	1	68	72	2	0	0.4	0	800	0	176	
1	1	1	174	73	1	500	0.05	0.0501753	0	0	0	
1	1	1	320	74	1	600	0.9	0.934199	0	0	0	
1	1	1	211	75	1	200	0.95	0.973832	0	0	0	
1	1	1	55	76	2	0	0.25	0	75	50	55.5	
1	1	1	56	77	2	0	0.25	0	100	50	61	
1	1	1	15	78	2	0	0.01	0	200	150	151	
1	1	1	268	79	1	400	0.95	0.944371	0	0	0	
1	1	1	158	80	1	400	0.95	0.930594	0	0	0	
1	1	1	275	81	1	600	0.99	0.984699	0	0	0	
1	1	1	38	82	1	400	0.75	0.901886	0	0	0	
1	1	1	127	83	1	300	0.25	0.387974	0	0	0	
1	1	1	155	84	1	600	0.9	0.97208	0	0	0	
1	1	1	302	85	1	300	0.5	0.54479	0	0	0	
1	1	1	113	86	1	400	0.01	0.0177028	0	0	0	
1	1	1	24	87	1	500	0.4	0.501778	0	0	0	
1	1	1	72	88	1	300	0.25	0.401012	0	0	0	
1	1	1	62	89	1	300	0.05	0.0552395	0	0	0	
1	1	1	232	90	1	300	0.1	0.0574376	0	0	0	
1	1	1	260	91	1	600	0.75	0.904995	0	0	0	
1	1	1	328	92	1	400	0.99	0.981647	0	0	0	
1	1	1	326	93	1	200	0.99	0.987007	0	0	0	
1	1	1	86	94	1	200	0.6	0.585082	0	0	0	
1	1	1	152	95	1	300	0.9	0.900059	0	0	0	
1	1	1	49	96	1	500	0.95	0.978498	0	0	0	
1	1	1	265	97	1	600	0.9	0.915167	0	0	0	
1	1	1	110	98	2	0	0.75	0	150	0	39	
1	1	1	13	99	2	0	0.01	0	150	100	101	
1	1	2	65	100	1	600	0.05	0.032369	0	0	0	
1	1	2	20	101	2	0	0.05	0	150	0	33	
1	1	2	50	102	1	600	0.95	0.963633	0	0	0	
1	1	2	241	103	1	200	0.4	0.52916	0	0	0	
1	1	2	146	104	2	0	0.95	0	100	50	51	
1	1	2	142	105	1	300	0.6	0.562658	0	0	0	
1	1	2	19	106	2	0	0.05	0	100	0	14	
1	1	2	183	107	1	400	0.25	0.323069	0	0	0	
1	1	2	102	108	1	300	0.95	0.949489	0	0	0	
1	1	2	66	109	2	0	0.4	0	200	0	44	
1	1	2	115	110	1	600	0.01	0.0214711	0	0	0	
1	1	2	130	111	2	0	0.9	0	75	50	53.5	
1	1	2	71	112	1	200	0.25	0.289946	0	0	0	
1	1	2	225	113	1	600	0.01	0.0114401	0	0	0	
1	1	2	40	114	2	0	0.1	0	75	50	53.5	
1	1	2	135	115	2	0	0.9	0	200	150	165	
1	1	2	29	116	1	500	0.5	0.596754	0	0	0	
1	1	2	118	117	1	400	0.05	0.0414402	0	0	0	
1	1	2	107	118	2	0	0.75	0	50	0	25	
1	1	2	13	119	1	400	0.1	0.139906	0	0	0	
1	1	2	28	120	1	400	0.5	0.564737	0	0	0	
1	1	2	133	121	2	0	0.9	0	150	100	115	
1	1	2	104	122	2	0	0.6	0	200	100	126	
1	1	2	221	123	1	200	0.01	0.00840162	0	0	0	
1	1	2	92	124	1	300	0.75	0.809559	0	0	0	
1	1	2	79	125	1	500	0.4	0.546281	0	0	0	
1	1	2	319	126	1	500	0.9	0.902323	0	0	0	
1	1	2	151	127	2	0	0.99	0	25	0	6.5	
1	1	2	57	128	1	300	0.01	0.01282	0	0	0	
1	1	2	148	129	1	400	0.75	0.918896	0	0	0	
1	1	2	154	130	2	0	0.99	0	100	0	54	
1	1	2	135	131	1	600	0.4	0.504489	0	0	0	
1	1	2	134	132	1	500	0.4	0.5	0	0	0	
1	1	2	115	133	2	0	0.75	0	75	50	56.5	
1	1	2	184	134	1	500	0.25	0.25497	0	0	0	
1	1	2	171	135	1	200	0.05	0.0201398	0	0	0	
1	1	2	137	136	2	0	0.95	0	50	0	25	
1	1	2	172	137	1	300	0.05	0.0150049	0	0	0	
1	1	2	278	138	1	400	0.01	0.00610617	0	0	0	
1	1	2	226	139	1	200	0.05	0.0163185	0	0	0	
1	1	2	89	140	1	500	0.6	0.609187	0	0	0	
1	1	2	100	141	1	600	0.9	0.906238	0	0	0	
1	1	2	330	142	1	600	0.99	0.977861	0	0	0	
1	1	2	143	143	1	400	0.6	0.645312	0	0	0	
1	1	2	210	144	1	600	0.9	0.863659	0	0	0	
1	1	2	325	145	1	600	0.95	0.898989	0	0	0	
1	1	2	321	146	1	200	0.95	0.958856	0	0	0	
1	1	2	306	147	1	200	0.6	0.644282	0	0	0	
1	1	2	124	148	1	500	0.1	0.216164	0	0	0	
1	1	2	205	149	1	600	0.75	0.843385	0	0	0	
1	1	2	37	150	2	0	0.1	0	400	0	88	
1	1	2	111	151	1	200	0.01	0.00624328	0	0	0	
1	1	2	23	152	1	400	0.4	0.589921	0	0	0	
1	1	2	74	153	1	500	0.25	0.408266	0	0	0	
1	1	2	47	154	2	0	0.25	0	50	0	15	
1	1	2	266	155	1	200	0.95	0.757325	0	0	0	
1	1	2	44	156	2	0	0.1	0	200	100	126	
1	1	2	165	157	2	0	0.99	0	200	150	163	
1	1	2	132	158	1	300	0.4	0.450601	0	0	0	
1	1	2	42	159	1	300	0.9	0.860222	0	0	0	
1	1	2	59	160	2	0	0.25	0	200	100	126	
1	1	2	243	161	1	400	0.4	0.469535	0	0	0	
1	1	2	175	162	1	600	0.05	0.0456773	0	0	0	
1	1	2	173	163	1	400	0.05	0.0343371	0	0	0	
1	1	2	285	164	1	600	0.05	0.0320638	0	0	0	
1	1	2	142	165	2	0	0.95	0	400	0	168	
1	1	2	133	166	1	400	0.4	0.5	0	0	0	
1	1	2	51	167	2	0	0.25	0	200	0	52	
1	1	2	272	168	1	300	0.99	0.981665	0	0	0	
1	1	2	91	169	1	200	0.75	0.934654	0	0	0	
1	1	2	248	170	1	400	0.5	0.851899	0	0	0	
1	1	2	114	171	2	0	0.75	0	50	25	32.5	
1	1	2	75	172	2	0	0.4	0	200	150	155	
1	1	2	313	173	1	400	0.75	0.64414	0	0	0	
1	1	2	255	174	1	600	0.6	0.690209	0	0	0	
1	1	2	163	175	2	0	0.99	0	150	100	139	
1	1	2	236	176	1	200	0.25	0.423078	0	0	0	
1	1	2	34	177	2	0	0.1	0	100	0	26	
1	1	2	122	178	1	300	0.1	0.0725593	0	0	0	
1	1	2	108	179	1	400	0.99	0.970475	0	0	0	
1	1	2	131	180	1	200	0.4	0.481592	0	0	0	
1	1	2	141	181	2	0	0.95	0	200	0	100	
1	1	2	83	182	1	400	0.5	0.725282	0	0	0	
1	1	2	17	183	2	0	0.05	0	50	0	15	
1	1	2	187	184	1	300	0.4	0.428775	0	0	0	
1	1	2	87	185	2	0	0.5	0	150	50	76	
1	1	2	12	186	2	0	0.01	0	150	50	56	
1	1	2	78	187	1	400	0.4	0.459606	0	0	0	
1	1	2	80	188	1	600	0.4	0.468642	0	0	0	
1	1	2	166	189	1	200	0.01	0.0148811	0	0	0	
1	1	2	148	190	2	0	0.95	0	150	100	127	
1	1	2	127	191	2	0	0.9	0	400	0	104	
1	1	2	78	192	2	0	0.5	0	75	0	19.5	
1	1	2	209	193	1	500	0.9	0.854415	0	0	0	
1	1	2	218	194	1	400	0.99	0.926538	0	0	0	
1	1	2	252	195	1	300	0.6	0.836936	0	0	0	
1	1	2	46	196	1	200	0.95	0.925464	0	0	0	
1	1	2	191	197	1	200	0.5	0.833438	0	0	0	
1	1	2	38	198	2	0	0.1	0	800	0	48	
1	1	3	125	199	2	0	0.9	0	150	0	75	
1	1	3	54	200	1	500	0.99	0.976362	0	0	0	
1	1	3	262	201	1	300	0.9	0.912611	0	0	0	
1	1	3	289	202	1	500	0.1	0.092263	0	0	0	
1	1	3	119	203	2	0	0.75	0	200	100	130	
1	1	3	294	204	1	500	0.25	0.446656	0	0	0	
1	1	3	215	205	1	600	0.95	0.805835	0	0	0	
1	1	3	312	206	1	300	0.75	0.781164	0	0	0	
1	1	3	25	207	2	0	0.05	0	75	50	56.5	
1	1	3	1	208	2	0	0.01	0	25	0	6.5	
1	1	3	318	209	1	400	0.9	0.842491	0	0	0	
1	1	3	138	210	2	0	0.95	0	75	0	22.5	
1	1	3	61	211	1	200	0.05	0.0542222	0	0	0	
1	1	3	86	212	2	0	0.5	0	100	50	75	
1	1	3	18	213	2	0	0.05	0	75	0	16.5	
1	1	3	44	214	1	500	0.9	0.899051	0	0	0	
1	1	3	234	215	1	500	0.1	0.0716084	0	0	0	
1	1	3	31	216	1	200	0.6	0.429465	0	0	0	
1	1	3	3	217	2	0	0.01	0	75	0	16.5	
1	1	3	261	218	1	200	0.9	0.899466	0	0	0	
1	1	3	247	219	1	300	0.5	0.845366	0	0	0	
1	1	3	157	220	2	0	0.99	0	400	0	184	
1	1	3	189	221	1	500	0.4	0.446643	0	0	0	
1	1	3	49	222	2	0	0.25	0	100	0	50	
1	1	3	77	223	1	300	0.4	0.525117	0	0	0	
1	1	3	37	224	1	300	0.75	0.615042	0	0	0	
1	1	3	277	225	1	300	0.01	0.0184636	0	0	0	
1	1	3	298	226	1	400	0.4	0.514255	0	0	0	
1	1	3	308	227	1	400	0.6	0.578788	0	0	0	
1	1	3	90	228	1	600	0.6	0.656104	0	0	0	
1	1	3	140	229	2	0	0.95	0	150	0	75	
1	1	3	264	230	1	500	0.9	0.803389	0	0	0	
1	1	3	90	231	2	0	0.5	0	200	150	165	
1	1	3	239	232	1	500	0.25	0.312286	0	0	0	
1	1	3	219	233	1	500	0.99	0.979949	0	0	0	
1	1	3	141	234	1	200	0.6	0.67322	0	0	0	
1	1	3	297	235	1	300	0.4	0.438023	0	0	0	
1	1	3	169	236	1	500	0.01	0.0178842	0	0	0	
1	1	3	67	237	1	300	0.1	0.0426477	0	0	0	
1	1	3	39	238	2	0	0.1	0	50	25	32.5	
1	1	3	323	239	1	400	0.95	0.890041	0	0	0	
1	1	3	196	240	1	200	0.6	0.725715	0	0	0	
1	1	3	160	241	1	600	0.95	0.905251	0	0	0	
1	1	3	259	242	1	500	0.75	0.827414	0	0	0	
1	1	3	147	243	1	300	0.75	0.794048	0	0	0	
1	1	3	83	244	2	0	0.5	0	800	0	80	
1	1	3	60	245	1	600	0.01	0.0189987	0	0	0	
1	1	3	145	246	2	0	0.95	0	75	50	62.5	
1	1	3	150	247	1	600	0.75	0.804322	0	0	0	
1	1	3	161	248	1	200	0.99	0.985968	0	0	0	
1	1	3	240	249	1	600	0.25	0.34486	0	0	0	
1	1	3	303	250	1	400	0.5	0.595533	0	0	0	
1	1	3	194	251	1	500	0.5	0.646162	0	0	0	
1	1	3	281	252	1	200	0.05	0.0477251	0	0	0	
1	1	3	99	253	1	500	0.9	0.894566	0	0	0	
1	1	3	311	254	1	200	0.75	0.860329	0	0	0	
1	1	3	158	255	2	0	0.99	0	800	0	432	
1	1	3	23	256	2	0	0.05	0	800	0	80	
1	1	3	253	257	1	400	0.6	0.598899	0	0	0	
1	1	3	168	258	1	400	0.01	0.0131473	0	0	0	
1	1	3	117	259	2	0	0.75	0	150	50	56	
1	1	3	61	260	2	0	0.4	0	25	0	12.5	
1	1	3	74	261	2	0	0.4	0	200	100	130	
1	1	3	263	262	1	400	0.9	0.903031	0	0	0	
1	1	3	114	263	1	500	0.01	0.024169	0	0	0	
1	1	3	195	264	1	600	0.5	0.586356	0	0	0	
1	1	3	256	265	1	200	0.75	0.870634	0	0	0	
1	1	3	65	266	2	0	0.4	0	150	0	39	
1	1	3	136	267	1	200	0.5	0.551933	0	0	0	
1	1	3	28	268	2	0	0.05	0	150	100	105	
1	1	3	93	269	1	400	0.75	0.792465	0	0	0	
1	1	3	64	270	2	0	0.4	0	100	0	26	
1	1	3	197	271	1	300	0.6	0.574666	0	0	0	
1	1	3	153	272	2	0	0.99	0	75	0	37.5	
1	1	3	58	273	2	0	0.25	0	150	100	125	
1	1	3	82	274	2	0	0.5	0	400	0	104	
1	1	3	123	275	1	400	0.1	0.0875969	0	0	0	
1	1	3	305	276	1	600	0.5	0.499244	0	0	0	
1	1	3	162	277	2	0	0.99	0	150	50	100	
1	1	3	299	278	1	500	0.4	0.481482	0	0	0	
1	1	3	92	279	2	0	0.6	0	50	0	17	
1	1	3	178	280	1	400	0.1	0.0813431	0	0	0	
1	1	3	22	281	1	300	0.4	0.459739	0	0	0	
1	1	3	193	282	1	400	0.5	0.623685	0	0	0	
1	1	3	48	283	2	0	0.25	0	75	0	19.5	
1	1	3	222	284	1	300	0.01	0.0108961	0	0	0	
1	1	3	94	285	2	0	0.6	0	100	0	26	
1	1	3	214	286	1	500	0.95	0.801686	0	0	0	
1	1	3	27	287	1	300	0.5	0.587873	0	0	0	
1	1	3	16	288	2	0	0.05	0	25	0	7.5	
1	1	3	317	289	1	300	0.9	0.85193	0	0	0	
1	1	3	231	290	1	200	0.1	0.0513076	0	0	0	
1	1	3	41	291	2	0	0.1	0	100	50	65	
1	1	3	217	292	1	300	0.99	0.959754	0	0	0	
1	1	3	223	293	1	400	0.01	0.012276	0	0	0	
1	1	3	129	294	2	0	0.9	0	50	25	37.5	
1	1	3	185	295	1	600	0.25	0.419712	0	0	0	
1	1	3	181	296	1	200	0.25	0.385095	0	0	0	
1	1	3	301	297	1	200	0.5	0.475776	0	0	0	
1	1	4	56	298	1	200	0.01	0.00985674	0	0	0	
1	1	4	14	299	1	500	0.1	0.0990609	0	0	0	
1	1	4	145	300	1	600	0.6	0.678448	0	0	0	
1	1	4	53	301	2	0	0.25	0	800	0	176	
1	1	4	5	302	2	0	0.01	0	150	0	33	
1	1	4	206	303	1	200	0.9	0.893725	0	0	0	
1	1	4	95	304	2	0	0.6	0	150	0	39	
1	1	4	73	305	2	0	0.4	0	150	100	125	
1	1	4	156	306	1	200	0.95	0.901943	0	0	0	
1	1	4	212	307	1	300	0.95	0.905986	0	0	0	
1	1	4	324	308	1	500	0.95	0.9181	0	0	0	
1	1	4	201	309	1	200	0.75	0.685193	0	0	0	
1	1	4	296	310	1	200	0.4	0.395152	0	0	0	
1	1	4	26	311	2	0	0.05	0	100	50	65	
1	1	4	46	312	2	0	0.25	0	25	0	13.5	
1	1	4	64	313	1	500	0.05	0.0556773	0	0	0	
1	1	4	1	314	1	200	0.01	0.0190209	0	0	0	
1	1	4	53	315	1	400	0.99	0.972337	0	0	0	
1	1	4	41	316	1	200	0.9	0.872615	0	0	0	
1	1	4	77	317	2	0	0.5	0	50	0	25	
1	1	4	124	318	2	0	0.9	0	100	0	54	
1	1	4	188	319	1	400	0.4	0.5	0	0	0	
1	1	4	287	320	1	300	0.1	0.0848459	0	0	0	
1	1	4	170	321	1	600	0.01	0.0152393	0	0	0	
1	1	4	164	322	2	0	0.99	0	200	100	170	
1	1	4	246	323	1	200	0.5	0.508288	0	0	0	
1	1	4	257	324	1	300	0.75	0.776109	0	0	0	
1	1	4	29	325	2	0	0.05	0	200	100	126	
1	1	4	213	326	1	400	0.95	0.899771	0	0	0	
1	1	4	19	327	1	500	0.25	0.355948	0	0	0	
1	1	4	300	328	1	600	0.4	0.505086	0	0	0	
1	1	4	122	329	2	0	0.9	0	50	0	15	
1	1	4	108	330	2	0	0.75	0	75	0	22.5	
1	1	4	106	331	2	0	0.75	0	25	0	12.5	
1	1	4	149	332	1	500	0.75	0.601075	0	0	0	
1	1	4	270	333	1	600	0.95	0.89511	0	0	0	
1	1	4	202	334	1	300	0.75	0.60862	0	0	0	
1	1	4	123	335	2	0	0.9	0	75	0	34.5	
1	1	4	80	336	2	0	0.5	0	150	0	45	
1	1	4	4	337	1	500	0.01	0.0230854	0	0	0	
1	1	4	128	338	1	400	0.25	0.409274	0	0	0	
1	1	4	249	339	1	500	0.5	0.496851	0	0	0	
1	1	4	314	340	1	500	0.75	0.60418	0	0	0	
1	1	4	110	341	1	600	0.99	0.979674	0	0	0	
1	1	4	45	342	1	600	0.9	0.894243	0	0	0	
1	1	4	39	343	1	500	0.75	0.848267	0	0	0	
1	1	4	192	344	1	300	0.5	0.624428	0	0	0	
1	1	4	21	345	2	0	0.05	0	200	0	60	
1	1	4	15	346	1	600	0.1	0.0568184	0	0	0	
1	1	4	9	347	2	0	0.01	0	50	25	33.5	
1	1	4	27	348	2	0	0.05	0	150	50	60	
1	1	4	18	349	1	400	0.25	0.349164	0	0	0	
1	1	4	282	350	1	300	0.05	0.0881454	0	0	0	
1	1	4	254	351	1	500	0.6	0.57843	0	0	0	
1	1	4	238	352	1	400	0.25	0.410305	0	0	0	
1	1	4	203	353	1	400	0.75	0.602291	0	0	0	
1	1	4	58	354	1	400	0.01	0.00987885	0	0	0	
1	1	4	131	355	2	0	0.9	0	100	50	67	
1	1	4	220	356	1	600	0.99	0.949135	0	0	0	
1	1	4	237	357	1	300	0.25	0.43509	0	0	0	
1	1	4	35	358	1	600	0.6	0.600257	0	0	0	
1	1	4	126	359	1	200	0.25	0.405055	0	0	0	
1	1	4	9	360	1	500	0.05	0.0474509	0	0	0	
1	1	4	327	361	1	300	0.99	0.937277	0	0	0	
1	1	4	235	362	1	600	0.1	0.0891405	0	0	0	
1	1	4	154	363	1	500	0.9	0.873389	0	0	0	
1	1	4	72	364	2	0	0.4	0	150	50	76	
1	1	4	100	365	2	0	0.6	0	75	50	63.5	
1	1	4	35	366	2	0	0.1	0	150	0	39	
1	1	4	177	367	1	300	0.1	0.0755403	0	0	0	
1	1	4	81	368	1	200	0.5	0.539934	0	0	0	
1	1	4	33	369	1	400	0.6	0.56537	0	0	0	
1	1	4	33	370	2	0	0.1	0	75	0	19.5	
1	1	4	198	371	1	400	0.6	0.5	0	0	0	
1	1	4	315	372	1	600	0.75	0.647303	0	0	0	
1	1	4	54	373	2	0	0.25	0	50	25	37.5	
1	1	4	88	374	1	400	0.6	0.510336	0	0	0	
1	1	4	93	375	2	0	0.6	0	75	0	22.5	
1	1	4	290	376	1	600	0.1	0.0585699	0	0	0	
1	1	4	207	377	1	300	0.9	0.888206	0	0	0	
1	1	4	129	378	1	500	0.25	0.372896	0	0	0	
1	1	4	163	379	1	400	0.99	0.893049	0	0	0	
1	1	4	52	380	1	300	0.99	0.936048	0	0	0	
1	1	4	59	381	1	500	0.01	0.0134879	0	0	0	
1	1	4	216	382	1	200	0.99	0.959161	0	0	0	
1	1	4	60	383	2	0	0.25	0	200	150	165	
1	1	4	271	384	1	200	0.99	0.98392	0	0	0	
1	1	4	7	385	2	0	0.01	0	400	0	24	
1	1	4	91	386	2	0	0.6	0	25	0	6.5	
1	1	4	31	387	2	0	0.1	0	25	0	6.5	
1	1	4	51	388	1	200	0.99	0.968825	0	0	0	
1	1	4	128	389	2	0	0.9	0	800	0	176	
1	1	4	139	390	2	0	0.95	0	100	0	46	
1	1	4	167	391	1	300	0.01	0.0233243	0	0	0	
1	1	4	94	392	1	500	0.75	0.673778	0	0	0	
1	1	4	283	393	1	400	0.05	0.0614978	0	0	0	
1	1	4	98	394	2	0	0.6	0	800	0	176	
1	1	4	269	395	1	500	0.95	0.936795	0	0	0	
1	1	4	121	396	2	0	0.9	0	25	0	12.5	
1	1	5	4	397	2	0	0.01	0	100	0	26	
1	1	5	8	398	2	0	0.01	0	800	0	48	
1	1	5	309	399	1	500	0.6	0.589018	0	0	0	
1	1	5	112	400	1	300	0.01	0.0269422	0	0	0	
1	1	5	233	401	1	400	0.1	0.0613253	0	0	0	
1	1	5	11	402	2	0	0.01	0	100	50	65	
1	1	5	68	403	1	400	0.1	0.0915289	0	0	0	
1	1	5	147	404	2	0	0.95	0	150	50	80	
1	1	5	32	405	1	300	0.6	0.588713	0	0	0	
1	1	5	75	406	1	600	0.25	0.386311	0	0	0	
1	1	5	66	407	1	200	0.1	0.153037	0	0	0	
1	1	5	20	408	1	600	0.25	0.400849	0	0	0	
1	1	5	245	409	1	600	0.4	0.456705	0	0	0	
1	1	5	30	410	1	600	0.5	0.533782	0	0	0	
1	1	5	36	411	1	200	0.75	0.633742	0	0	0	
1	1	5	120	412	2	0	0.75	0	200	150	165	
1	1	5	2	413	2	0	0.01	0	50	0	13	
1	1	5	73	414	1	400	0.25	0.299	0	0	0	
1	1	5	329	415	1	500	0.99	0.966552	0	0	0	
1	1	5	130	416	1	600	0.25	0.326713	0	0	0	
1	1	5	242	417	1	300	0.4	0.485272	0	0	0	
1	1	5	153	418	1	400	0.9	0.876653	0	0	0	
1	1	5	146	419	1	200	0.75	0.914216	0	0	0	
1	1	5	6	420	1	200	0.05	0.0663098	0	0	0	
1	1	5	112	421	2	0	0.75	0	400	0	88	
1	1	5	180	422	1	600	0.1	0.0771148	0	0	0	
1	1	5	134	423	2	0	0.9	0	200	100	154	
1	1	5	200	424	1	600	0.6	0.60878	0	0	0	
1	1	5	69	425	2	0	0.4	0	50	25	33.5	
1	1	5	113	426	2	0	0.75	0	800	0	112	
1	1	5	258	427	1	400	0.75	0.618996	0	0	0	
1	1	5	251	428	1	200	0.6	0.557068	0	0	0	
1	1	5	118	429	2	0	0.75	0	150	100	125	
1	1	5	88	430	2	0	0.5	0	150	100	125	
1	1	5	43	431	2	0	0.1	0	150	100	115	
1	1	5	208	432	1	400	0.9	0.910528	0	0	0	
1	1	5	138	433	1	400	0.5	0.710217	0	0	0	
1	1	5	7	434	1	300	0.05	0.0750759	0	0	0	
1	1	5	182	435	1	300	0.25	0.109848	0	0	0	
1	1	5	227	436	1	300	0.05	0.0573801	0	0	0	
1	1	5	32	437	2	0	0.1	0	50	0	15	
1	1	5	286	438	1	200	0.1	0.0854917	0	0	0	
1	1	5	152	439	2	0	0.99	0	50	0	25	
1	1	5	161	440	2	0	0.99	0	100	50	75	
1	1	5	11	441	1	200	0.1	0.0925549	0	0	0	
1	1	5	57	442	2	0	0.25	0	150	50	76	
1	1	5	81	443	2	0	0.5	0	200	0	60	
1	1	5	106	444	1	200	0.99	0.976724	0	0	0	
1	1	5	121	445	1	200	0.1	0.0764027	0	0	0	
1	1	5	30	446	2	0	0.05	0	200	150	155	
1	1	5	304	447	1	500	0.5	0.581199	0	0	0	
1	1	5	125	448	1	600	0.1	0.284276	0	0	0	
1	1	5	55	449	1	600	0.99	0.956561	0	0	0	
1	1	5	164	450	1	500	0.99	0.973067	0	0	0	
1	1	5	85	451	2	0	0.5	0	75	50	63.5	
1	1	5	25	452	1	600	0.4	0.585153	0	0	0	
1	1	5	17	453	1	300	0.25	0.412185	0	0	0	
1	1	5	52	454	2	0	0.25	0	400	0	56	
1	1	5	105	455	1	600	0.95	0.893097	0	0	0	
1	1	5	159	456	2	0	0.99	0	50	25	37.5	
1	1	5	162	457	1	300	0.99	0.98074	0	0	0	
1	1	5	96	458	1	200	0.9	0.941983	0	0	0	
1	1	5	98	459	1	400	0.9	0.907759	0	0	0	
1	1	5	109	460	2	0	0.75	0	100	0	26	
1	1	5	165	461	1	600	0.99	0.961987	0	0	0	
1	1	5	273	462	1	400	0.99	0.980187	0	0	0	
1	1	5	151	463	1	200	0.9	0.895242	0	0	0	
1	1	5	48	464	1	400	0.95	0.925632	0	0	0	
1	1	5	69	465	1	500	0.1	0.0341293	0	0	0	
1	1	5	36	466	2	0	0.1	0	200	0	52	
1	1	5	79	467	2	0	0.5	0	100	0	34	
1	1	5	97	468	1	300	0.9	0.835658	0	0	0	
1	1	5	109	469	1	500	0.99	0.946446	0	0	0	
1	1	5	136	470	2	0	0.95	0	25	0	13.5	
1	1	5	21	471	1	200	0.4	0.59717	0	0	0	
1	1	5	119	472	1	500	0.05	0.094647	0	0	0	
1	1	5	76	473	2	0	0.5	0	25	0	13.5	
1	1	5	67	474	2	0	0.4	0	400	0	104	
1	1	5	71	475	2	0	0.4	0	100	50	63	
1	1	5	139	476	1	500	0.5	0.592203	0	0	0	
1	1	5	322	477	1	300	0.95	0.784658	0	0	0	
1	1	5	85	478	1	600	0.5	0.624114	0	0	0	
1	1	5	103	479	1	400	0.95	0.922611	0	0	0	
1	1	5	104	480	1	500	0.95	0.909537	0	0	0	
1	1	5	288	481	1	400	0.1	0.0992025	0	0	0	
1	1	5	14	482	2	0	0.01	0	200	100	126	
1	1	5	279	483	1	500	0.01	0.0195029	0	0	0	
1	1	5	24	484	2	0	0.05	0	50	25	33.5	
1	1	5	310	485	1	600	0.6	0.593609	0	0	0	
1	1	5	143	486	2	0	0.95	0	800	0	112	
1	1	5	250	487	1	600	0.5	0.493392	0	0	0	
1	1	5	12	488	1	300	0.1	0.0946779	0	0	0	
1	1	5	307	489	1	300	0.6	0.450203	0	0	0	
1	1	5	186	490	1	200	0.4	0.5	0	0	0	
1	1	5	10	491	1	600	0.05	0.0776765	0	0	0	
1	1	5	267	492	1	300	0.95	0.92235	0	0	0	
1	1	5	26	493	1	200	0.5	0.489606	0	0	0	
1	1	5	230	494	1	600	0.05	0.0735412	0	0	0	
1	1	5	105	495	2	0	0.6	0	200	150	165	
1	2	1	293	1	1	400	0.25	0.350486	0	0	0	
1	2	1	242	2	1	300	0.4	0.491919	0	0	0	
1	2	1	85	3	1	600	0.5	0.542309	0	0	0	
1	2	1	95	4	1	600	0.75	0.665476	0	0	0	
1	2	1	82	5	1	300	0.5	0.538488	0	0	0	
1	2	1	163	6	2	0	0.99	0	150	100	129	
1	2	1	250	7	1	600	0.5	0.590637	0	0	0	
1	2	1	9	8	1	500	0.05	0.0171235	0	0	0	
1	2	1	27	9	1	300	0.5	0.500783	0	0	0	
1	2	1	66	10	2	0	0.4	0	200	0	68	
1	2	1	145	11	2	0	0.95	0	75	50	67.5	
1	2	1	101	12	1	200	0.95	0.970289	0	0	0	
1	2	1	14	13	2	0	0.01	0	200	100	110	
1	2	1	48	14	2	0	0.25	0	75	0	22.5	
1	2	1	37	15	1	300	0.75	0.693225	0	0	0	
1	2	1	42	16	2	0	0.1	0	150	50	80	
1	2	1	304	17	1	500	0.5	0.606882	0	0	0	
1	2	1	76	18	2	0	0.5	0	25	0	12.5	
1	2	1	237	19	1	300	0.25	0.309345	0	0	0	
1	2	1	90	20	1	600	0.6	0.644636	0	0	0	
1	2	1	138	21	2	0	0.95	0	75	0	22.5	
1	2	1	169	22	1	500	0.01	0.0162522	0	0	0	
1	2	1	120	23	2	0	0.75	0	200	150	165	
1	2	1	295	24	1	600	0.25	0.393732	0	0	0	
1	2	1	105	25	1	600	0.95	0.956746	0	0	0	
1	2	1	142	26	1	300	0.6	0.556851	0	0	0	
1	2	1	126	27	2	0	0.9	0	200	0	68	
1	2	1	279	28	1	500	0.01	0.00599118	0	0	0	
1	2	1	327	29	1	300	0.99	0.992284	0	0	0	
1	2	1	302	30	1	300	0.5	0.512419	0	0	0	
1	2	1	59	31	1	500	0.01	0.0106219	0	0	0	
1	2	1	20	32	2	0	0.05	0	150	0	39	
1	2	1	91	33	1	200	0.75	0.795229	0	0	0	
1	2	1	260	34	1	600	0.75	0.790722	0	0	0	
1	2	1	68	35	1	400	0.1	0.0915465	0	0	0	
1	2	1	320	36	1	600	0.9	0.899387	0	0	0	
1	2	1	39	37	2	0	0.1	0	50	25	32.5	
1	2	1	288	38	1	400	0.1	0.0815863	0	0	0	
1	2	1	119	39	2	0	0.75	0	200	100	146	
1	2	1	136	40	1	200	0.5	0.546227	0	0	0	
1	2	1	256	41	1	200	0.75	0.796874	0	0	0	
1	2	1	81	42	2	0	0.5	0	200	0	60	
1	2	1	21	43	1	200	0.4	0.5	0	0	0	
1	2	1	122	44	1	300	0.1	0.147818	0	0	0	
1	2	1	247	45	1	300	0.5	0.562141	0	0	0	
1	2	1	125	46	2	0	0.9	0	150	0	45	
1	2	1	270	47	1	600	0.95	0.960355	0	0	0	
1	2	1	2	48	2	0	0.01	0	50	0	15	
1	2	1	286	49	1	200	0.1	0.05922	0	0	0	
1	2	1	155	50	1	600	0.9	0.925247	0	0	0	
1	2	1	73	51	2	0	0.4	0	150	100	127	
1	2	1	317	52	1	300	0.9	0.696184	0	0	0	
1	2	1	107	53	1	300	0.99	0.955061	0	0	0	
1	2	1	97	54	1	300	0.9	0.918675	0	0	0	
1	2	1	22	55	1	300	0.4	0.457001	0	0	0	
1	2	1	207	56	1	300	0.9	0.909741	0	0	0	
1	2	1	184	57	1	500	0.25	0.398695	0	0	0	
1	2	1	211	58	1	200	0.95	0.910859	0	0	0	
1	2	1	224	59	1	500	0.01	0.0274906	0	0	0	
1	2	1	225	60	1	600	0.01	0.0249563	0	0	0	
1	2	1	299	61	1	500	0.4	0.505763	0	0	0	
1	2	1	108	62	2	0	0.75	0	75	0	22.5	
1	2	1	325	63	1	600	0.95	0.932253	0	0	0	
1	2	1	141	64	2	0	0.95	0	200	0	52	
1	2	1	292	65	1	300	0.25	0.330393	0	0	0	
1	2	1	19	66	2	0	0.05	0	100	0	30	
1	2	1	264	67	1	500	0.9	0.888276	0	0	0	
1	2	1	24	68	1	500	0.4	0.591186	0	0	0	
1	2	1	178	69	1	400	0.1	0.097597	0	0	0	
1	2	1	99	70	2	0	0.6	0	50	25	36.5	
1	2	1	152	71	2	0	0.99	0	50	0	25	
1	2	1	17	72	2	0	0.05	0	50	0	15	
1	2	1	129	73	1	500	0.25	0.353064	0	0	0	
1	2	1	91	74	2	0	0.6	0	25	0	13.5	
1	2	1	118	75	2	0	0.75	0	150	100	125	
1	2	1	83	76	2	0	0.5	0	800	0	176	
1	2	1	89	77	1	500	0.6	0.587462	0	0	0	
1	2	1	80	78	2	0	0.5	0	150	0	39	
1	2	1	115	79	2	0	0.75	0	75	50	57.5	
1	2	1	69	80	2	0	0.4	0	50	25	36.5	
1	2	1	12	81	2	0	0.01	0	150	50	76	
1	2	1	140	82	1	600	0.5	0.610531	0	0	0	
1	2	1	258	83	1	400	0.75	0.749921	0	0	0	
1	2	1	67	84	1	300	0.1	0.0513606	0	0	0	
1	2	1	63	85	2	0	0.4	0	75	0	19.5	
1	2	1	291	86	1	200	0.25	0.378828	0	0	0	
1	2	1	57	87	1	300	0.01	0.0118116	0	0	0	
1	2	1	205	88	1	600	0.75	0.642738	0	0	0	
1	2	1	199	89	1	500	0.6	0.690717	0	0	0	
1	2	1	138	90	1	400	0.5	0.589359	0	0	0	
1	2	1	139	91	1	500	0.5	0.601579	0	0	0	
1	2	1	60	92	1	600	0.01	0.011188	0	0	0	
1	2	1	7	93	1	300	0.05	0.0124264	0	0	0	
1	2	1	303	94	1	400	0.5	0.507333	0	0	0	
1	2	1	3	95	2	0	0.01	0	75	0	19.5	
1	2	1	161	96	1	200	0.99	0.987122	0	0	0	
1	2	1	283	97	1	400	0.05	0.0237444	0	0	0	
1	2	1	2	98	1	300	0.01	0.0221168	0	0	0	
1	2	1	59	99	2	0	0.25	0	200	100	130	
1	2	2	4	100	1	500	0.01	0.0186272	0	0	0	
1	2	2	70	101	1	600	0.1	0.0861286	0	0	0	
1	2	2	158	102	1	400	0.95	0.945543	0	0	0	
1	2	2	92	103	2	0	0.6	0	50	0	17	
1	2	2	168	104	1	400	0.01	0.0150049	0	0	0	
1	2	2	22	105	2	0	0.05	0	400	0	104	
1	2	2	120	106	1	600	0.05	0.0749742	0	0	0	
1	2	2	294	107	1	500	0.25	0.452835	0	0	0	
1	2	2	95	108	2	0	0.6	0	150	0	45	
1	2	2	123	109	2	0	0.9	0	75	0	37.5	
1	2	2	219	110	1	500	0.99	0.949679	0	0	0	
1	2	2	75	111	2	0	0.4	0	200	150	175	
1	2	2	50	112	1	600	0.95	0.90066	0	0	0	
1	2	2	74	113	1	500	0.25	0.478846	0	0	0	
1	2	2	278	114	1	400	0.01	0.0174817	0	0	0	
1	2	2	144	115	2	0	0.95	0	50	25	37.5	
1	2	2	92	116	1	300	0.75	0.679023	0	0	0	
1	2	2	64	117	2	0	0.4	0	100	0	30	
1	2	2	275	118	1	600	0.99	0.946056	0	0	0	
1	2	2	309	119	1	500	0.6	0.585118	0	0	0	
1	2	2	27	120	2	0	0.05	0	150	50	76	
1	2	2	104	121	1	500	0.95	0.927481	0	0	0	
1	2	2	171	122	1	200	0.05	0.0557702	0	0	0	
1	2	2	73	123	1	400	0.25	0.239698	0	0	0	
1	2	2	273	124	1	400	0.99	0.972607	0	0	0	
1	2	2	326	125	1	200	0.99	0.965482	0	0	0	
1	2	2	203	126	1	400	0.75	0.627581	0	0	0	
1	2	2	157	127	1	300	0.95	0.906494	0	0	0	
1	2	2	18	128	1	400	0.25	0.395962	0	0	0	
1	2	2	141	129	1	200	0.6	0.555507	0	0	0	
1	2	2	206	130	1	200	0.9	0.794548	0	0	0	
1	2	2	177	131	1	300	0.1	0.155266	0	0	0	
1	2	2	170	132	1	600	0.01	0.0234216	0	0	0	
1	2	2	67	133	2	0	0.4	0	400	0	104	
1	2	2	269	134	1	500	0.95	0.899086	0	0	0	
1	2	2	40	135	1	600	0.75	0.778409	0	0	0	
1	2	2	17	136	1	300	0.25	0.394016	0	0	0	
1	2	2	49	137	2	0	0.25	0	100	0	30	
1	2	2	100	138	1	600	0.9	0.839413	0	0	0	
1	2	2	71	139	2	0	0.4	0	100	50	75	
1	2	2	204	140	1	500	0.75	0.591703	0	0	0	
1	2	2	143	141	2	0	0.95	0	800	0	208	
1	2	2	210	142	1	600	0.9	0.869276	0	0	0	
1	2	2	49	143	1	500	0.95	0.899365	0	0	0	
1	2	2	94	144	1	500	0.75	0.726463	0	0	0	
1	2	2	215	145	1	600	0.95	0.860855	0	0	0	
1	2	2	147	146	1	300	0.75	0.628112	0	0	0	
1	2	2	123	147	1	400	0.1	0.0847884	0	0	0	
1	2	2	208	148	1	400	0.9	0.638859	0	0	0	
1	2	2	135	149	2	0	0.9	0	200	150	165	
1	2	2	153	150	2	0	0.99	0	75	0	40.5	
1	2	2	142	151	2	0	0.95	0	400	0	200	
1	2	2	147	152	2	0	0.95	0	150	50	80	
1	2	2	93	153	1	400	0.75	0.608576	0	0	0	
1	2	2	290	154	1	600	0.1	0.156514	0	0	0	
1	2	2	1	155	1	200	0.01	0.023855	0	0	0	
1	2	2	98	156	2	0	0.6	0	800	0	208	
1	2	2	6	157	2	0	0.01	0	200	0	60	
1	2	2	15	158	2	0	0.01	0	200	150	151	
1	2	2	14	159	1	500	0.1	0.28689	0	0	0	
1	2	2	101	160	2	0	0.6	0	100	50	65	
1	2	2	26	161	1	200	0.5	0.51732	0	0	0	
1	2	2	20	162	1	600	0.25	0.399748	0	0	0	
1	2	2	69	163	1	500	0.1	0.165284	0	0	0	
1	2	2	90	164	2	0	0.5	0	200	150	165	
1	2	2	149	165	1	500	0.75	0.749873	0	0	0	
1	2	2	236	166	1	200	0.25	0.390212	0	0	0	
1	2	2	248	167	1	400	0.5	0.575843	0	0	0	
1	2	2	16	168	2	0	0.05	0	25	0	7.5	
1	2	2	257	169	1	300	0.75	0.618753	0	0	0	
1	2	2	179	170	1	500	0.1	0.213736	0	0	0	
1	2	2	229	171	1	500	0.05	0.109755	0	0	0	
1	2	2	89	172	2	0	0.5	0	200	100	130	
1	2	2	266	173	1	200	0.95	0.931594	0	0	0	
1	2	2	124	174	2	0	0.9	0	100	0	50	
1	2	2	94	175	2	0	0.6	0	100	0	30	
1	2	2	23	176	1	400	0.4	0.524043	0	0	0	
1	2	2	44	177	2	0	0.1	0	200	100	130	
1	2	2	116	178	1	200	0.05	0.0453898	0	0	0	
1	2	2	104	179	2	0	0.6	0	200	100	150	
1	2	2	134	180	1	500	0.4	0.554923	0	0	0	
1	2	2	131	181	2	0	0.9	0	100	50	75	
1	2	2	5	182	1	600	0.01	0.0224043	0	0	0	
1	2	2	52	183	2	0	0.25	0	400	0	104	
1	2	2	197	184	1	300	0.6	0.628311	0	0	0	
1	2	2	31	185	1	200	0.6	0.591871	0	0	0	
1	2	2	85	186	2	0	0.5	0	75	50	62.5	
1	2	2	58	187	1	400	0.01	0.0202371	0	0	0	
1	2	2	63	188	1	400	0.05	0.0458807	0	0	0	
1	2	2	86	189	1	200	0.6	0.571349	0	0	0	
1	2	2	310	190	1	600	0.6	0.560465	0	0	0	
1	2	2	35	191	1	600	0.6	0.577718	0	0	0	
1	2	2	284	192	1	500	0.05	0.0824532	0	0	0	
1	2	2	128	193	1	400	0.25	0.358562	0	0	0	
1	2	2	105	194	2	0	0.6	0	200	150	175	
1	2	2	47	195	2	0	0.25	0	50	0	17	
1	2	2	223	196	1	400	0.01	0.0215021	0	0	0	
1	2	2	25	197	1	600	0.4	0.554755	0	0	0	
1	2	2	162	198	2	0	0.99	0	150	50	100	
1	2	3	200	199	1	600	0.6	0.693685	0	0	0	
1	2	3	25	200	2	0	0.05	0	75	50	62.5	
1	2	3	38	201	2	0	0.1	0	800	0	208	
1	2	3	287	202	1	300	0.1	0.105943	0	0	0	
1	2	3	99	203	1	500	0.9	0.913911	0	0	0	
1	2	3	153	204	1	400	0.9	0.895189	0	0	0	
1	2	3	132	205	1	300	0.4	0.5	0	0	0	
1	2	3	131	206	1	200	0.4	0.531119	0	0	0	
1	2	3	261	207	1	200	0.9	0.810355	0	0	0	
1	2	3	216	208	1	200	0.99	0.933438	0	0	0	
1	2	3	150	209	2	0	0.95	0	200	150	175	
1	2	3	231	210	1	200	0.1	0.0867478	0	0	0	
1	2	3	117	211	2	0	0.75	0	150	50	100	
1	2	3	96	212	2	0	0.6	0	200	0	60	
1	2	3	31	213	2	0	0.1	0	25	0	8.5	
1	2	3	160	214	2	0	0.99	0	75	50	63.5	
1	2	3	243	215	1	400	0.4	0.512132	0	0	0	
1	2	3	232	216	1	300	0.1	0.0688707	0	0	0	
1	2	3	132	217	2	0	0.9	0	150	50	76	
1	2	3	55	218	2	0	0.25	0	75	50	63.5	
1	2	3	28	219	2	0	0.05	0	150	100	115	
1	2	3	10	220	1	600	0.05	0.0792909	0	0	0	
1	2	3	75	221	1	600	0.25	0.411835	0	0	0	
1	2	3	145	222	1	600	0.6	0.602393	0	0	0	
1	2	3	15	223	1	600	0.1	0.269681	0	0	0	
1	2	3	315	224	1	600	0.75	0.611632	0	0	0	
1	2	3	111	225	2	0	0.75	0	200	0	60	
1	2	3	289	226	1	500	0.1	0.0896536	0	0	0	
1	2	3	222	227	1	300	0.01	0.0320328	0	0	0	
1	2	3	159	228	1	500	0.95	0.916459	0	0	0	
1	2	3	314	229	1	500	0.75	0.835189	0	0	0	
1	2	3	263	230	1	400	0.9	0.902611	0	0	0	
1	2	3	72	231	1	300	0.25	0.36237	0	0	0	
1	2	3	13	232	1	400	0.1	0.118535	0	0	0	
1	2	3	11	233	1	200	0.1	0.0553589	0	0	0	
1	2	3	28	234	1	400	0.5	0.505962	0	0	0	
1	2	3	113	235	2	0	0.75	0	800	0	208	
1	2	3	272	236	1	300	0.99	0.982549	0	0	0	
1	2	3	301	237	1	200	0.5	0.556396	0	0	0	
1	2	3	195	238	1	600	0.5	0.548377	0	0	0	
1	2	3	121	239	1	200	0.1	0.0858234	0	0	0	
1	2	3	133	240	1	400	0.4	0.536046	0	0	0	
1	2	3	276	241	1	200	0.01	0.012997	0	0	0	
1	2	3	139	242	2	0	0.95	0	100	0	50	
1	2	3	39	243	1	500	0.75	0.731947	0	0	0	
1	2	3	140	244	2	0	0.95	0	150	0	69	
1	2	3	133	245	2	0	0.9	0	150	100	125	
1	2	3	65	246	1	600	0.05	0.0510068	0	0	0	
1	2	3	38	247	1	400	0.75	0.790833	0	0	0	
1	2	3	88	248	2	0	0.5	0	150	100	115	
1	2	3	244	249	1	500	0.4	0.5	0	0	0	
1	2	3	53	250	2	0	0.25	0	800	0	176	
1	2	3	312	251	1	300	0.75	0.733265	0	0	0	
1	2	3	158	252	2	0	0.99	0	800	0	208	
1	2	3	148	253	1	400	0.75	0.796427	0	0	0	
1	2	3	62	254	2	0	0.4	0	50	0	23	
1	2	3	78	255	2	0	0.5	0	75	0	22.5	
1	2	3	160	256	1	600	0.95	0.901253	0	0	0	
1	2	3	51	257	1	200	0.99	0.976968	0	0	0	
1	2	3	322	258	1	300	0.95	0.947826	0	0	0	
1	2	3	84	259	2	0	0.5	0	50	25	33.5	
1	2	3	53	260	1	400	0.99	0.976897	0	0	0	
1	2	3	8	261	2	0	0.01	0	800	0	80	
1	2	3	10	262	2	0	0.01	0	75	50	57.5	
1	2	3	60	263	2	0	0.25	0	200	150	165	
1	2	3	37	264	2	0	0.1	0	400	0	104	
1	2	3	262	265	1	300	0.9	0.846149	0	0	0	
1	2	3	56	266	1	200	0.01	0.0188307	0	0	0	
1	2	3	180	267	1	600	0.1	0.0825682	0	0	0	
1	2	3	130	268	1	600	0.25	0.387726	0	0	0	
1	2	3	76	269	1	200	0.4	0.473118	0	0	0	
1	2	3	88	270	1	400	0.6	0.546639	0	0	0	
1	2	3	62	271	1	300	0.05	0.0291403	0	0	0	
1	2	3	240	272	1	600	0.25	0.406227	0	0	0	
1	2	3	115	273	1	600	0.01	0.423918	0	0	0	
1	2	3	306	274	1	200	0.6	0.546665	0	0	0	
1	2	3	42	275	1	300	0.9	0.781898	0	0	0	
1	2	3	87	276	1	300	0.6	0.689749	0	0	0	
1	2	3	135	277	1	600	0.4	0.575551	0	0	0	
1	2	3	47	278	1	300	0.95	0.736648	0	0	0	
1	2	3	230	279	1	600	0.05	0.0500648	0	0	0	
1	2	3	188	280	1	400	0.4	0.527404	0	0	0	
1	2	3	111	281	1	200	0.01	0.00745071	0	0	0	
1	2	3	321	282	1	200	0.95	0.968356	0	0	0	
1	2	3	329	283	1	500	0.99	0.975145	0	0	0	
1	2	3	181	284	1	200	0.25	0.321198	0	0	0	
1	2	3	172	285	1	300	0.05	0.0425946	0	0	0	
1	2	3	121	286	2	0	0.9	0	25	0	13.5	
1	2	3	106	287	2	0	0.75	0	25	0	12.5	
1	2	3	127	288	2	0	0.9	0	400	0	120	
1	2	3	129	289	2	0	0.9	0	50	25	37.5	
1	2	3	239	290	1	500	0.25	0.411623	0	0	0	
1	2	3	174	291	1	500	0.05	0.292087	0	0	0	
1	2	3	209	292	1	500	0.9	0.898073	0	0	0	
1	2	3	323	293	1	400	0.95	0.921032	0	0	0	
1	2	3	57	294	2	0	0.25	0	150	50	80	
1	2	3	50	295	2	0	0.25	0	150	0	39	
1	2	3	157	296	2	0	0.99	0	400	0	104	
1	2	3	159	297	2	0	0.99	0	50	25	32.5	
1	2	4	328	298	1	400	0.99	0.985849	0	0	0	
1	2	4	268	299	1	400	0.95	0.932443	0	0	0	
1	2	4	146	300	1	200	0.75	0.805822	0	0	0	
1	2	4	300	301	1	600	0.4	0.401521	0	0	0	
1	2	4	13	302	2	0	0.01	0	150	100	115	
1	2	4	217	303	1	300	0.99	0.975698	0	0	0	
1	2	4	308	304	1	400	0.6	0.586206	0	0	0	
1	2	4	156	305	1	200	0.95	0.922009	0	0	0	
1	2	4	143	306	1	400	0.6	0.601292	0	0	0	
1	2	4	44	307	1	500	0.9	0.92802	0	0	0	
1	2	4	34	308	1	500	0.6	0.659213	0	0	0	
1	2	4	316	309	1	200	0.9	0.796671	0	0	0	
1	2	4	176	310	1	200	0.1	0.0334305	0	0	0	
1	2	4	41	311	2	0	0.1	0	100	50	65	
1	2	4	249	312	1	500	0.5	0.541318	0	0	0	
1	2	4	298	313	1	400	0.4	0.531694	0	0	0	
1	2	4	58	314	2	0	0.25	0	150	100	115	
1	2	4	296	315	1	200	0.4	0.492985	0	0	0	
1	2	4	281	316	1	200	0.05	0.0531784	0	0	0	
1	2	4	77	317	2	0	0.5	0	50	0	15	
1	2	4	34	318	2	0	0.1	0	100	0	30	
1	2	4	324	319	1	500	0.95	0.885804	0	0	0	
1	2	4	192	320	1	300	0.5	0.754685	0	0	0	
1	2	4	52	321	1	300	0.99	0.944893	0	0	0	
1	2	4	218	322	1	400	0.99	0.936459	0	0	0	
1	2	4	46	323	2	0	0.25	0	25	0	12.5	
1	2	4	150	324	1	600	0.75	0.647953	0	0	0	
1	2	4	56	325	2	0	0.25	0	100	50	75	
1	2	4	32	326	1	300	0.6	0.550871	0	0	0	
1	2	4	164	327	2	0	0.99	0	200	100	130	
1	2	4	155	328	2	0	0.99	0	150	0	75	
1	2	4	165	329	1	600	0.99	0.956406	0	0	0	
1	2	4	45	330	1	600	0.9	0.942178	0	0	0	
1	2	4	252	331	1	300	0.6	0.558886	0	0	0	
1	2	4	307	332	1	300	0.6	0.6046	0	0	0	
1	2	4	8	333	1	400	0.05	0.0223911	0	0	0	
1	2	4	114	334	1	500	0.01	0.0334791	0	0	0	
1	2	4	18	335	2	0	0.05	0	75	0	19.5	
1	2	4	96	336	1	200	0.9	0.9481	0	0	0	
1	2	4	277	337	1	300	0.01	0.0192464	0	0	0	
1	2	4	43	338	2	0	0.1	0	150	100	113	
1	2	4	227	339	1	300	0.05	0.0614491	0	0	0	
1	2	4	241	340	1	200	0.4	0.5	0	0	0	
1	2	4	64	341	1	500	0.05	0.108791	0	0	0	
1	2	4	7	342	2	0	0.01	0	400	0	56	
1	2	4	253	343	1	400	0.6	0.611562	0	0	0	
1	2	4	79	344	2	0	0.5	0	100	0	50	
1	2	4	330	345	1	600	0.99	0.984305	0	0	0	
1	2	4	154	346	1	500	0.9	0.957675	0	0	0	
1	2	4	151	347	1	200	0.9	0.944871	0	0	0	
1	2	4	29	348	2	0	0.05	0	200	100	126	
1	2	4	114	349	2	0	0.75	0	50	25	32.5	
1	2	4	36	350	2	0	0.1	0	200	0	60	
1	2	4	212	351	1	300	0.95	0.916795	0	0	0	
1	2	4	128	352	2	0	0.9	0	800	0	208	
1	2	4	33	353	2	0	0.1	0	75	0	25.5	
1	2	4	109	354	1	500	0.99	0.972461	0	0	0	
1	2	4	226	355	1	200	0.05	0.0390253	0	0	0	
1	2	4	311	356	1	200	0.75	0.809983	0	0	0	
1	2	4	193	357	1	400	0.5	0.440106	0	0	0	
1	2	4	125	358	1	600	0.1	0.191905	0	0	0	
1	2	4	11	359	2	0	0.01	0	100	50	65	
1	2	4	187	360	1	300	0.4	0.415993	0	0	0	
1	2	4	86	361	2	0	0.5	0	100	50	65	
1	2	4	19	362	1	500	0.25	0.385873	0	0	0	
1	2	4	148	363	2	0	0.95	0	150	100	127	
1	2	4	102	364	1	300	0.95	0.929648	0	0	0	
1	2	4	149	365	2	0	0.95	0	200	100	150	
1	2	4	134	366	2	0	0.9	0	200	100	150	
1	2	4	162	367	1	300	0.99	0.979073	0	0	0	
1	2	4	234	368	1	500	0.1	0.209959	0	0	0	
1	2	4	48	369	1	400	0.95	0.894212	0	0	0	
1	2	4	32	370	2	0	0.1	0	50	0	25	
1	2	4	164	371	1	500	0.99	0.952133	0	0	0	
1	2	4	98	372	1	400	0.9	0.903659	0	0	0	
1	2	4	221	373	1	200	0.01	0.044952	0	0	0	
1	2	4	112	374	2	0	0.75	0	400	0	104	
1	2	4	110	375	1	600	0.99	0.963664	0	0	0	
1	2	4	144	376	1	500	0.6	0.49207	0	0	0	
1	2	4	130	377	2	0	0.9	0	75	50	63.5	
1	2	4	305	378	1	600	0.5	0.530991	0	0	0	
1	2	4	190	379	1	600	0.4	0.5	0	0	0	
1	2	4	78	380	1	400	0.4	0.485033	0	0	0	
1	2	4	87	381	2	0	0.5	0	150	50	76	
1	2	4	71	382	1	200	0.25	0.397576	0	0	0	
1	2	4	93	383	2	0	0.6	0	75	0	25.5	
1	2	4	198	384	1	400	0.6	0.500358	0	0	0	
1	2	4	119	385	1	500	0.05	0.0671457	0	0	0	
1	2	4	137	386	2	0	0.95	0	50	0	17	
1	2	4	21	387	2	0	0.05	0	200	0	68	
1	2	4	103	388	2	0	0.6	0	150	100	125	
1	2	4	6	389	1	200	0.05	0.0868672	0	0	0	
1	2	4	84	390	1	500	0.5	0.605157	0	0	0	
1	2	4	122	391	2	0	0.9	0	50	0	15	
1	2	4	259	392	1	500	0.75	0.756569	0	0	0	
1	2	4	33	393	1	400	0.6	0.603906	0	0	0	
1	2	4	117	394	1	300	0.05	0.133033	0	0	0	
1	2	4	61	395	2	0	0.4	0	25	0	7.5	
1	2	4	238	396	1	400	0.25	0.359208	0	0	0	
1	2	5	265	397	1	600	0.9	0.392335	0	0	0	
1	2	5	254	398	1	500	0.6	0.545577	0	0	0	
1	2	5	35	399	2	0	0.1	0	150	0	45	
1	2	5	118	400	1	400	0.05	0.058791	0	0	0	
1	2	5	110	401	2	0	0.75	0	150	0	51	
1	2	5	112	402	1	300	0.01	0.0299408	0	0	0	
1	2	5	196	403	1	200	0.6	0.593976	0	0	0	
1	2	5	127	404	1	300	0.25	0.409181	0	0	0	
1	2	5	246	405	1	200	0.5	0.519571	0	0	0	
1	2	5	146	406	2	0	0.95	0	100	50	75	
1	2	5	136	407	2	0	0.95	0	25	0	13.5	
1	2	5	102	408	2	0	0.6	0	150	50	100	
1	2	5	182	409	1	300	0.25	0.334997	0	0	0	
1	2	5	5	410	2	0	0.01	0	150	0	21	
1	2	5	318	411	1	400	0.9	0.841518	0	0	0	
1	2	5	151	412	2	0	0.99	0	25	0	13.5	
1	2	5	235	413	1	600	0.1	0.275806	0	0	0	
1	2	5	4	414	2	0	0.01	0	100	0	30	
1	2	5	167	415	1	300	0.01	0.0192464	0	0	0	
1	2	5	124	416	1	500	0.1	0.0900162	0	0	0	
1	2	5	213	417	1	400	0.95	0.892863	0	0	0	
1	2	5	40	418	2	0	0.1	0	75	50	63.5	
1	2	5	228	419	1	400	0.05	0.0787999	0	0	0	
1	2	5	12	420	1	300	0.1	0.0927849	0	0	0	
1	2	5	183	421	1	400	0.25	0.401357	0	0	0	
1	2	5	255	422	1	600	0.6	0.62265	0	0	0	
1	2	5	191	423	1	200	0.5	0.529991	0	0	0	
1	2	5	113	424	1	400	0.01	0.0637932	0	0	0	
1	2	5	9	425	2	0	0.01	0	50	25	32.5	
1	2	5	29	426	1	500	0.5	0.572866	0	0	0	
1	2	5	30	427	2	0	0.05	0	200	150	163	
1	2	5	319	428	1	500	0.9	0.876631	0	0	0	
1	2	5	81	429	1	200	0.5	0.586241	0	0	0	
1	2	5	61	430	1	200	0.05	0.056009	0	0	0	
1	2	5	54	431	2	0	0.25	0	50	25	37.5	
1	2	5	201	432	1	200	0.75	0.590208	0	0	0	
1	2	5	109	433	2	0	0.75	0	100	0	50	
1	2	5	313	434	1	400	0.75	0.670797	0	0	0	
1	2	5	152	435	1	300	0.9	0.903168	0	0	0	
1	2	5	163	436	1	400	0.99	0.951841	0	0	0	
1	2	5	1	437	2	0	0.01	0	25	0	7.5	
1	2	5	245	438	1	600	0.4	0.5	0	0	0	
1	2	5	23	439	2	0	0.05	0	800	0	112	
1	2	5	65	440	2	0	0.4	0	150	0	39	
1	2	5	66	441	1	200	0.1	0.0960269	0	0	0	
1	2	5	55	442	1	600	0.99	0.979573	0	0	0	
1	2	5	54	443	1	500	0.99	0.982182	0	0	0	
1	2	5	97	444	2	0	0.6	0	400	0	120	
1	2	5	271	445	1	200	0.99	0.97293	0	0	0	
1	2	5	41	446	1	200	0.9	0.94768	0	0	0	
1	2	5	165	447	2	0	0.99	0	200	150	179	
1	2	5	51	448	2	0	0.25	0	200	0	68	
1	2	5	175	449	1	600	0.05	0.079512	0	0	0	
1	2	5	116	450	2	0	0.75	0	100	50	67	
1	2	5	220	451	1	600	0.99	0.902704	0	0	0	
1	2	5	3	452	1	400	0.01	0.0268006	0	0	0	
1	2	5	82	453	2	0	0.5	0	400	0	136	
1	2	5	233	454	1	400	0.1	0.041135	0	0	0	
1	2	5	267	455	1	300	0.95	0.944915	0	0	0	
1	2	5	70	456	2	0	0.4	0	75	50	62.5	
1	2	5	80	457	1	600	0.4	0.477015	0	0	0	
1	2	5	156	458	2	0	0.99	0	200	0	52	
1	2	5	77	459	1	300	0.4	0.451296	0	0	0	
1	2	5	24	460	2	0	0.05	0	50	25	37.5	
1	2	5	186	461	1	200	0.4	0.512158	0	0	0	
1	2	5	100	462	2	0	0.6	0	75	50	63.5	
1	2	5	274	463	1	500	0.99	0.956892	0	0	0	
1	2	5	30	464	1	600	0.5	0.510407	0	0	0	
1	2	5	154	465	2	0	0.99	0	100	0	34	
1	2	5	194	466	1	500	0.5	0.521698	0	0	0	
1	2	5	202	467	1	300	0.75	0.802173	0	0	0	
1	2	5	108	468	1	400	0.99	0.982204	0	0	0	
1	2	5	79	469	1	500	0.4	0.509129	0	0	0	
1	2	5	45	470	2	0	0.1	0	200	150	175	
1	2	5	106	471	1	200	0.99	0.990537	0	0	0	
1	2	5	68	472	2	0	0.4	0	800	0	176	
1	2	5	214	473	1	500	0.95	0.930183	0	0	0	
1	2	5	137	474	1	300	0.5	0.559456	0	0	0	
1	2	5	285	475	1	600	0.05	0.079857	0	0	0	
1	2	5	126	476	1	200	0.25	0.356687	0	0	0	
1	2	5	26	477	2	0	0.05	0	100	50	65	
1	2	5	46	478	1	200	0.95	0.885525	0	0	0	
1	2	5	251	479	1	200	0.6	0.65334	0	0	0	
1	2	5	166	480	1	200	0.01	0.0270527	0	0	0	
1	2	5	161	481	2	0	0.99	0	100	50	65	
1	2	5	103	482	1	400	0.95	0.967998	0	0	0	
1	2	5	185	483	1	600	0.25	0.358987	0	0	0	
1	2	5	83	484	1	400	0.5	0.419491	0	0	0	
1	2	5	16	485	1	200	0.25	0.366253	0	0	0	
1	2	5	297	486	1	300	0.4	0.485396	0	0	0	
1	2	5	36	487	1	200	0.75	0.590451	0	0	0	
1	2	5	74	488	2	0	0.4	0	200	100	134	
1	2	5	280	489	1	600	0.01	0.014514	0	0	0	
1	2	5	72	490	2	0	0.4	0	150	50	80	
1	2	5	189	491	1	500	0.4	0.545109	0	0	0	
1	2	5	173	492	1	400	0.05	0.0409139	0	0	0	
1	2	5	282	493	1	300	0.05	0.0267741	0	0	0	
1	2	5	43	494	1	400	0.9	0.974517	0	0	0	
1	2	5	107	495	2	0	0.75	0	50	0	27	
