Subject#	Session#	Block#	Stim#	Trial#	Task	Numerosity	P_true	P_reported	x1	x2	CE	
22	1	1	68	1	2	0	0.4	0	800	0	336	
22	1	1	132	2	2	0	0.9	0	150	50	124	
22	1	1	207	3	1	300	0.9	0.923531	0	0	0	
22	1	1	81	4	1	200	0.5	0.531022	0	0	0	
22	1	1	151	5	2	0	0.99	0	25	0	24.5	
22	1	1	257	6	1	300	0.75	0.595016	0	0	0	
22	1	1	98	7	1	400	0.9	0.891669	0	0	0	
22	1	1	231	8	1	200	0.1	0.147022	0	0	0	
22	1	1	90	9	1	600	0.6	0.537652	0	0	0	
22	1	1	147	10	2	0	0.95	0	150	50	120	
22	1	1	120	11	2	0	0.75	0	200	150	185	
22	1	1	45	12	1	600	0.9	0.950643	0	0	0	
22	1	1	40	13	2	0	0.1	0	75	50	57.5	
22	1	1	243	14	1	400	0.4	0.342087	0	0	0	
22	1	1	39	15	1	500	0.75	0.867109	0	0	0	
22	1	1	121	16	2	0	0.9	0	25	0	14.5	
22	1	1	88	17	1	400	0.6	0.347315	0	0	0	
22	1	1	57	18	1	300	0.01	0.481415	0	0	0	
22	1	1	234	19	1	500	0.1	0.0561594	0	0	0	
22	1	1	129	20	2	0	0.9	0	50	25	35.5	
22	1	1	200	21	1	600	0.6	0.694768	0	0	0	
22	1	1	70	22	1	600	0.1	0.408372	0	0	0	
22	1	1	320	23	1	600	0.9	0.884508	0	0	0	
22	1	1	23	24	1	400	0.4	0.390575	0	0	0	
22	1	1	76	25	1	200	0.4	0.442923	0	0	0	
22	1	1	45	26	2	0	0.1	0	200	150	169	
22	1	1	138	27	1	400	0.5	0.457267	0	0	0	
22	1	1	153	28	1	400	0.9	0.979223	0	0	0	
22	1	1	322	29	1	300	0.95	0.98687	0	0	0	
22	1	1	199	30	1	500	0.6	0.599386	0	0	0	
22	1	1	310	31	1	600	0.6	0.547302	0	0	0	
22	1	1	74	32	2	0	0.4	0	200	100	134	
22	1	1	165	33	2	0	0.99	0	200	150	191	
22	1	1	129	34	1	500	0.25	0.209123	0	0	0	
22	1	1	152	35	1	300	0.9	0.952664	0	0	0	
22	1	1	73	36	2	0	0.4	0	150	100	129	
22	1	1	303	37	1	400	0.5	0.351118	0	0	0	
22	1	1	256	38	1	200	0.75	0.843088	0	0	0	
22	1	1	165	39	1	600	0.99	0.988162	0	0	0	
22	1	1	236	40	1	200	0.25	0.358925	0	0	0	
22	1	1	182	41	1	300	0.25	0.265236	0	0	0	
22	1	1	37	42	2	0	0.1	0	400	0	104	
22	1	1	284	43	1	500	0.05	0.0714359	0	0	0	
22	1	1	225	44	1	600	0.01	0.00931273	0	0	0	
22	1	1	47	45	1	300	0.95	0.976937	0	0	0	
22	1	1	146	46	2	0	0.95	0	100	50	85	
22	1	1	104	47	2	0	0.6	0	200	100	150	
22	1	1	34	48	1	500	0.6	0.525838	0	0	0	
22	1	1	206	49	1	200	0.9	0.911169	0	0	0	
22	1	1	143	50	1	400	0.6	0.813561	0	0	0	
22	1	1	103	51	1	400	0.95	0.949391	0	0	0	
22	1	1	203	52	1	400	0.75	0.929944	0	0	0	
22	1	1	314	53	1	500	0.75	0.841408	0	0	0	
22	1	1	58	54	2	0	0.25	0	150	100	119	
22	1	1	10	55	2	0	0.01	0	75	50	57.5	
22	1	1	24	56	1	500	0.4	0.396629	0	0	0	
22	1	1	27	57	1	300	0.5	0.555409	0	0	0	
22	1	1	23	58	2	0	0.05	0	800	0	80	
22	1	1	166	59	1	200	0.01	0.00891467	0	0	0	
22	1	1	93	60	2	0	0.6	0	75	0	25.5	
22	1	1	51	61	2	0	0.25	0	200	0	60	
22	1	1	272	62	1	300	0.99	0.978746	0	0	0	
22	1	1	19	63	2	0	0.05	0	100	0	10	
22	1	1	32	64	1	300	0.6	0.40256	0	0	0	
22	1	1	96	65	1	200	0.9	0.852898	0	0	0	
22	1	1	13	66	2	0	0.01	0	150	100	111	
22	1	1	103	67	2	0	0.6	0	150	100	129	
22	1	1	286	68	1	200	0.1	0.100883	0	0	0	
22	1	1	288	69	1	400	0.1	0.205753	0	0	0	
22	1	1	244	70	1	500	0.4	0.27034	0	0	0	
22	1	1	71	71	2	0	0.4	0	100	50	75	
22	1	1	91	72	1	200	0.75	0.798749	0	0	0	
22	1	1	85	73	2	0	0.5	0	75	50	60.5	
22	1	1	269	74	1	500	0.95	0.906636	0	0	0	
22	1	1	282	75	1	300	0.05	0.0445539	0	0	0	
22	1	1	248	76	1	400	0.5	0.369389	0	0	0	
22	1	1	294	77	1	500	0.25	0.307576	0	0	0	
22	1	1	6	78	1	200	0.05	0.0614668	0	0	0	
22	1	1	311	79	1	200	0.75	0.907715	0	0	0	
22	1	1	145	80	2	0	0.95	0	75	50	54.5	
22	1	1	300	81	1	600	0.4	0.641827	0	0	0	
22	1	1	142	82	2	0	0.95	0	400	0	168	
22	1	1	110	83	2	0	0.75	0	150	0	93	
22	1	1	100	84	2	0	0.6	0	75	50	61.5	
22	1	1	28	85	2	0	0.05	0	150	100	111	
22	1	1	155	86	1	600	0.9	0.843504	0	0	0	
22	1	1	324	87	1	500	0.95	0.851465	0	0	0	
22	1	1	267	88	1	300	0.95	0.969201	0	0	0	
22	1	1	83	89	2	0	0.5	0	800	0	336	
22	1	1	171	90	1	200	0.05	0.0527715	0	0	0	
22	1	1	184	91	1	500	0.25	0.157549	0	0	0	
22	1	1	157	92	1	300	0.95	0.89338	0	0	0	
22	1	1	69	93	2	0	0.4	0	50	25	35.5	
22	1	1	306	94	1	200	0.6	0.467788	0	0	0	
22	1	1	30	95	1	600	0.5	0.607842	0	0	0	
22	1	1	146	96	1	200	0.75	0.746352	0	0	0	
22	1	1	44	97	2	0	0.1	0	200	100	122	
22	1	1	115	98	1	600	0.01	0.00837951	0	0	0	
22	1	1	174	99	1	500	0.05	0.0388396	0	0	0	
22	1	2	26	100	2	0	0.05	0	100	50	61	
22	1	2	232	101	1	300	0.1	0.0398436	0	0	0	
22	1	2	186	102	1	200	0.4	0.324351	0	0	0	
22	1	2	133	103	2	0	0.9	0	150	100	109	
22	1	2	218	104	1	400	0.99	0.978087	0	0	0	
22	1	2	41	105	2	0	0.1	0	100	50	61	
22	1	2	17	106	2	0	0.05	0	50	0	11	
22	1	2	271	107	1	200	0.99	0.991032	0	0	0	
22	1	2	287	108	1	300	0.1	0.0953325	0	0	0	
22	1	2	3	109	1	400	0.01	0.0230943	0	0	0	
22	1	2	9	110	2	0	0.01	0	50	25	27.5	
22	1	2	251	111	1	200	0.6	0.642685	0	0	0	
22	1	2	54	112	2	0	0.25	0	50	25	32.5	
22	1	2	60	113	2	0	0.25	0	200	150	165	
22	1	2	229	114	1	500	0.05	0.0691139	0	0	0	
22	1	2	3	115	2	0	0.01	0	75	0	10.5	
22	1	2	82	116	2	0	0.5	0	400	0	40	
22	1	2	134	117	2	0	0.9	0	200	100	138	
22	1	2	1	118	1	200	0.01	0.012537	0	0	0	
22	1	2	247	119	1	300	0.5	0.630195	0	0	0	
22	1	2	61	120	1	200	0.05	0.0364115	0	0	0	
22	1	2	62	121	2	0	0.4	0	50	0	15	
22	1	2	31	122	1	200	0.6	0.595268	0	0	0	
22	1	2	137	123	2	0	0.95	0	50	0	11	
22	1	2	191	124	1	200	0.5	0.650699	0	0	0	
22	1	2	265	125	1	600	0.9	0.86982	0	0	0	
22	1	2	20	126	1	600	0.25	0.211436	0	0	0	
22	1	2	106	127	1	200	0.99	0.979374	0	0	0	
22	1	2	291	128	1	200	0.25	0.116916	0	0	0	
22	1	2	123	129	1	400	0.1	0.0574553	0	0	0	
22	1	2	113	130	1	400	0.01	0.0127404	0	0	0	
22	1	2	10	131	1	600	0.05	0.0571015	0	0	0	
22	1	2	132	132	1	300	0.4	0.396758	0	0	0	
22	1	2	290	133	1	600	0.1	0.243555	0	0	0	
22	1	2	249	134	1	500	0.5	0.587152	0	0	0	
22	1	2	195	135	1	600	0.5	0.547913	0	0	0	
22	1	2	170	136	1	600	0.01	0.0466105	0	0	0	
22	1	2	149	137	1	500	0.75	0.410163	0	0	0	
22	1	2	109	138	2	0	0.75	0	100	0	42	
22	1	2	60	139	1	600	0.01	0.0128023	0	0	0	
22	1	2	264	140	1	500	0.9	0.89752	0	0	0	
22	1	2	86	141	1	200	0.6	0.687657	0	0	0	
22	1	2	152	142	2	0	0.99	0	50	0	7	
22	1	2	260	143	1	600	0.75	0.845216	0	0	0	
22	1	2	67	144	2	0	0.4	0	400	0	88	
22	1	2	297	145	1	300	0.4	0.858095	0	0	0	
22	1	2	130	146	1	600	0.25	0.247845	0	0	0	
22	1	2	192	147	1	300	0.5	0.662588	0	0	0	
22	1	2	58	148	1	400	0.01	0.0158629	0	0	0	
22	1	2	49	149	2	0	0.25	0	100	0	34	
22	1	2	15	150	2	0	0.01	0	200	150	169	
22	1	2	50	151	1	600	0.95	0.904897	0	0	0	
22	1	2	43	152	2	0	0.1	0	150	100	123	
22	1	2	93	153	1	400	0.75	0.671832	0	0	0	
22	1	2	43	154	1	400	0.9	0.813044	0	0	0	
22	1	2	46	155	1	200	0.95	0.853557	0	0	0	
22	1	2	172	156	1	300	0.05	0.0900782	0	0	0	
22	1	2	305	157	1	600	0.5	0.5	0	0	0	
22	1	2	48	158	2	0	0.25	0	75	0	16.5	
22	1	2	89	159	2	0	0.5	0	200	100	146	
22	1	2	122	160	1	300	0.1	0.117619	0	0	0	
22	1	2	223	161	1	400	0.01	0.0336604	0	0	0	
22	1	2	4	162	1	500	0.01	0.0383885	0	0	0	
22	1	2	89	163	1	500	0.6	0.55586	0	0	0	
22	1	2	107	164	2	0	0.75	0	50	0	13	
22	1	2	154	165	1	500	0.9	0.781177	0	0	0	
22	1	2	148	166	1	400	0.75	0.813314	0	0	0	
22	1	2	250	167	1	600	0.5	0.598421	0	0	0	
22	1	2	72	168	1	300	0.25	0.299619	0	0	0	
22	1	2	159	169	1	500	0.95	0.934933	0	0	0	
22	1	2	72	170	2	0	0.4	0	150	50	92	
22	1	2	110	171	1	600	0.99	0.973394	0	0	0	
22	1	2	53	172	1	400	0.99	0.983403	0	0	0	
22	1	2	97	173	1	300	0.9	0.921461	0	0	0	
22	1	2	125	174	2	0	0.9	0	150	0	33	
22	1	2	42	175	1	300	0.9	0.372136	0	0	0	
22	1	2	159	176	2	0	0.99	0	50	25	44.5	
22	1	2	262	177	1	300	0.9	0.801301	0	0	0	
22	1	2	49	178	1	500	0.95	0.904287	0	0	0	
22	1	2	26	179	1	200	0.5	0.456355	0	0	0	
22	1	2	46	180	2	0	0.25	0	25	0	9.5	
22	1	2	25	181	2	0	0.05	0	75	50	59.5	
22	1	2	82	182	1	300	0.5	0.364276	0	0	0	
22	1	2	47	183	2	0	0.25	0	50	0	13	
22	1	2	318	184	1	400	0.9	0.737648	0	0	0	
22	1	2	151	185	1	200	0.9	0.7674	0	0	0	
22	1	2	317	186	1	300	0.9	0.555896	0	0	0	
22	1	2	53	187	2	0	0.25	0	800	0	80	
22	1	2	226	188	1	200	0.05	0.0569511	0	0	0	
22	1	2	94	189	1	500	0.75	0.5	0	0	0	
22	1	2	75	190	2	0	0.4	0	200	150	175	
22	1	2	313	191	1	400	0.75	0.770686	0	0	0	
22	1	2	143	192	2	0	0.95	0	800	0	240	
22	1	2	155	193	2	0	0.99	0	150	0	117	
22	1	2	242	194	1	300	0.4	0.295307	0	0	0	
22	1	2	56	195	2	0	0.25	0	100	50	75	
22	1	2	6	196	2	0	0.01	0	200	0	20	
22	1	2	145	197	1	600	0.6	0.570204	0	0	0	
22	1	2	139	198	1	500	0.5	0.538165	0	0	0	
22	1	3	121	199	1	200	0.1	0.0766637	0	0	0	
22	1	3	328	200	1	400	0.99	0.900873	0	0	0	
22	1	3	133	201	1	400	0.4	0.264568	0	0	0	
22	1	3	176	202	1	200	0.1	0.084355	0	0	0	
22	1	3	94	203	2	0	0.6	0	100	0	34	
22	1	3	175	204	1	600	0.05	0.0310908	0	0	0	
22	1	3	185	205	1	600	0.25	0.141286	0	0	0	
22	1	3	69	206	1	500	0.1	0.0991848	0	0	0	
22	1	3	245	207	1	600	0.4	0.206677	0	0	0	
22	1	3	241	208	1	200	0.4	0.188495	0	0	0	
22	1	3	292	209	1	300	0.25	0.149366	0	0	0	
22	1	3	99	210	1	500	0.9	0.917096	0	0	0	
22	1	3	2	211	2	0	0.01	0	50	0	9	
22	1	3	28	212	1	400	0.5	0.39919	0	0	0	
22	1	3	83	213	1	400	0.5	0.396417	0	0	0	
22	1	3	312	214	1	300	0.75	0.701363	0	0	0	
22	1	3	330	215	1	600	0.99	0.965238	0	0	0	
22	1	3	119	216	1	500	0.05	0.0876014	0	0	0	
22	1	3	149	217	2	0	0.95	0	200	100	174	
22	1	3	96	218	2	0	0.6	0	200	0	68	
22	1	3	158	219	2	0	0.99	0	800	0	592	
22	1	3	275	220	1	600	0.99	0.969904	0	0	0	
22	1	3	7	221	1	300	0.05	0.0658764	0	0	0	
22	1	3	2	222	1	300	0.01	0.0261726	0	0	0	
22	1	3	163	223	2	0	0.99	0	150	100	115	
22	1	3	301	224	1	200	0.5	0.370141	0	0	0	
22	1	3	48	225	1	400	0.95	0.727497	0	0	0	
22	1	3	33	226	1	400	0.6	0.710041	0	0	0	
22	1	3	73	227	1	400	0.25	0.382295	0	0	0	
22	1	3	38	228	2	0	0.1	0	800	0	112	
22	1	3	246	229	1	200	0.5	0.59832	0	0	0	
22	1	3	16	230	1	200	0.25	0.574472	0	0	0	
22	1	3	319	231	1	500	0.9	0.678302	0	0	0	
22	1	3	67	232	1	300	0.1	0.0568494	0	0	0	
22	1	3	201	233	1	200	0.75	0.668032	0	0	0	
22	1	3	258	234	1	400	0.75	0.743084	0	0	0	
22	1	3	62	235	1	300	0.05	0.0585522	0	0	0	
22	1	3	80	236	2	0	0.5	0	150	0	45	
22	1	3	105	237	1	600	0.95	0.917078	0	0	0	
22	1	3	141	238	2	0	0.95	0	200	0	52	
22	1	3	150	239	2	0	0.95	0	200	150	165	
22	1	3	212	240	1	300	0.95	0.944597	0	0	0	
22	1	3	8	241	2	0	0.01	0	800	0	48	
22	1	3	181	242	1	200	0.25	0.175059	0	0	0	
22	1	3	18	243	1	400	0.25	0.304692	0	0	0	
22	1	3	309	244	1	500	0.6	0.679819	0	0	0	
22	1	3	150	245	1	600	0.75	0.712287	0	0	0	
22	1	3	32	246	2	0	0.1	0	50	0	9	
22	1	3	35	247	1	600	0.6	0.443153	0	0	0	
22	1	3	21	248	2	0	0.05	0	200	0	28	
22	1	3	147	249	1	300	0.75	0.651327	0	0	0	
22	1	3	124	250	1	500	0.1	0.147438	0	0	0	
22	1	3	52	251	2	0	0.25	0	400	0	88	
22	1	3	194	252	1	500	0.5	0.560328	0	0	0	
22	1	3	7	253	2	0	0.01	0	400	0	24	
22	1	3	31	254	2	0	0.1	0	25	0	6.5	
22	1	3	135	255	2	0	0.9	0	200	150	165	
22	1	3	126	256	1	200	0.25	0.160047	0	0	0	
22	1	3	138	257	2	0	0.95	0	75	0	52.5	
22	1	3	42	258	2	0	0.1	0	150	50	84	
22	1	3	315	259	1	600	0.75	0.837648	0	0	0	
22	1	3	127	260	2	0	0.9	0	400	0	200	
22	1	3	1	261	2	0	0.01	0	25	0	3.5	
22	1	3	122	262	2	0	0.9	0	50	0	19	
22	1	3	187	263	1	300	0.4	0.337841	0	0	0	
22	1	3	134	264	1	500	0.4	0.255209	0	0	0	
22	1	3	5	265	2	0	0.01	0	150	0	9	
22	1	3	111	266	1	200	0.01	0.0166104	0	0	0	
22	1	3	233	267	1	400	0.1	0.051082	0	0	0	
22	1	3	39	268	2	0	0.1	0	50	25	31.5	
22	1	3	114	269	2	0	0.75	0	50	25	36.5	
22	1	3	211	270	1	200	0.95	0.922438	0	0	0	
22	1	3	183	271	1	400	0.25	0.294776	0	0	0	
22	1	3	136	272	1	200	0.5	0.596599	0	0	0	
22	1	3	51	273	1	200	0.99	0.96139	0	0	0	
22	1	3	253	274	1	400	0.6	0.624038	0	0	0	
22	1	3	13	275	1	400	0.1	0.147363	0	0	0	
22	1	3	221	276	1	200	0.01	0.0277427	0	0	0	
22	1	3	95	277	2	0	0.6	0	150	0	39	
22	1	3	298	278	1	400	0.4	0.578382	0	0	0	
22	1	3	209	279	1	500	0.9	0.889426	0	0	0	
22	1	3	11	280	1	200	0.1	0.046929	0	0	0	
22	1	3	205	281	1	600	0.75	0.571022	0	0	0	
22	1	3	66	282	2	0	0.4	0	200	0	44	
22	1	3	14	283	2	0	0.01	0	200	100	110	
22	1	3	273	284	1	400	0.99	0.977304	0	0	0	
22	1	3	148	285	2	0	0.95	0	150	100	139	
22	1	3	285	286	1	600	0.05	0.108066	0	0	0	
22	1	3	327	287	1	300	0.99	0.945194	0	0	0	
22	1	3	78	288	1	400	0.4	0.552764	0	0	0	
22	1	3	325	289	1	600	0.95	0.8543	0	0	0	
22	1	3	108	290	2	0	0.75	0	75	0	22.5	
22	1	3	117	291	2	0	0.75	0	150	50	88	
22	1	3	65	292	2	0	0.4	0	150	0	63	
22	1	3	127	293	1	300	0.25	0.159751	0	0	0	
22	1	3	36	294	2	0	0.1	0	200	0	12	
22	1	3	179	295	1	500	0.1	0.199512	0	0	0	
22	1	3	101	296	1	200	0.95	0.953788	0	0	0	
22	1	3	274	297	1	500	0.99	0.990342	0	0	0	
22	1	4	35	298	2	0	0.1	0	150	0	27	
22	1	4	135	299	1	600	0.4	0.404719	0	0	0	
22	1	4	162	300	2	0	0.99	0	150	50	128	
22	1	4	91	301	2	0	0.6	0	25	0	11.5	
22	1	4	65	302	1	600	0.05	0.0724266	0	0	0	
22	1	4	102	303	1	300	0.95	0.612446	0	0	0	
22	1	4	216	304	1	200	0.99	0.981121	0	0	0	
22	1	4	98	305	2	0	0.6	0	800	0	176	
22	1	4	255	306	1	600	0.6	0.148101	0	0	0	
22	1	4	17	307	1	300	0.25	0.26068	0	0	0	
22	1	4	27	308	2	0	0.05	0	150	50	72	
22	1	4	90	309	2	0	0.5	0	200	150	169	
22	1	4	230	310	1	600	0.05	0.100702	0	0	0	
22	1	4	237	311	1	300	0.25	0.238973	0	0	0	
22	1	4	140	312	2	0	0.95	0	150	0	75	
22	1	4	204	313	1	500	0.75	0.792588	0	0	0	
22	1	4	224	314	1	500	0.01	0.0156551	0	0	0	
22	1	4	289	315	1	500	0.1	0.056155	0	0	0	
22	1	4	161	316	1	200	0.99	0.986424	0	0	0	
22	1	4	106	317	2	0	0.75	0	25	0	13.5	
22	1	4	125	318	1	600	0.1	0.426939	0	0	0	
22	1	4	307	319	1	300	0.6	0.647183	0	0	0	
22	1	4	12	320	2	0	0.01	0	150	50	60	
22	1	4	160	321	2	0	0.99	0	75	50	68.5	
22	1	4	24	322	2	0	0.05	0	50	25	32.5	
22	1	4	119	323	2	0	0.75	0	200	100	154	
22	1	4	228	324	1	400	0.05	0.248394	0	0	0	
22	1	4	113	325	2	0	0.75	0	800	0	112	
22	1	4	86	326	2	0	0.5	0	100	50	85	
22	1	4	111	327	2	0	0.75	0	200	0	108	
22	1	4	21	328	1	200	0.4	0.330853	0	0	0	
22	1	4	215	329	1	600	0.95	0.950864	0	0	0	
22	1	4	323	330	1	400	0.95	0.91702	0	0	0	
22	1	4	188	331	1	400	0.4	0.764424	0	0	0	
22	1	4	222	332	1	300	0.01	0.023771	0	0	0	
22	1	4	107	333	1	300	0.99	0.939718	0	0	0	
22	1	4	180	334	1	600	0.1	0.0710732	0	0	0	
22	1	4	38	335	1	400	0.75	0.664512	0	0	0	
22	1	4	219	336	1	500	0.99	0.967481	0	0	0	
22	1	4	59	337	2	0	0.25	0	200	100	126	
22	1	4	214	338	1	500	0.95	0.966056	0	0	0	
22	1	4	281	339	1	200	0.05	0.0360709	0	0	0	
22	1	4	293	340	1	400	0.25	0.116067	0	0	0	
22	1	4	100	341	1	600	0.9	0.948405	0	0	0	
22	1	4	16	342	2	0	0.05	0	25	0	5.5	
22	1	4	8	343	1	400	0.05	0.0975483	0	0	0	
22	1	4	19	344	1	500	0.25	0.250322	0	0	0	
22	1	4	37	345	1	300	0.75	0.716493	0	0	0	
22	1	4	268	346	1	400	0.95	0.830156	0	0	0	
22	1	4	56	347	1	200	0.01	0.0203831	0	0	0	
22	1	4	326	348	1	200	0.99	0.98369	0	0	0	
22	1	4	130	349	2	0	0.9	0	75	50	66.5	
22	1	4	160	350	1	600	0.95	0.689342	0	0	0	
22	1	4	124	351	2	0	0.9	0	100	0	30	
22	1	4	240	352	1	600	0.25	0.137168	0	0	0	
22	1	4	25	353	1	600	0.4	0.5372	0	0	0	
22	1	4	115	354	2	0	0.75	0	75	50	61.5	
22	1	4	210	355	1	600	0.9	0.803362	0	0	0	
22	1	4	141	356	1	200	0.6	0.780196	0	0	0	
22	1	4	80	357	1	600	0.4	0.724189	0	0	0	
22	1	4	126	358	2	0	0.9	0	200	0	52	
22	1	4	177	359	1	300	0.1	0.15382	0	0	0	
22	1	4	316	360	1	200	0.9	0.867126	0	0	0	
22	1	4	29	361	2	0	0.05	0	200	100	126	
22	1	4	208	362	1	400	0.9	0.889068	0	0	0	
22	1	4	329	363	1	500	0.99	0.307748	0	0	0	
22	1	4	84	364	2	0	0.5	0	50	25	35.5	
22	1	4	178	365	1	400	0.1	0.257093	0	0	0	
22	1	4	259	366	1	500	0.75	0.817431	0	0	0	
22	1	4	44	367	1	500	0.9	0.902257	0	0	0	
22	1	4	95	368	1	600	0.75	0.848542	0	0	0	
22	1	4	15	369	1	600	0.1	0.147509	0	0	0	
22	1	4	63	370	1	400	0.05	0.0755182	0	0	0	
22	1	4	321	371	1	200	0.95	0.886715	0	0	0	
22	1	4	196	372	1	200	0.6	0.702296	0	0	0	
22	1	4	278	373	1	400	0.01	0.0112013	0	0	0	
22	1	4	154	374	2	0	0.99	0	100	0	70	
22	1	4	164	375	2	0	0.99	0	200	100	190	
22	1	4	304	376	1	500	0.5	0.558421	0	0	0	
22	1	4	263	377	1	400	0.9	0.808351	0	0	0	
22	1	4	22	378	2	0	0.05	0	400	0	40	
22	1	4	101	379	2	0	0.6	0	100	50	75	
22	1	4	128	380	2	0	0.9	0	800	0	400	
22	1	4	97	381	2	0	0.6	0	400	0	152	
22	1	4	75	382	1	600	0.25	0.155541	0	0	0	
22	1	4	116	383	2	0	0.75	0	100	50	83	
22	1	4	79	384	1	500	0.4	0.479531	0	0	0	
22	1	4	70	385	2	0	0.4	0	75	50	63.5	
22	1	4	254	386	1	500	0.6	0.672964	0	0	0	
22	1	4	66	387	1	200	0.1	0.0491979	0	0	0	
22	1	4	55	388	2	0	0.25	0	75	50	60.5	
22	1	4	140	389	1	600	0.5	0.637334	0	0	0	
22	1	4	52	390	1	300	0.99	0.884194	0	0	0	
22	1	4	277	391	1	300	0.01	0.0277913	0	0	0	
22	1	4	261	392	1	200	0.9	0.928122	0	0	0	
22	1	4	64	393	1	500	0.05	0.14367	0	0	0	
22	1	4	5	394	1	600	0.01	0.0376985	0	0	0	
22	1	4	189	395	1	500	0.4	0.598771	0	0	0	
22	1	4	57	396	2	0	0.25	0	150	50	92	
22	1	5	153	397	2	0	0.99	0	75	0	52.5	
22	1	5	118	398	1	400	0.05	0.0690033	0	0	0	
22	1	5	213	399	1	400	0.95	0.904734	0	0	0	
22	1	5	238	400	1	400	0.25	0.333555	0	0	0	
22	1	5	29	401	1	500	0.5	0.627488	0	0	0	
22	1	5	131	402	2	0	0.9	0	100	50	79	
22	1	5	85	403	1	600	0.5	0.59901	0	0	0	
22	1	5	163	404	1	400	0.99	0.900744	0	0	0	
22	1	5	302	405	1	300	0.5	0.436895	0	0	0	
22	1	5	168	406	1	400	0.01	0.397426	0	0	0	
22	1	5	116	407	1	200	0.05	0.0489325	0	0	0	
22	1	5	270	408	1	600	0.95	0.923283	0	0	0	
22	1	5	266	409	1	200	0.95	0.928431	0	0	0	
22	1	5	280	410	1	600	0.01	0.0154959	0	0	0	
22	1	5	64	411	2	0	0.4	0	100	0	42	
22	1	5	193	412	1	400	0.5	0.273374	0	0	0	
22	1	5	217	413	1	300	0.99	0.971881	0	0	0	
22	1	5	202	414	1	300	0.75	0.781244	0	0	0	
22	1	5	136	415	2	0	0.95	0	25	0	13.5	
22	1	5	118	416	2	0	0.75	0	150	100	129	
22	1	5	9	417	1	500	0.05	0.066876	0	0	0	
22	1	5	235	418	1	600	0.1	0.201193	0	0	0	
22	1	5	276	419	1	200	0.01	0.0344168	0	0	0	
22	1	5	88	420	2	0	0.5	0	150	100	125	
22	1	5	109	421	1	500	0.99	0.966003	0	0	0	
22	1	5	112	422	2	0	0.75	0	400	0	216	
22	1	5	173	423	1	400	0.05	0.0390873	0	0	0	
22	1	5	112	424	1	300	0.01	0.024231	0	0	0	
22	1	5	74	425	1	500	0.25	0.150401	0	0	0	
22	1	5	102	426	2	0	0.6	0	150	50	100	
22	1	5	164	427	1	500	0.99	0.988073	0	0	0	
22	1	5	20	428	2	0	0.05	0	150	0	21	
22	1	5	61	429	2	0	0.4	0	25	0	12.5	
22	1	5	87	430	1	300	0.6	0.570456	0	0	0	
22	1	5	68	431	1	400	0.1	0.229831	0	0	0	
22	1	5	33	432	2	0	0.1	0	75	0	16.5	
22	1	5	156	433	1	200	0.95	0.868882	0	0	0	
22	1	5	252	434	1	300	0.6	0.757511	0	0	0	
22	1	5	139	435	2	0	0.95	0	100	0	54	
22	1	5	71	436	1	200	0.25	0.282343	0	0	0	
22	1	5	79	437	2	0	0.5	0	100	0	30	
22	1	5	161	438	2	0	0.99	0	100	50	93	
22	1	5	190	439	1	600	0.4	0.367023	0	0	0	
22	1	5	120	440	1	600	0.05	0.0711219	0	0	0	
22	1	5	30	441	2	0	0.05	0	200	150	163	
22	1	5	92	442	1	300	0.75	0.737015	0	0	0	
22	1	5	55	443	1	600	0.99	0.964318	0	0	0	
22	1	5	144	444	1	500	0.6	0.852394	0	0	0	
22	1	5	50	445	2	0	0.25	0	150	0	45	
22	1	5	117	446	1	300	0.05	0.0257701	0	0	0	
22	1	5	157	447	2	0	0.99	0	400	0	312	
22	1	5	137	448	1	300	0.5	0.531433	0	0	0	
22	1	5	104	449	1	500	0.95	0.885707	0	0	0	
22	1	5	78	450	2	0	0.5	0	75	0	25.5	
22	1	5	128	451	1	400	0.25	0.146164	0	0	0	
22	1	5	54	452	1	500	0.99	0.96561	0	0	0	
22	1	5	283	453	1	400	0.05	0.039273	0	0	0	
22	1	5	14	454	1	500	0.1	0.306174	0	0	0	
22	1	5	18	455	2	0	0.05	0	75	0	7.5	
22	1	5	77	456	1	300	0.4	0.344329	0	0	0	
22	1	5	81	457	2	0	0.5	0	200	0	60	
22	1	5	92	458	2	0	0.6	0	50	0	25	
22	1	5	4	459	2	0	0.01	0	100	0	6	
22	1	5	40	460	1	600	0.75	0.754499	0	0	0	
22	1	5	87	461	2	0	0.5	0	150	50	80	
22	1	5	169	462	1	500	0.01	0.0230368	0	0	0	
22	1	5	105	463	2	0	0.6	0	200	150	175	
22	1	5	239	464	1	500	0.25	0.296496	0	0	0	
22	1	5	299	465	1	500	0.4	0.463043	0	0	0	
22	1	5	36	466	1	200	0.75	0.76357	0	0	0	
22	1	5	227	467	1	300	0.05	0.0511926	0	0	0	
22	1	5	197	468	1	300	0.6	0.850766	0	0	0	
22	1	5	162	469	1	300	0.99	0.948462	0	0	0	
22	1	5	99	470	2	0	0.6	0	50	25	38.5	
22	1	5	12	471	1	300	0.1	0.101082	0	0	0	
22	1	5	108	472	1	400	0.99	0.949847	0	0	0	
22	1	5	41	473	1	200	0.9	0.898374	0	0	0	
22	1	5	22	474	1	300	0.4	0.305245	0	0	0	
22	1	5	295	475	1	600	0.25	0.376851	0	0	0	
22	1	5	308	476	1	400	0.6	0.725724	0	0	0	
22	1	5	123	477	2	0	0.9	0	75	0	52.5	
22	1	5	34	478	2	0	0.1	0	100	0	10	
22	1	5	296	479	1	200	0.4	0.362927	0	0	0	
22	1	5	77	480	2	0	0.5	0	50	0	23	
22	1	5	158	481	1	400	0.95	0.795676	0	0	0	
22	1	5	131	482	1	200	0.4	0.335488	0	0	0	
22	1	5	156	483	2	0	0.99	0	200	0	156	
22	1	5	84	484	1	500	0.5	0.643729	0	0	0	
22	1	5	11	485	2	0	0.01	0	100	50	61	
22	1	5	167	486	1	300	0.01	0.00863603	0	0	0	
22	1	5	59	487	1	500	0.01	0.0154428	0	0	0	
22	1	5	142	488	1	300	0.6	0.646091	0	0	0	
22	1	5	144	489	2	0	0.95	0	50	25	43.5	
22	1	5	220	490	1	600	0.99	0.946052	0	0	0	
22	1	5	114	491	1	500	0.01	0.0159337	0	0	0	
22	1	5	76	492	2	0	0.5	0	25	0	11.5	
22	1	5	63	493	2	0	0.4	0	75	0	28.5	
22	1	5	198	494	1	400	0.6	0.655343	0	0	0	
22	1	5	279	495	1	500	0.01	0.0359913	0	0	0	
22	2	1	330	1	1	600	0.99	0.979577	0	0	0	
22	2	1	84	2	1	500	0.5	0.393976	0	0	0	
22	2	1	95	3	2	0	0.6	0	150	0	75	
22	2	1	138	4	2	0	0.95	0	75	0	16.5	
22	2	1	133	5	2	0	0.9	0	150	100	125	
22	2	1	38	6	2	0	0.1	0	800	0	48	
22	2	1	299	7	1	500	0.4	0.467404	0	0	0	
22	2	1	94	8	1	500	0.75	0.619735	0	0	0	
22	2	1	113	9	2	0	0.75	0	800	0	560	
22	2	1	283	10	1	400	0.05	0.0340939	0	0	0	
22	2	1	214	11	1	500	0.95	0.954628	0	0	0	
22	2	1	326	12	1	200	0.99	0.973248	0	0	0	
22	2	1	309	13	1	500	0.6	0.464856	0	0	0	
22	2	1	87	14	2	0	0.5	0	150	50	100	
22	2	1	329	15	1	500	0.99	0.974787	0	0	0	
22	2	1	114	16	2	0	0.75	0	50	25	29.5	
22	2	1	157	17	1	300	0.95	0.963111	0	0	0	
22	2	1	41	18	2	0	0.1	0	100	50	69	
22	2	1	307	19	1	300	0.6	0.397032	0	0	0	
22	2	1	240	20	1	600	0.25	0.325037	0	0	0	
22	2	1	71	21	1	200	0.25	0.399748	0	0	0	
22	2	1	130	22	1	600	0.25	0.357717	0	0	0	
22	2	1	1	23	2	0	0.01	0	25	0	3.5	
22	2	1	155	24	1	600	0.9	0.89963	0	0	0	
22	2	1	159	25	2	0	0.99	0	50	25	40.5	
22	2	1	223	26	1	400	0.01	0.0410245	0	0	0	
22	2	1	122	27	2	0	0.9	0	50	0	25	
22	2	1	46	28	1	200	0.95	0.968237	0	0	0	
22	2	1	206	29	1	200	0.9	0.962014	0	0	0	
22	2	1	12	30	1	300	0.1	0.0430722	0	0	0	
22	2	1	222	31	1	300	0.01	0.0230854	0	0	0	
22	2	1	183	32	1	400	0.25	0.302635	0	0	0	
22	2	1	67	33	1	300	0.1	0.0635013	0	0	0	
22	2	1	320	34	1	600	0.9	0.863261	0	0	0	
22	2	1	69	35	1	500	0.1	0.120498	0	0	0	
22	2	1	153	36	2	0	0.99	0	75	0	46.5	
22	2	1	32	37	2	0	0.1	0	50	0	9	
22	2	1	259	38	1	500	0.75	0.754525	0	0	0	
22	2	1	73	39	2	0	0.4	0	150	100	123	
22	2	1	114	40	1	500	0.01	0.0108784	0	0	0	
22	2	1	41	41	1	200	0.9	0.945676	0	0	0	
22	2	1	271	42	1	200	0.99	0.991523	0	0	0	
22	2	1	13	43	2	0	0.01	0	150	100	111	
22	2	1	62	44	1	300	0.05	0.0566194	0	0	0	
22	2	1	27	45	2	0	0.05	0	150	50	100	
22	2	1	4	46	2	0	0.01	0	100	0	6	
22	2	1	151	47	1	200	0.9	0.903115	0	0	0	
22	2	1	182	48	1	300	0.25	0.280764	0	0	0	
22	2	1	113	49	1	400	0.01	0.0205821	0	0	0	
22	2	1	165	50	1	600	0.99	0.973942	0	0	0	
22	2	1	7	51	1	300	0.05	0.058561	0	0	0	
22	2	1	58	52	1	400	0.01	0.0237887	0	0	0	
22	2	1	149	53	2	0	0.95	0	200	100	190	
22	2	1	9	54	1	500	0.05	0.0703479	0	0	0	
22	2	1	137	55	1	300	0.5	0.612751	0	0	0	
22	2	1	199	56	1	500	0.6	0.703964	0	0	0	
22	2	1	268	57	1	400	0.95	0.907472	0	0	0	
22	2	1	82	58	2	0	0.5	0	400	0	120	
22	2	1	317	59	1	300	0.9	0.809917	0	0	0	
22	2	1	107	60	1	300	0.99	0.972863	0	0	0	
22	2	1	210	61	1	600	0.9	0.926295	0	0	0	
22	2	1	92	62	2	0	0.6	0	50	0	21	
22	2	1	279	63	1	500	0.01	0.0280921	0	0	0	
22	2	1	105	64	1	600	0.95	0.95867	0	0	0	
22	2	1	261	65	1	200	0.9	0.950493	0	0	0	
22	2	1	42	66	2	0	0.1	0	150	50	76	
22	2	1	148	67	2	0	0.95	0	150	100	127	
22	2	1	112	68	1	300	0.01	0.0289369	0	0	0	
22	2	1	6	69	2	0	0.01	0	200	0	12	
22	2	1	185	70	1	600	0.25	0.338717	0	0	0	
22	2	1	312	71	1	300	0.75	0.778749	0	0	0	
22	2	1	14	72	2	0	0.01	0	200	100	110	
22	2	1	70	73	2	0	0.4	0	75	50	62.5	
22	2	1	156	74	2	0	0.99	0	200	0	148	
22	2	1	246	75	1	200	0.5	0.465816	0	0	0	
22	2	1	244	76	1	500	0.4	0.591977	0	0	0	
22	2	1	208	77	1	400	0.9	0.788763	0	0	0	
22	2	1	78	78	1	400	0.4	0.40735	0	0	0	
22	2	1	91	79	2	0	0.6	0	25	0	16.5	
22	2	1	143	80	1	400	0.6	0.654176	0	0	0	
22	2	1	163	81	2	0	0.99	0	150	100	137	
22	2	1	18	82	2	0	0.05	0	75	0	7.5	
22	2	1	184	83	1	500	0.25	0.279035	0	0	0	
22	2	1	141	84	1	200	0.6	0.640328	0	0	0	
22	2	1	149	85	1	500	0.75	0.78683	0	0	0	
22	2	1	10	86	2	0	0.01	0	75	50	57.5	
22	2	1	140	87	2	0	0.95	0	150	0	69	
22	2	1	171	88	1	200	0.05	0.0508166	0	0	0	
22	2	1	63	89	1	400	0.05	0.044147	0	0	0	
22	2	1	83	90	1	400	0.5	0.0720993	0	0	0	
22	2	1	123	91	1	400	0.1	0.0411881	0	0	0	
22	2	1	265	92	1	600	0.9	0.917454	0	0	0	
22	2	1	166	93	1	200	0.01	0.0148501	0	0	0	
22	2	1	23	94	1	400	0.4	0.417806	0	0	0	
22	2	1	325	95	1	600	0.95	0.913748	0	0	0	
22	2	1	230	96	1	600	0.05	0.0548016	0	0	0	
22	2	1	124	97	2	0	0.9	0	100	0	50	
22	2	1	63	98	2	0	0.4	0	75	0	22.5	
22	2	1	160	99	1	600	0.95	0.942107	0	0	0	
22	2	2	104	100	2	0	0.6	0	200	100	158	
22	2	2	139	101	1	500	0.5	0.439407	0	0	0	
22	2	2	112	102	2	0	0.75	0	400	0	200	
22	2	2	163	103	1	400	0.99	0.950285	0	0	0	
22	2	2	153	104	1	400	0.9	0.900426	0	0	0	
22	2	2	43	105	2	0	0.1	0	150	100	111	
22	2	2	131	106	1	200	0.4	0.305669	0	0	0	
22	2	2	262	107	1	300	0.9	0.906047	0	0	0	
22	2	2	138	108	1	400	0.5	0.655361	0	0	0	
22	2	2	33	109	2	0	0.1	0	75	0	7.5	
22	2	2	97	110	2	0	0.6	0	400	0	152	
22	2	2	169	111	1	500	0.01	0.0136736	0	0	0	
22	2	2	102	112	1	300	0.95	0.940271	0	0	0	
22	2	2	117	113	1	300	0.05	0.0312456	0	0	0	
22	2	2	161	114	2	0	0.99	0	100	50	89	
22	2	2	128	115	1	400	0.25	0.331671	0	0	0	
22	2	2	106	116	2	0	0.75	0	25	0	8.5	
22	2	2	176	117	1	200	0.1	0.0925373	0	0	0	
22	2	2	150	118	2	0	0.95	0	200	150	183	
22	2	2	52	119	1	300	0.99	0.968825	0	0	0	
22	2	2	19	120	2	0	0.05	0	100	0	10	
22	2	2	103	121	1	400	0.95	0.910997	0	0	0	
22	2	2	79	122	1	500	0.4	0.456895	0	0	0	
22	2	2	221	123	1	200	0.01	0.0302195	0	0	0	
22	2	2	158	124	2	0	0.99	0	800	0	592	
22	2	2	281	125	1	200	0.05	0.0589193	0	0	0	
22	2	2	44	126	2	0	0.1	0	200	100	122	
22	2	2	266	127	1	200	0.95	0.972248	0	0	0	
22	2	2	170	128	1	600	0.01	0.0145759	0	0	0	
22	2	2	87	129	1	300	0.6	0.444975	0	0	0	
22	2	2	92	130	1	300	0.75	0.617161	0	0	0	
22	2	2	233	131	1	400	0.1	0.138614	0	0	0	
22	2	2	139	132	2	0	0.95	0	100	0	70	
22	2	2	251	133	1	200	0.6	0.588505	0	0	0	
22	2	2	315	134	1	600	0.75	0.75028	0	0	0	
22	2	2	255	135	1	600	0.6	0.643994	0	0	0	
22	2	2	108	136	2	0	0.75	0	75	0	28.5	
22	2	2	16	137	1	200	0.25	0.243688	0	0	0	
22	2	2	323	138	1	400	0.95	0.934619	0	0	0	
22	2	2	158	139	1	400	0.95	0.916649	0	0	0	
22	2	2	19	140	1	500	0.25	0.925778	0	0	0	
22	2	2	207	141	1	300	0.9	0.824579	0	0	0	
22	2	2	57	142	1	300	0.01	0.0316481	0	0	0	
22	2	2	308	143	1	400	0.6	0.607042	0	0	0	
22	2	2	88	144	1	400	0.6	0.651571	0	0	0	
22	2	2	300	145	1	600	0.4	0.597161	0	0	0	
22	2	2	23	146	2	0	0.05	0	800	0	48	
22	2	2	31	147	2	0	0.1	0	25	0	3.5	
22	2	2	50	148	1	600	0.95	0.950355	0	0	0	
22	2	2	96	149	1	200	0.9	0.904659	0	0	0	
22	2	2	55	150	2	0	0.25	0	75	50	60.5	
22	2	2	116	151	2	0	0.75	0	100	50	71	
22	2	2	85	152	2	0	0.5	0	75	50	60.5	
22	2	2	28	153	1	400	0.5	0.675127	0	0	0	
22	2	2	289	154	1	500	0.1	0.0879198	0	0	0	
22	2	2	95	155	1	600	0.75	0.908701	0	0	0	
22	2	2	231	156	1	200	0.1	0.0893749	0	0	0	
22	2	2	205	157	1	600	0.75	0.934186	0	0	0	
22	2	2	99	158	1	500	0.9	0.937728	0	0	0	
22	2	2	36	159	2	0	0.1	0	200	0	20	
22	2	2	216	160	1	200	0.99	0.932487	0	0	0	
22	2	2	275	161	1	600	0.99	0.956689	0	0	0	
22	2	2	152	162	2	0	0.99	0	50	0	39	
22	2	2	252	163	1	300	0.6	0.698002	0	0	0	
22	2	2	180	164	1	600	0.1	0.0603965	0	0	0	
22	2	2	225	165	1	600	0.01	0.034806	0	0	0	
22	2	2	91	166	1	200	0.75	0.582725	0	0	0	
22	2	2	30	167	1	600	0.5	0.658457	0	0	0	
22	2	2	58	168	2	0	0.25	0	150	100	117	
22	2	2	164	169	1	500	0.99	0.958215	0	0	0	
22	2	2	65	170	1	600	0.05	0.0616349	0	0	0	
22	2	2	154	171	2	0	0.99	0	100	0	74	
22	2	2	327	172	1	300	0.99	0.978803	0	0	0	
22	2	2	119	173	2	0	0.75	0	200	100	166	
22	2	2	56	174	2	0	0.25	0	100	50	67	
22	2	2	29	175	1	500	0.5	0.370322	0	0	0	
22	2	2	257	176	1	300	0.75	0.743035	0	0	0	
22	2	2	28	177	2	0	0.05	0	150	100	115	
22	2	2	57	178	2	0	0.25	0	150	50	76	
22	2	2	179	179	1	500	0.1	0.203838	0	0	0	
22	2	2	140	180	1	600	0.5	0.409659	0	0	0	
22	2	2	152	181	1	300	0.9	0.929794	0	0	0	
22	2	2	83	182	2	0	0.5	0	800	0	400	
22	2	2	120	183	1	600	0.05	0.0837535	0	0	0	
22	2	2	318	184	1	400	0.9	0.920767	0	0	0	
22	2	2	54	185	2	0	0.25	0	50	25	31.5	
22	2	2	322	186	1	300	0.95	0.92798	0	0	0	
22	2	2	294	187	1	500	0.25	0.407434	0	0	0	
22	2	2	241	188	1	200	0.4	0.354776	0	0	0	
22	2	2	77	189	2	0	0.5	0	50	0	17	
22	2	2	22	190	1	300	0.4	0.363268	0	0	0	
22	2	2	190	191	1	600	0.4	0.378478	0	0	0	
22	2	2	90	192	2	0	0.5	0	200	150	173	
22	2	2	73	193	1	400	0.25	0.296819	0	0	0	
22	2	2	25	194	1	600	0.4	0.335528	0	0	0	
22	2	2	3	195	2	0	0.01	0	75	0	10.5	
22	2	2	25	196	2	0	0.05	0	75	50	57.5	
22	2	2	21	197	2	0	0.05	0	200	0	20	
22	2	2	201	198	1	200	0.75	0.606276	0	0	0	
22	2	3	66	199	1	200	0.1	0.104351	0	0	0	
22	2	3	316	200	1	200	0.9	0.922341	0	0	0	
22	2	3	150	201	1	600	0.75	0.657957	0	0	0	
22	2	3	143	202	2	0	0.95	0	800	0	432	
22	2	3	18	203	1	400	0.25	0.201419	0	0	0	
22	2	3	80	204	1	600	0.4	0.298137	0	0	0	
22	2	3	263	205	1	400	0.9	0.850143	0	0	0	
22	2	3	105	206	2	0	0.6	0	200	150	175	
22	2	3	106	207	1	200	0.99	0.953872	0	0	0	
22	2	3	20	208	1	600	0.25	0.608045	0	0	0	
22	2	3	276	209	1	200	0.01	0.012077	0	0	0	
22	2	3	74	210	1	500	0.25	0.0915289	0	0	0	
22	2	3	15	211	1	600	0.1	0.0985037	0	0	0	
22	2	3	35	212	2	0	0.1	0	150	0	33	
22	2	3	310	213	1	600	0.6	0.601031	0	0	0	
22	2	3	17	214	2	0	0.05	0	50	0	5	
22	2	3	253	215	1	400	0.6	0.412742	0	0	0	
22	2	3	219	216	1	500	0.99	0.938816	0	0	0	
22	2	3	9	217	2	0	0.01	0	50	25	30.5	
22	2	3	129	218	2	0	0.9	0	50	25	42.5	
22	2	3	297	219	1	300	0.4	0.296346	0	0	0	
22	2	3	120	220	2	0	0.75	0	200	150	177	
22	2	3	301	221	1	200	0.5	0.354214	0	0	0	
22	2	3	126	222	2	0	0.9	0	200	0	148	
22	2	3	328	223	1	400	0.99	0.968034	0	0	0	
22	2	3	128	224	2	0	0.9	0	800	0	560	
22	2	3	122	225	1	300	0.1	0.0602904	0	0	0	
22	2	3	288	226	1	400	0.1	0.0832891	0	0	0	
22	2	3	127	227	2	0	0.9	0	400	0	216	
22	2	3	127	228	1	300	0.25	0.14604	0	0	0	
22	2	3	115	229	2	0	0.75	0	75	50	63.5	
22	2	3	237	230	1	300	0.25	0.203577	0	0	0	
22	2	3	40	231	2	0	0.1	0	75	50	58.5	
22	2	3	50	232	2	0	0.25	0	150	0	39	
22	2	3	136	233	2	0	0.95	0	25	0	14.5	
22	2	3	145	234	2	0	0.95	0	75	50	68.5	
22	2	3	321	235	1	200	0.95	0.932487	0	0	0	
22	2	3	203	236	1	400	0.75	0.694508	0	0	0	
22	2	3	32	237	1	300	0.6	0.532826	0	0	0	
22	2	3	156	238	1	200	0.95	0.669669	0	0	0	
22	2	3	42	239	1	300	0.9	0.902854	0	0	0	
22	2	3	197	240	1	300	0.6	0.646232	0	0	0	
22	2	3	154	241	1	500	0.9	0.75813	0	0	0	
22	2	3	191	242	1	200	0.5	0.251074	0	0	0	
22	2	3	177	243	1	300	0.1	0.172454	0	0	0	
22	2	3	296	244	1	200	0.4	0.373073	0	0	0	
22	2	3	53	245	1	400	0.99	0.964455	0	0	0	
22	2	3	220	246	1	600	0.99	0.960815	0	0	0	
22	2	3	243	247	1	400	0.4	0.312706	0	0	0	
22	2	3	194	248	1	500	0.5	0.396267	0	0	0	
22	2	3	272	249	1	300	0.99	0.958626	0	0	0	
22	2	3	75	250	1	600	0.25	0.362441	0	0	0	
22	2	3	305	251	1	600	0.5	0.720094	0	0	0	
22	2	3	146	252	1	200	0.75	0.637267	0	0	0	
22	2	3	235	253	1	600	0.1	0.0961994	0	0	0	
22	2	3	146	254	2	0	0.95	0	100	50	73	
22	2	3	186	255	1	200	0.4	0.254311	0	0	0	
22	2	3	29	256	2	0	0.05	0	200	100	126	
22	2	3	227	257	1	300	0.05	0.113944	0	0	0	
22	2	3	135	258	2	0	0.9	0	200	150	183	
22	2	3	162	259	2	0	0.99	0	150	50	136	
22	2	3	34	260	2	0	0.1	0	100	0	26	
22	2	3	133	261	1	400	0.4	0.270477	0	0	0	
22	2	3	132	262	1	300	0.4	0.356351	0	0	0	
22	2	3	10	263	1	600	0.05	0.0426255	0	0	0	
22	2	3	229	264	1	500	0.05	0.0393615	0	0	0	
22	2	3	81	265	1	200	0.5	0.540929	0	0	0	
22	2	3	15	266	2	0	0.01	0	200	150	157	
22	2	3	70	267	1	600	0.1	0.0781453	0	0	0	
22	2	3	295	268	1	600	0.25	0.151887	0	0	0	
22	2	3	85	269	1	600	0.5	0.602225	0	0	0	
22	2	3	144	270	1	500	0.6	0.735012	0	0	0	
22	2	3	98	271	1	400	0.9	0.875897	0	0	0	
22	2	3	278	272	1	400	0.01	0.0296666	0	0	0	
22	2	3	254	273	1	500	0.6	0.480526	0	0	0	
22	2	3	287	274	1	300	0.1	0.0555225	0	0	0	
22	2	3	72	275	1	300	0.25	0.216363	0	0	0	
22	2	3	218	276	1	400	0.99	0.970373	0	0	0	
22	2	3	49	277	1	500	0.95	0.949369	0	0	0	
22	2	3	137	278	2	0	0.95	0	50	0	37	
22	2	3	249	279	1	500	0.5	0.405506	0	0	0	
22	2	3	290	280	1	600	0.1	0.12286	0	0	0	
22	2	3	39	281	1	500	0.75	0.63468	0	0	0	
22	2	3	79	282	2	0	0.5	0	100	0	34	
22	2	3	102	283	2	0	0.6	0	150	50	108	
22	2	3	121	284	1	200	0.1	0.0529219	0	0	0	
22	2	3	141	285	2	0	0.95	0	200	0	116	
22	2	3	89	286	2	0	0.5	0	200	100	150	
22	2	3	130	287	2	0	0.9	0	75	50	59.5	
22	2	3	62	288	2	0	0.4	0	50	0	23	
22	2	3	142	289	2	0	0.95	0	400	0	280	
22	2	3	302	290	1	300	0.5	0.365984	0	0	0	
22	2	3	96	291	2	0	0.6	0	200	0	92	
22	2	3	65	292	2	0	0.4	0	150	0	105	
22	2	3	54	293	1	500	0.99	0.969042	0	0	0	
22	2	3	93	294	2	0	0.6	0	75	0	25.5	
22	2	3	204	295	1	500	0.75	0.595936	0	0	0	
22	2	3	101	296	2	0	0.6	0	100	50	77	
22	2	3	226	297	1	200	0.05	0.0264247	0	0	0	
22	2	4	80	298	2	0	0.5	0	150	0	75	
22	2	4	17	299	1	300	0.25	0.351959	0	0	0	
22	2	4	36	300	1	200	0.75	0.64644	0	0	0	
22	2	4	31	301	1	200	0.6	0.616524	0	0	0	
22	2	4	260	302	1	600	0.75	0.701779	0	0	0	
22	2	4	27	303	1	300	0.5	0.445931	0	0	0	
22	2	4	131	304	2	0	0.9	0	100	50	87	
22	2	4	117	305	2	0	0.75	0	150	50	116	
22	2	4	100	306	2	0	0.6	0	75	50	63.5	
22	2	4	224	307	1	500	0.01	0.0334791	0	0	0	
22	2	4	155	308	2	0	0.99	0	150	0	129	
22	2	4	239	309	1	500	0.25	0.163718	0	0	0	
22	2	4	116	310	1	200	0.05	0.0551024	0	0	0	
22	2	4	109	311	2	0	0.75	0	100	0	50	
22	2	4	178	312	1	400	0.1	0.103214	0	0	0	
22	2	4	11	313	2	0	0.01	0	100	50	61	
22	2	4	81	314	2	0	0.5	0	200	0	84	
22	2	4	144	315	2	0	0.95	0	50	25	40.5	
22	2	4	217	316	1	300	0.99	0.972222	0	0	0	
22	2	4	151	317	2	0	0.99	0	25	0	19.5	
22	2	4	168	318	1	400	0.01	0.0305777	0	0	0	
22	2	4	45	319	2	0	0.1	0	200	150	165	
22	2	4	43	320	1	400	0.9	0.948148	0	0	0	
22	2	4	40	321	1	600	0.75	0.930369	0	0	0	
22	2	4	232	322	1	300	0.1	0.841461	0	0	0	
22	2	4	282	323	1	300	0.05	0.0737092	0	0	0	
22	2	4	303	324	1	400	0.5	0.575144	0	0	0	
22	2	4	277	325	1	300	0.01	0.0301045	0	0	0	
22	2	4	162	326	1	300	0.99	0.9776	0	0	0	
22	2	4	103	327	2	0	0.6	0	150	100	127	
22	2	4	104	328	1	500	0.95	0.899595	0	0	0	
22	2	4	6	329	1	200	0.05	0.100728	0	0	0	
22	2	4	99	330	2	0	0.6	0	50	25	40.5	
22	2	4	115	331	1	600	0.01	0.0394632	0	0	0	
22	2	4	37	332	1	300	0.75	0.302016	0	0	0	
22	2	4	248	333	1	400	0.5	0.384621	0	0	0	
22	2	4	98	334	2	0	0.6	0	800	0	368	
22	2	4	88	335	2	0	0.5	0	150	100	127	
22	2	4	212	336	1	300	0.95	0.945955	0	0	0	
22	2	4	86	337	1	200	0.6	0.597329	0	0	0	
22	2	4	284	338	1	500	0.05	0.0649786	0	0	0	
22	2	4	89	339	1	500	0.6	0.737714	0	0	0	
22	2	4	100	340	1	600	0.9	0.868918	0	0	0	
22	2	4	56	341	1	200	0.01	0.0166989	0	0	0	
22	2	4	8	342	1	400	0.05	0.0559073	0	0	0	
22	2	4	298	343	1	400	0.4	0.297505	0	0	0	
22	2	4	198	344	1	400	0.6	0.579691	0	0	0	
22	2	4	196	345	1	200	0.6	0.661801	0	0	0	
22	2	4	124	346	1	500	0.1	0.114355	0	0	0	
22	2	4	3	347	1	400	0.01	0.0530944	0	0	0	
22	2	4	66	348	2	0	0.4	0	200	0	100	
22	2	4	76	349	1	200	0.4	0.406873	0	0	0	
22	2	4	67	350	2	0	0.4	0	400	0	136	
22	2	4	147	351	2	0	0.95	0	150	50	108	
22	2	4	5	352	2	0	0.01	0	150	0	15	
22	2	4	242	353	1	300	0.4	0.408023	0	0	0	
22	2	4	273	354	1	400	0.99	0.971382	0	0	0	
22	2	4	274	355	1	500	0.99	0.973266	0	0	0	
22	2	4	5	356	1	600	0.01	0.0492288	0	0	0	
22	2	4	306	357	1	200	0.6	0.596183	0	0	0	
22	2	4	134	358	1	500	0.4	0.706794	0	0	0	
22	2	4	121	359	2	0	0.9	0	25	0	18.5	
22	2	4	61	360	1	200	0.05	0.0461019	0	0	0	
22	2	4	26	361	1	200	0.5	0.362012	0	0	0	
22	2	4	215	362	1	600	0.95	0.961581	0	0	0	
22	2	4	188	363	1	400	0.4	0.349287	0	0	0	
22	2	4	101	364	1	200	0.95	0.926415	0	0	0	
22	2	4	132	365	2	0	0.9	0	150	50	124	
22	2	4	11	366	1	200	0.1	0.0676765	0	0	0	
22	2	4	37	367	2	0	0.1	0	400	0	40	
22	2	4	69	368	2	0	0.4	0	50	25	30.5	
22	2	4	94	369	2	0	0.6	0	100	0	46	
22	2	4	59	370	2	0	0.25	0	200	100	146	
22	2	4	314	371	1	500	0.75	0.600199	0	0	0	
22	2	4	46	372	2	0	0.25	0	25	0	8.5	
22	2	4	111	373	1	200	0.01	0.0228731	0	0	0	
22	2	4	51	374	2	0	0.25	0	200	0	52	
22	2	4	118	375	1	400	0.05	0.306899	0	0	0	
22	2	4	34	376	1	500	0.6	0.736295	0	0	0	
22	2	4	258	377	1	400	0.75	0.788829	0	0	0	
22	2	4	187	378	1	300	0.4	0.360703	0	0	0	
22	2	4	256	379	1	200	0.75	0.744357	0	0	0	
22	2	4	108	380	1	400	0.99	0.968706	0	0	0	
22	2	4	47	381	1	300	0.95	0.946693	0	0	0	
22	2	4	110	382	1	600	0.99	0.972368	0	0	0	
22	2	4	12	383	2	0	0.01	0	150	50	76	
22	2	4	286	384	1	200	0.1	0.0483796	0	0	0	
22	2	4	291	385	1	200	0.25	0.119477	0	0	0	
22	2	4	125	386	2	0	0.9	0	150	0	111	
22	2	4	126	387	1	200	0.25	0.150016	0	0	0	
22	2	4	24	388	2	0	0.05	0	50	25	30.5	
22	2	4	68	389	1	400	0.1	0.0780171	0	0	0	
22	2	4	165	390	2	0	0.99	0	200	150	187	
22	2	4	134	391	2	0	0.9	0	200	100	170	
22	2	4	311	392	1	200	0.75	0.726241	0	0	0	
22	2	4	192	393	1	300	0.5	0.642667	0	0	0	
22	2	4	313	394	1	400	0.75	0.602614	0	0	0	
22	2	4	84	395	2	0	0.5	0	50	25	35.5	
22	2	4	125	396	1	600	0.1	0.1665	0	0	0	
22	2	5	39	397	2	0	0.1	0	50	25	30.5	
22	2	5	161	398	1	200	0.99	0.975464	0	0	0	
22	2	5	45	399	1	600	0.9	0.912642	0	0	0	
22	2	5	93	400	1	400	0.75	0.408615	0	0	0	
22	2	5	250	401	1	600	0.5	0.444246	0	0	0	
22	2	5	173	402	1	400	0.05	0.0310908	0	0	0	
22	2	5	64	403	1	500	0.05	0.0409802	0	0	0	
22	2	5	167	404	1	300	0.01	0.0199806	0	0	0	
22	2	5	123	405	2	0	0.9	0	75	0	43.5	
22	2	5	145	406	1	600	0.6	0.628311	0	0	0	
22	2	5	13	407	1	400	0.1	0.0498436	0	0	0	
22	2	5	86	408	2	0	0.5	0	100	50	75	
22	2	5	213	409	1	400	0.95	0.91729	0	0	0	
22	2	5	51	410	1	200	0.99	0.969528	0	0	0	
22	2	5	164	411	2	0	0.99	0	200	100	170	
22	2	5	236	412	1	200	0.25	0.211401	0	0	0	
22	2	5	195	413	1	600	0.5	0.566378	0	0	0	
22	2	5	147	414	1	300	0.75	0.707679	0	0	0	
22	2	5	202	415	1	300	0.75	0.74844	0	0	0	
22	2	5	48	416	2	0	0.25	0	75	0	25.5	
22	2	5	157	417	2	0	0.99	0	400	0	280	
22	2	5	148	418	1	400	0.75	0.719744	0	0	0	
22	2	5	292	419	1	300	0.25	0.298712	0	0	0	
22	2	5	26	420	2	0	0.05	0	100	50	65	
22	2	5	304	421	1	500	0.5	0.543875	0	0	0	
22	2	5	1	422	1	200	0.01	0.0218603	0	0	0	
22	2	5	20	423	2	0	0.05	0	150	0	15	
22	2	5	2	424	1	300	0.01	0.0249342	0	0	0	
22	2	5	319	425	1	500	0.9	0.909409	0	0	0	
22	2	5	14	426	1	500	0.1	0.390902	0	0	0	
22	2	5	193	427	1	400	0.5	0.430212	0	0	0	
22	2	5	33	428	1	400	0.6	0.641456	0	0	0	
22	2	5	159	429	1	500	0.95	0.867998	0	0	0	
22	2	5	22	430	2	0	0.05	0	400	0	40	
22	2	5	16	431	2	0	0.05	0	25	0	6.5	
22	2	5	90	432	1	600	0.6	0.616975	0	0	0	
22	2	5	119	433	1	500	0.05	0.0633465	0	0	0	
22	2	5	267	434	1	300	0.95	0.908091	0	0	0	
22	2	5	76	435	2	0	0.5	0	25	0	12.5	
22	2	5	181	436	1	200	0.25	0.23191	0	0	0	
22	2	5	142	437	1	300	0.6	0.355802	0	0	0	
22	2	5	135	438	1	600	0.4	0.44732	0	0	0	
22	2	5	60	439	2	0	0.25	0	200	150	171	
22	2	5	44	440	1	500	0.9	0.910391	0	0	0	
22	2	5	280	441	1	600	0.01	0.0357303	0	0	0	
22	2	5	234	442	1	500	0.1	0.101657	0	0	0	
22	2	5	247	443	1	300	0.5	0.570947	0	0	0	
22	2	5	53	444	2	0	0.25	0	800	0	240	
22	2	5	48	445	1	400	0.95	0.888476	0	0	0	
22	2	5	209	446	1	500	0.9	0.613654	0	0	0	
22	2	5	38	447	1	400	0.75	0.705529	0	0	0	
22	2	5	49	448	2	0	0.25	0	100	0	42	
22	2	5	269	449	1	500	0.95	0.832482	0	0	0	
22	2	5	110	450	2	0	0.75	0	150	0	81	
22	2	5	4	451	1	500	0.01	0.0319444	0	0	0	
22	2	5	293	452	1	400	0.25	0.202485	0	0	0	
22	2	5	75	453	2	0	0.4	0	200	150	165	
22	2	5	285	454	1	600	0.05	0.0750847	0	0	0	
22	2	5	245	455	1	600	0.4	0.401189	0	0	0	
22	2	5	118	456	2	0	0.75	0	150	100	129	
22	2	5	30	457	2	0	0.05	0	200	150	167	
22	2	5	111	458	2	0	0.75	0	200	0	44	
22	2	5	129	459	1	500	0.25	0.363171	0	0	0	
22	2	5	74	460	2	0	0.4	0	200	100	142	
22	2	5	264	461	1	500	0.9	0.872916	0	0	0	
22	2	5	2	462	2	0	0.01	0	50	0	5	
22	2	5	24	463	1	500	0.4	0.465604	0	0	0	
22	2	5	55	464	1	600	0.99	0.971926	0	0	0	
22	2	5	228	465	1	400	0.05	0.0619887	0	0	0	
22	2	5	270	466	1	600	0.95	0.902239	0	0	0	
22	2	5	82	467	1	300	0.5	0.403618	0	0	0	
22	2	5	238	468	1	400	0.25	0.295532	0	0	0	
22	2	5	174	469	1	500	0.05	0.0941206	0	0	0	
22	2	5	160	470	2	0	0.99	0	75	50	66.5	
22	2	5	59	471	1	500	0.01	0.02761	0	0	0	
22	2	5	21	472	1	200	0.4	0.339964	0	0	0	
22	2	5	172	473	1	300	0.05	0.0664071	0	0	0	
22	2	5	61	474	2	0	0.4	0	25	0	9.5	
22	2	5	324	475	1	500	0.95	0.91802	0	0	0	
22	2	5	211	476	1	200	0.95	0.921156	0	0	0	
22	2	5	60	477	1	600	0.01	0.0424309	0	0	0	
22	2	5	8	478	2	0	0.01	0	800	0	48	
22	2	5	107	479	2	0	0.75	0	50	0	27	
22	2	5	175	480	1	600	0.05	0.0676544	0	0	0	
22	2	5	97	481	1	300	0.9	0.924216	0	0	0	
22	2	5	136	482	1	200	0.5	0.404343	0	0	0	
22	2	5	200	483	1	600	0.6	0.639806	0	0	0	
22	2	5	77	484	1	300	0.4	0.392423	0	0	0	
22	2	5	68	485	2	0	0.4	0	800	0	336	
22	2	5	71	486	2	0	0.4	0	100	50	65	
22	2	5	7	487	2	0	0.01	0	400	0	40	
22	2	5	72	488	2	0	0.4	0	150	50	92	
22	2	5	109	489	1	500	0.99	0.960165	0	0	0	
22	2	5	35	490	1	600	0.6	0.59433	0	0	0	
22	2	5	52	491	2	0	0.25	0	400	0	88	
22	2	5	64	492	2	0	0.4	0	100	0	42	
22	2	5	78	493	2	0	0.5	0	75	0	28.5	
22	2	5	47	494	2	0	0.25	0	50	0	19	
22	2	5	189	495	1	500	0.4	0.351689	0	0	0	
