Subject#	Target_color	Block#	Trial#	Numerosity	N_target	P_true	P_reported	RT	
1	1	1	1	200	64	0.32	0.44	29.0513	
1	1	1	2	600	102	0.17	0.2	8.47648	
1	1	1	3	600	300	0.5	0.775	4.46551	
1	1	1	4	600	378	0.63	0.775	2.94817	
1	1	1	5	500	320	0.64	0.8	4.7533	
1	1	1	6	400	384	0.96	0.95	1.9713	
1	1	1	7	300	129	0.43	0.4	6.77345	
1	1	1	8	200	122	0.61	0.55	8.29314	
1	1	1	9	500	250	0.5	0.7	1.97422	
1	1	1	10	400	8	0.02	0.05	4.142	
1	1	1	11	200	32	0.16	0.22	19.8065	
1	1	1	12	200	108	0.54	0.5	6.65896	
1	1	1	13	300	72	0.24	0.075	5.03124	
1	1	1	14	300	201	0.67	0.8	1.93417	
1	1	1	15	500	440	0.88	0.88	3.79135	
1	1	1	16	500	105	0.21	0.175	5.58736	
1	1	1	17	500	380	0.76	0.8	1.31684	
1	1	1	18	200	52	0.26	0.44	8.52895	
1	1	1	19	400	272	0.68	0.8	1.33999	
1	1	1	20	200	36	0.18	0.15	2.08615	
1	1	1	21	300	219	0.73	0.8	2.36411	
1	1	1	22	500	50	0.1	0.25	1.97	
1	1	1	23	500	370	0.74	0.8	2.77414	
1	1	1	24	300	21	0.07	0.2	12.2074	
1	1	1	25	300	243	0.81	0.88	1.60658	
1	1	1	26	400	224	0.56	0.77	1.12626	
1	1	1	27	400	340	0.85	0.9	1.32284	
1	1	1	28	600	186	0.31	0.3	2.81781	
1	1	1	29	400	288	0.72	0.7	1.3796	
1	1	1	30	400	380	0.95	0.9	1.52412	
1	1	1	31	500	135	0.27	0.35	2.69939	
1	1	1	32	400	264	0.66	0.75	2.38512	
1	1	1	33	500	225	0.45	0.45	3.26459	
1	1	1	34	200	22	0.11	0.2	4.58949	
1	1	1	35	400	140	0.35	0.4	4.72791	
1	1	1	36	400	32	0.08	0.2	1.72424	
1	1	1	37	500	345	0.69	0.775	2.40993	
1	1	1	38	200	96	0.48	0.4	3.85337	
1	1	1	39	200	158	0.79	0.9	3.15618	
1	1	1	40	200	72	0.36	0.8	6.50371	
1	1	1	41	600	546	0.91	0.85	1.65687	
1	1	1	42	600	168	0.28	0.06	11.4197	
1	1	1	43	600	504	0.84	0.8	1.86454	
1	1	1	44	500	390	0.78	0.8	1.59294	
1	1	1	45	300	282	0.94	0.9	1.10315	
1	1	1	46	200	18	0.09	0.15	2.54777	
1	1	1	47	500	255	0.51	0.8	1.42358	
1	1	1	48	600	450	0.75	0.85	3.23367	
1	1	1	49	200	50	0.25	0.35	7.53681	
1	1	1	50	200	110	0.55	0.5	1.23137	
1	1	1	51	600	132	0.22	0.45	2.15616	
1	1	1	52	500	300	0.6	0.4	1.74222	
1	1	1	53	500	465	0.93	0.85	2.58658	
1	1	1	54	400	360	0.9	0.9	0.874221	
1	1	1	55	300	267	0.89	0.9	0.879231	
1	1	1	56	600	18	0.03	0.1	1.10602	
1	1	1	57	500	415	0.83	0.8	3.68099	
1	1	1	58	400	4	0.01	0.99	2.95689	
1	1	1	59	300	18	0.06	0.98	1.83727	
1	1	1	60	400	132	0.33	0.75	6.21548	
1	1	1	61	600	426	0.71	0.65	3.38201	
1	1	1	62	400	136	0.34	0.35	2.48523	
1	1	1	63	200	24	0.12	0.3	2.2213	
1	1	1	64	200	38	0.19	0.3	0.943497	
1	1	1	65	500	65	0.13	0.3	1.86798	
1	1	1	66	300	60	0.2	0.275	1.27221	
1	1	1	67	300	210	0.7	0.5	0.716905	
1	1	1	68	400	16	0.04	0.1	1.20605	
1	1	1	69	600	348	0.58	0.65	1.72693	
1	1	1	70	300	141	0.47	0.445	3.89714	
1	1	1	71	400	208	0.52	0.55	2.85627	
1	1	1	72	600	462	0.77	0.65	2.39162	
1	1	1	73	300	291	0.97	0.95	1.44632	
1	1	1	74	600	276	0.46	0.45	1.0371	
1	1	1	75	200	30	0.15	0.85	6.35763	
1	1	1	76	600	594	0.99	0.95	1.98735	
1	1	1	77	600	228	0.38	0.45	5.26851	
1	1	1	78	400	212	0.53	0.5	0.936368	
1	1	1	79	500	200	0.4	0.4	0.917433	
1	1	1	80	300	15	0.05	0.15	1.33494	
1	1	1	81	200	124	0.62	0.8	2.09978	
1	1	1	82	400	168	0.42	0.55	5.33148	
1	1	1	83	300	171	0.57	0.45	2.63604	
1	1	1	84	600	180	0.3	0.25	2.73947	
1	1	1	85	600	480	0.8	0.85	3.64519	
1	1	1	86	300	258	0.86	0.9	1.73597	
1	1	1	87	300	276	0.92	0.9	1.36034	
1	1	1	88	300	246	0.82	0.8	0.643101	
1	1	1	89	200	58	0.29	0.25	3.67021	
1	1	1	90	400	196	0.49	0.4	6.11937	
1	1	1	91	300	111	0.37	0.3	2.85648	
1	1	1	92	300	42	0.14	0.2	1.47195	
1	1	1	93	200	118	0.59	0.55	3.10827	
1	1	1	94	200	196	0.98	0.99	1.60146	
1	1	1	95	500	195	0.39	0.4	1.14943	
1	1	1	96	500	325	0.65	0.6	1.76235	
1	1	1	97	400	176	0.44	0.4	1.76261	
1	1	1	98	600	522	0.87	0.775	3.19295	
1	1	1	99	500	205	0.41	0.5	2.84448	
1	1	1	100	600	138	0.23	0.4	2.52239	
1	1	2	101	500	180	0.36	0.45	1.1762	
1	1	2	102	400	292	0.73	0.7	1.0219	
1	1	2	103	200	10	0.05	0.925	2.32316	
1	1	2	104	600	576	0.96	0.85	1.18719	
1	1	2	105	500	485	0.97	0.85	1.23779	
1	1	2	106	300	156	0.52	0.4	4.82615	
1	1	2	107	400	88	0.22	0.3	0.97086	
1	1	2	108	300	195	0.65	0.5	1.79375	
1	1	2	109	500	460	0.92	0.855	1.6198	
1	1	2	110	300	231	0.77	0.66	5.37309	
1	1	2	111	300	39	0.13	0.25	2.87866	
1	1	2	112	600	186	0.31	0.3	3.13245	
1	1	2	113	400	24	0.06	0.2	1.5661	
1	1	2	114	600	384	0.64	0.7	1.6342	
1	1	2	115	500	400	0.8	0.66	3.92299	
1	1	2	116	300	75	0.25	0.2	1.99573	
1	1	2	117	600	306	0.51	0.6	4.73389	
1	1	2	118	500	240	0.48	0.6	0.838509	
1	1	2	119	600	456	0.76	0.7	3.65735	
1	1	2	120	300	84	0.28	0.2	0.781062	
1	1	2	121	400	324	0.81	0.875	1.52794	
1	1	2	122	300	120	0.4	0.25	2.68062	
1	1	2	123	600	180	0.3	0.65	4.39883	
1	1	2	124	500	315	0.63	0.75	3.54891	
1	1	2	125	200	24	0.12	0.15	2.54723	
1	1	2	126	200	20	0.1	0.15	1.49066	
1	1	2	127	300	48	0.16	0.2	1.1189	
1	1	2	128	300	105	0.35	0.33	0.47119	
1	1	2	129	600	336	0.56	0.8	2.09906	
1	1	2	130	600	498	0.83	0.7	2.06319	
1	1	2	131	200	94	0.47	0.44	7.43537	
1	1	2	132	500	335	0.67	0.775	2.55799	
1	1	2	133	500	470	0.94	0.9	1.01089	
1	1	2	134	400	356	0.89	0.9	1.67401	
1	1	2	135	600	546	0.91	0.9	2.25402	
1	1	2	136	600	558	0.93	0.9	0.45823	
1	1	2	137	500	435	0.87	0.885	1.29786	
1	1	2	138	600	444	0.74	0.825	1.17782	
1	1	2	139	500	170	0.34	0.45	1.10095	
1	1	2	140	400	316	0.79	0.675	2.03159	
1	1	2	141	600	348	0.58	0.6	1.05165	
1	1	2	142	500	205	0.41	0.45	1.15074	
1	1	2	143	500	145	0.29	0.35	2.19744	
1	1	2	144	600	372	0.62	0.45	0.743788	
1	1	2	145	600	138	0.23	0.3	0.992962	
1	1	2	146	500	375	0.75	0.5	1.37973	
1	1	2	147	300	210	0.7	0.8	2.19407	
1	1	2	148	300	198	0.66	0.85	2.27203	
1	1	2	149	200	86	0.43	0.4	3.02394	
1	1	2	150	400	380	0.95	0.85	0.957438	
1	1	2	151	300	51	0.17	0.15	1.89607	
1	1	2	152	300	33	0.11	0.1	0.850658	
1	1	2	153	400	392	0.98	0.98	0.899625	
1	1	2	154	400	276	0.69	0.8	2.55412	
1	1	2	155	200	114	0.57	0.8	1.72413	
1	1	2	156	200	84	0.42	0.4	1.61673	
1	1	2	157	300	111	0.37	0.3	1.5892	
1	1	2	158	500	250	0.5	0.6	1.38398	
1	1	2	159	300	264	0.88	0.8	2.1629	
1	1	2	160	500	120	0.24	0.7	9.25664	
1	1	2	161	200	28	0.14	0.1	2.44821	
1	1	2	162	200	92	0.46	0.22	1.82143	
1	1	2	163	300	270	0.9	0.775	1.17283	
1	1	2	164	600	432	0.72	0.7	0.77484	
1	1	2	165	300	21	0.07	0.8	0.961686	
1	1	2	166	500	95	0.19	0.85	3.79774	
1	1	2	167	200	108	0.54	0.5	0.946694	
1	1	2	168	500	300	0.6	0.4	1.53068	
1	1	2	169	200	100	0.5	0.45	1.88919	
1	1	2	170	200	52	0.26	0.45	1.06996	
1	1	2	171	600	54	0.09	0.2	0.945022	
1	1	2	172	600	12	0.02	0.09	1.46604	
1	1	2	173	600	468	0.78	0.775	0.9749	
1	1	2	174	200	136	0.68	0.7	0.889	
1	1	2	175	400	212	0.53	0.5	0.927821	
1	1	2	176	300	114	0.38	0.45	1.41112	
1	1	2	177	300	246	0.82	0.65	0.955766	
1	1	2	178	200	122	0.61	0.55	3.48075	
1	1	2	179	400	4	0.01	0.05	2.79426	
1	1	2	180	200	168	0.84	0.9	1.33793	
1	1	2	181	500	495	0.99	0.95	0.460772	
1	1	2	182	600	294	0.49	0.6	1.57413	
1	1	2	183	300	45	0.15	0.85	1.3463	
1	1	2	184	400	176	0.44	0.55	2.24089	
1	1	2	185	400	344	0.86	0.65	0.839093	
1	1	2	186	500	105	0.21	0.3	2.97416	
1	1	2	187	400	236	0.59	0.45	2.50229	
1	1	2	188	600	330	0.55	0.55	1.55988	
1	1	2	189	200	170	0.85	0.675	1.77463	
1	1	2	190	400	108	0.27	0.66	4.93754	
1	1	2	191	400	12	0.03	0.11	1.15802	
1	1	2	192	400	156	0.39	0.35	4.01034	
1	1	2	193	500	40	0.08	0.2	1.10808	
1	1	2	194	200	36	0.18	0.15	0.359321	
1	1	2	195	400	284	0.71	0.4	1.8505	
1	1	2	196	200	40	0.2	0.2	0.943119	
1	1	2	197	200	66	0.33	0.2	0.387852	
1	1	2	198	400	16	0.04	0.1	0.595326	
1	1	2	199	400	128	0.32	0.29	1.4648	
1	1	2	200	200	90	0.45	0.7	2.77985	
1	1	3	201	200	142	0.71	0.66	1.04725	
1	1	3	202	600	42	0.07	0.1	1.87363	
1	1	3	203	200	134	0.67	0.775	6.72654	
1	1	3	204	600	54	0.09	0.15	0.985712	
1	1	3	205	600	384	0.64	0.675	0.9067	
1	1	3	206	600	582	0.97	0.85	0.533548	
1	1	3	207	200	166	0.83	0.8	0.701117	
1	1	3	208	400	328	0.82	0.7	0.884229	
1	1	3	209	400	244	0.61	0.65	0.712908	
1	1	3	210	200	156	0.78	0.575	1.27613	
1	1	3	211	200	188	0.94	0.8	1.29497	
1	1	3	212	600	300	0.5	0.4	1.35378	
1	1	3	213	600	504	0.84	0.55	1.64271	
1	1	3	214	500	55	0.11	0.1	1.07718	
1	1	3	215	500	270	0.54	0.225	0.768383	
1	1	3	216	200	68	0.34	0.3	0.895302	
1	1	3	217	400	60	0.15	0.3	0.240308	
1	1	3	218	500	325	0.65	0.55	0.977854	
1	1	3	219	500	275	0.55	0.5	0.785006	
1	1	3	220	400	272	0.68	0.6	0.899004	
1	1	3	221	300	153	0.51	0.45	1.24396	
1	1	3	222	400	368	0.92	0.88	1.11892	
1	1	3	223	500	200	0.4	0.35	2.17748	
1	1	3	224	200	192	0.96	0.9	2.72999	
1	1	3	225	600	78	0.13	0.155	2.31733	
1	1	3	226	200	28	0.14	0.15	5.43632	
1	1	3	227	300	240	0.8	0.75	0.95323	
1	1	3	228	300	279	0.93	0.8	1.06776	
1	1	3	229	300	81	0.27	0.2	2.25672	
1	1	3	230	400	80	0.2	0.2	4.9029	
1	1	3	231	200	12	0.06	0.11	0.71357	
1	1	3	232	600	420	0.7	0.6	1.44067	
1	1	3	233	200	124	0.62	0.6	2.52949	
1	1	3	234	400	64	0.16	0.7	2.42364	
1	1	3	235	500	495	0.99	0.975	1.62148	
1	1	3	236	600	300	0.5	0.4	0.985269	
1	1	3	237	500	365	0.73	0.45	0.965207	
1	1	3	238	200	44	0.22	0.3	0.72631	
1	1	3	239	400	240	0.6	0.45	0.752477	
1	1	3	240	600	510	0.85	0.7	1.49968	
1	1	3	241	300	99	0.33	0.4	0.882419	
1	1	3	242	300	237	0.79	0.7	0.559839	
1	1	3	243	300	273	0.91	0.775	1.27692	
1	1	3	244	400	348	0.87	0.8	0.873944	
1	1	3	245	600	138	0.23	0.15	1.27415	
1	1	3	246	200	38	0.19	0.2	0.808864	
1	1	3	247	500	330	0.66	0.675	2.41178	
1	1	3	248	300	147	0.49	0.4	0.690733	
1	1	3	249	400	112	0.28	0.3	2.86192	
1	1	3	250	300	135	0.45	0.35	0.99191	
1	1	3	251	600	336	0.56	0.5	0.980997	
1	1	3	252	600	540	0.9	0.6	1.18588	
1	1	3	253	200	150	0.75	0.7	1.13482	
1	1	3	254	200	104	0.52	0.4	1.80186	
1	1	3	255	400	156	0.39	0.5	1.80035	
1	1	3	256	300	159	0.53	0.45	1.67514	
1	1	3	257	300	285	0.95	0.85	0.887662	
1	1	3	258	500	380	0.76	0.7	1.12705	
1	1	3	259	200	178	0.89	0.8	0.759755	
1	1	3	260	200	6	0.03	0.9	0.522911	
1	1	3	261	300	243	0.81	0.8	0.636087	
1	1	3	262	400	308	0.77	0.7	0.755251	
1	1	3	263	500	240	0.48	0.5	1.07834	
1	1	3	264	300	30	0.1	0.15	1.8514	
1	1	3	265	500	20	0.04	0.1	0.777762	
1	1	3	266	500	105	0.21	0.2	0.411076	
1	1	3	267	500	160	0.32	0.25	0.775654	
1	1	3	268	600	30	0.05	0.2	0.913529	
1	1	3	269	500	235	0.47	0.4	0.550846	
1	1	3	270	500	210	0.42	0.4	0.296278	
1	1	3	271	400	120	0.3	0.3	1.2581	
1	1	3	272	300	132	0.44	0.5	1.42489	
1	1	3	273	500	145	0.29	0.45	0.711914	
1	1	3	274	200	144	0.72	0.7	1.03312	
1	1	3	275	600	276	0.46	0.65	0.828044	
1	1	3	276	200	70	0.35	0.35	0.84716	
1	1	3	277	300	264	0.88	0.85	0.810409	
1	1	3	278	300	171	0.57	0.755	0.813504	
1	1	3	279	400	104	0.26	0.35	0.856728	
1	1	3	280	600	222	0.37	0.355	1.29759	
1	1	3	281	500	85	0.17	0.35	0.674437	
1	1	3	282	600	414	0.69	0.675	2.5399	
1	1	3	283	600	150	0.25	0.2	0.595262	
1	1	3	284	300	189	0.63	0.3	0.860808	
1	1	3	285	500	205	0.41	0.4	1.03005	
1	1	3	286	500	10	0.02	0.09	1.01302	
1	1	3	287	600	258	0.43	0.25	2.72419	
1	1	3	288	400	32	0.08	0.2	0.372378	
1	1	3	289	400	144	0.36	0.225	0.81171	
1	1	3	290	200	76	0.38	0.3	1.20302	
1	1	3	291	600	444	0.74	0.6	1.63817	
1	1	3	292	400	96	0.24	0.2	1.93099	
1	1	3	293	300	177	0.59	0.6	1.23731	
1	1	3	294	200	116	0.58	0.5	1.84037	
1	1	3	295	400	72	0.18	0.15	0.905148	
1	1	3	296	400	4	0.01	0.05	2.85436	
1	1	3	297	400	344	0.86	0.85	1.44819	
1	1	3	298	300	93	0.31	0.25	1.58362	
1	1	3	299	300	36	0.12	0.3	0.330166	
1	1	3	300	500	490	0.98	0.9	0.467688	
1	1	4	301	300	102	0.34	0.2	0.971077	
1	1	4	302	600	228	0.38	0.45	2.33019	
1	1	4	303	200	134	0.67	0.6	0.972951	
1	1	4	304	600	252	0.42	0.48	1.48598	
1	1	4	305	400	388	0.97	0.8	1.67275	
1	1	4	306	300	219	0.73	0.7	0.671279	
1	1	4	307	500	370	0.74	0.6	2.05049	
1	1	4	308	300	69	0.23	0.25	1.5173	
1	1	4	309	300	228	0.76	0.7	4.96975	
1	1	4	310	300	21	0.07	0.2	0.400395	
1	1	4	311	300	297	0.99	0.975	1.14594	
1	1	4	312	600	246	0.41	0.445	1.51063	
1	1	4	313	200	44	0.22	0.15	0.961763	
1	1	4	314	600	432	0.72	0.75	0.698778	
1	1	4	315	600	66	0.11	0.2	1.09733	
1	1	4	316	200	196	0.98	0.8	0.954198	
1	1	4	317	200	172	0.86	0.8	0.769001	
1	1	4	318	600	558	0.93	0.8	1.30214	
1	1	4	319	500	435	0.87	0.7	0.142789	
1	1	4	320	400	104	0.26	0.275	2.4125	
1	1	4	321	400	272	0.68	0.5	2.299	
1	1	4	322	400	52	0.13	0.2	0.691232	
1	1	4	323	400	280	0.7	0.6	0.980484	
1	1	4	324	600	510	0.85	0.65	0.597243	
1	1	4	325	600	540	0.9	0.7	0.682732	
1	1	4	326	300	168	0.56	0.8	0.38972	
1	1	4	327	300	282	0.94	0.9	0.672266	
1	1	4	328	200	94	0.47	0.3	0.991566	
1	1	4	329	200	114	0.57	0.4	0.230645	
1	1	4	330	400	60	0.15	0.2	0.290195	
1	1	4	331	300	99	0.33	0.2	1.59748	
1	1	4	332	500	160	0.32	0.3	0.755944	
1	1	4	333	600	294	0.49	0.475	1.5152	
1	1	4	334	600	48	0.08	0.1	0.719905	
1	1	4	335	200	190	0.95	0.8	0.751277	
1	1	4	336	500	15	0.03	0.1	0.34756	
1	1	4	337	400	124	0.31	0.2	0.273234	
1	1	4	338	500	305	0.61	0.3	1.06845	
1	1	4	339	500	410	0.82	0.8	0.824446	
1	1	4	340	500	150	0.3	0.3	0.695519	
1	1	4	341	500	400	0.8	0.85	1.18692	
1	1	4	342	200	108	0.54	0.4	1.78763	
1	1	4	343	300	60	0.2	0.2	1.06624	
1	1	4	344	500	185	0.37	0.4	1.25345	
1	1	4	345	400	184	0.46	0.475	3.11467	
1	1	4	346	500	345	0.69	0.7	2.24807	
1	1	4	347	200	8	0.04	0.09	1.41816	
1	1	4	348	600	474	0.79	0.775	0.832983	
1	1	4	349	600	372	0.62	0.675	1.09399	
1	1	4	350	300	192	0.64	0.49	2.41048	
1	1	4	351	200	10	0.05	0.1	6.02677	
1	1	4	352	400	108	0.27	0.3	0.933377	
1	1	4	353	300	267	0.89	0.79	1.1989	
1	1	4	354	200	162	0.81	0.8	1.17753	
1	1	4	355	300	54	0.18	0.25	2.40057	
1	1	4	356	600	426	0.71	0.65	1.12661	
1	1	4	357	400	116	0.29	0.45	2.56146	
1	1	4	358	600	450	0.75	0.459	1.01146	
1	1	4	359	200	20	0.1	0.2	0.688753	
1	1	4	360	400	252	0.63	0.4	1.28406	
1	1	4	361	200	156	0.78	0.6	1.23888	
1	1	4	362	600	210	0.35	0.45	0.693609	
1	1	4	363	600	546	0.91	0.6	0.86894	
1	1	4	364	200	50	0.25	0.25	0.652491	
1	1	4	365	500	265	0.53	0.4	0.921501	
1	1	4	366	500	195	0.39	0.4	0.688852	
1	1	4	367	400	64	0.16	0.3	0.286361	
1	1	4	368	400	308	0.77	0.25	0.373797	
1	1	4	369	500	85	0.17	0.2	0.975057	
1	1	4	370	400	236	0.59	0.6	1.86406	
1	1	4	371	500	260	0.52	0.5	1.25398	
1	1	4	372	200	72	0.36	0.2	1.84423	
1	1	4	373	400	384	0.96	0.89	1.27908	
1	1	4	374	300	3	0.01	0.99	2.15969	
1	1	4	375	400	180	0.45	0.5	1.14393	
1	1	4	376	500	45	0.09	0.25	1.13913	
1	1	4	377	300	249	0.83	0.35	1.58232	
1	1	4	378	200	184	0.92	0.7	1.76292	
1	1	4	379	600	144	0.24	0.3	2.40944	
1	1	4	380	400	352	0.88	0.66	0.861827	
1	1	4	381	600	240	0.4	0.475	1.12511	
1	1	4	382	500	420	0.84	0.6	0.762128	
1	1	4	383	300	132	0.44	0.5	1.11334	
1	1	4	384	500	325	0.65	0.55	1.35464	
1	1	4	385	600	36	0.06	0.1	0.371651	
1	1	4	386	400	192	0.48	0.4	1.49377	
1	1	4	387	500	105	0.21	0.15	0.920647	
1	1	4	388	200	120	0.6	0.45	1.7297	
1	1	4	389	500	140	0.28	0.45	2.32224	
1	1	4	390	400	8	0.02	0.075	1.53892	
1	1	4	391	200	132	0.66	0.5	2.25934	
1	1	4	392	300	150	0.5	0.5	0.769907	
1	1	4	393	200	116	0.58	0.6	0.823166	
1	1	4	394	600	300	0.5	0.7	1.77048	
1	1	4	395	300	129	0.43	0.5	0.777342	
1	1	4	396	300	165	0.55	0.65	0.946543	
1	1	4	397	300	42	0.14	0.19	1.54981	
1	1	4	398	200	38	0.19	0.25	1.12233	
1	1	4	399	500	255	0.51	0.4	1.57254	
1	1	4	400	400	48	0.12	0.35	0.851328	
1	1	5	401	300	144	0.48	0.45	1.21645	
1	1	5	402	300	39	0.13	0.15	3.47215	
1	1	5	403	500	490	0.98	0.9	1.06568	
1	1	5	404	600	504	0.84	0.85	2.92086	
1	1	5	405	200	84	0.42	0.35	2.24635	
1	1	5	406	400	256	0.64	0.7	1.27835	
1	1	5	407	300	267	0.89	0.8	1.92535	
1	1	5	408	300	129	0.43	0.35	1.52107	
1	1	5	409	500	130	0.26	0.3	1.16717	
1	1	5	410	600	516	0.86	0.8	2.48437	
1	1	5	411	600	162	0.27	0.3	1.31018	
1	1	5	412	200	12	0.06	0.1	0.287077	
1	1	5	413	300	186	0.62	0.475	1.46176	
1	1	5	414	300	213	0.71	0.675	2.36031	
1	1	5	415	500	330	0.66	0.75	1.63215	
1	1	5	416	500	350	0.7	0.7	2.26501	
1	1	5	417	400	196	0.49	0.5	1.83507	
1	1	5	418	300	183	0.61	0.7	3.35364	
1	1	5	419	400	200	0.5	0.5	1.24473	
1	1	5	420	200	28	0.14	0.175	2.72328	
1	1	5	421	200	174	0.87	0.9	0.849233	
1	1	5	422	500	340	0.68	0.775	1.84656	
1	1	5	423	600	360	0.6	0.775	2.74449	
1	1	5	424	300	150	0.5	0.6	2.79945	
1	1	5	425	200	130	0.65	0.6	2.31696	
1	1	5	426	300	279	0.93	0.98	2.74321	
1	1	5	427	200	6	0.03	0.1	20.3041	
1	1	5	428	200	126	0.63	0.4	4.04495	
1	1	5	429	600	306	0.51	0.5	0.53811	
1	1	5	430	200	154	0.77	0.77	2.41553	
1	1	5	431	200	34	0.17	0.09	2.3113	
1	1	5	432	300	270	0.9	0.9	2.05598	
1	1	5	433	600	282	0.47	0.55	2.01615	
1	1	5	434	300	54	0.18	0.1	0.30205	
1	1	5	435	400	212	0.53	0.49	1.93662	
1	1	5	436	300	219	0.73	0.8	1.94718	
1	1	5	437	200	166	0.83	0.93	3.83348	
1	1	5	438	300	48	0.16	0.1	0.320904	
1	1	5	439	200	8	0.04	0.055	5.37751	
1	1	5	440	600	570	0.95	0.9	1.40205	
1	1	5	441	300	27	0.09	0.1	3.27402	
1	1	5	442	500	120	0.24	0.25	1.3678	
1	1	5	443	400	300	0.75	0.8	2.09244	
1	1	5	444	400	368	0.92	0.85	1.61304	
1	1	5	445	500	220	0.44	0.45	1.51992	
1	1	5	446	600	348	0.58	0.45	0.780429	
1	1	5	447	600	66	0.11	0.11	0.175474	
1	1	5	448	300	255	0.85	0.885	1.05495	
1	1	5	449	500	105	0.21	0.2	0.353585	
1	1	5	450	300	36	0.12	0.1	0.250181	
1	1	5	451	200	62	0.31	0.3	3.41526	
1	1	5	452	200	70	0.35	0.2	0.856929	
1	1	5	453	400	328	0.82	0.89	0.985723	
1	1	5	454	500	335	0.67	0.7	1.85497	
1	1	5	455	600	192	0.32	0.4	1.16976	
1	1	5	456	600	528	0.88	0.88	2.37066	
1	1	5	457	400	396	0.99	0.9	3.3041	
1	1	5	458	500	110	0.22	0.1	0.297931	
1	1	5	459	600	246	0.41	0.45	2.9287	
1	1	5	460	200	158	0.79	0.8	1.70322	
1	1	5	461	500	455	0.91	0.855	1.21453	
1	1	5	462	500	150	0.3	0.6	0.491643	
1	1	5	463	600	150	0.25	0.3	2.47647	
1	1	5	464	500	470	0.94	0.9	0.984395	
1	1	5	465	500	5	0.01	0.05	4.65526	
1	1	5	466	400	296	0.74	0.8	1.37005	
1	1	5	467	500	380	0.76	0.7	0.657849	
1	1	5	468	600	432	0.72	0.7	0.273088	
1	1	5	469	600	270	0.45	0.49	4.64879	
1	1	5	470	500	260	0.52	0.49	0.921888	
1	1	5	471	400	152	0.38	0.49	1.53068	
1	1	5	472	500	40	0.08	0.2	2.03898	
1	1	5	473	500	170	0.34	0.35	0.927567	
1	1	5	474	400	228	0.57	0.45	0.716345	
1	1	5	475	200	30	0.15	0.1	0.241962	
1	1	5	476	400	112	0.28	0.2	1.2401	
1	1	5	477	500	115	0.23	0.2	0.433113	
1	1	5	478	600	174	0.29	0.2	0.312459	
1	1	5	479	300	117	0.39	0.3	0.694132	
1	1	5	480	400	216	0.54	0.44	0.249705	
1	1	5	481	500	180	0.36	0.4	0.961084	
1	1	5	482	600	12	0.02	0.1	0.272491	
1	1	5	483	300	288	0.96	0.9	0.716621	
1	1	5	484	400	320	0.8	0.855	1.93358	
1	1	5	485	400	80	0.2	0.1	0.900878	
1	1	5	486	300	291	0.97	0.8	0.7981	
1	1	5	487	200	38	0.19	0.1	1.14284	
1	1	5	488	400	40	0.1	0.1	0.306102	
1	1	5	489	600	354	0.59	0.6	1.52757	
1	1	5	490	200	80	0.4	0.2	0.562242	
1	1	5	491	200	110	0.55	0.4	1.74997	
1	1	5	492	200	14	0.07	0.09	0.903748	
1	1	5	493	400	312	0.78	0.775	2.73612	
1	1	5	494	400	132	0.33	0.15	0.78354	
1	1	5	495	600	414	0.69	0.7	1.89827	
1	1	5	496	600	276	0.46	0.45	1.45737	
1	1	5	497	300	168	0.56	0.6	0.782405	
1	1	5	498	400	20	0.05	0.1	1.0377	
1	1	5	499	400	148	0.37	0.4	2.14252	
1	1	5	500	200	162	0.81	0.8	0.841266	
1	1	6	501	500	190	0.38	0.35	1.44849	
1	1	6	502	200	86	0.43	0.4	1.86474	
1	1	6	503	200	144	0.72	0.6	1.1639	
1	1	6	504	500	200	0.4	0.7	1.00115	
1	1	6	505	500	270	0.54	0.6	1.45228	
1	1	6	506	600	588	0.98	0.85	0.847309	
1	1	6	507	400	92	0.23	0.3	1.10867	
1	1	6	508	200	150	0.75	0.65	0.82171	
1	1	6	509	200	34	0.17	0.1	0.235109	
1	1	6	510	200	44	0.22	0.11	0.0912186	
1	1	6	511	300	138	0.46	0.3	0.958824	
1	1	6	512	300	192	0.64	0.55	1.56606	
1	1	6	513	300	291	0.97	0.9	0.612466	
1	1	6	514	400	120	0.3	0.45	1.15405	
1	1	6	515	600	372	0.62	0.75	1.03138	
1	1	6	516	500	470	0.94	0.75	3.19424	
1	1	6	517	500	105	0.21	0.3	0.285478	
1	1	6	518	400	196	0.49	0.49	1.81535	
1	1	6	519	500	20	0.04	0.1	0.769433	
1	1	6	520	300	168	0.56	0.3	0.970794	
1	1	6	521	600	402	0.67	0.7	0.412357	
1	1	6	522	200	102	0.51	0.6	1.3858	
1	1	6	523	500	415	0.83	0.75	1.57697	
1	1	6	524	400	48	0.12	0.2	0.923643	
1	1	6	525	300	234	0.78	0.755	0.901472	
1	1	6	526	200	40	0.2	0.1	0.926416	
1	1	6	527	500	40	0.08	0.15	0.69863	
1	1	6	528	400	396	0.99	0.95	1.81043	
1	1	6	529	600	90	0.15	0.2	1.65002	
1	1	6	530	600	492	0.82	0.8	1.04313	
1	1	6	531	500	435	0.87	0.8	0.642216	
1	1	6	532	200	146	0.73	0.8	0.911606	
1	1	6	533	300	156	0.52	0.6	1.82703	
1	1	6	534	600	330	0.55	0.45	1.21555	
1	1	6	535	200	96	0.48	0.45	1.10668	
1	1	6	536	600	444	0.74	0.455	1.69413	
1	1	6	537	400	336	0.84	0.75	1.23351	
1	1	6	538	400	116	0.29	0.56	3.64041	
1	1	6	539	400	148	0.37	0.35	0.873806	
1	1	6	540	300	30	0.1	0.1	0.809024	
1	1	6	541	500	440	0.88	0.75	0.816315	
1	1	6	542	400	64	0.16	0.2	0.959524	
1	1	6	543	400	344	0.86	0.7	0.394844	
1	1	6	544	300	93	0.31	0.3	2.58256	
1	1	6	545	200	142	0.71	0.665	2.3565	
1	1	6	546	500	465	0.93	0.75	1.3018	
1	1	6	547	600	42	0.07	0.11	2.62447	
1	1	6	548	600	396	0.66	0.7	1.0345	
1	1	6	549	500	165	0.33	0.4	1.63146	
1	1	6	550	600	348	0.58	0.6	0.992504	
1	1	6	551	500	250	0.5	0.5	0.827471	
1	1	6	552	300	231	0.77	0.8	2.30289	
1	1	6	553	200	192	0.96	0.9	0.625434	
1	1	6	554	500	445	0.89	0.8	0.714973	
1	1	6	555	200	88	0.44	0.66	1.95023	
1	1	6	556	200	190	0.95	0.8	0.744663	
1	1	6	557	600	18	0.03	0.15	1.81767	
1	1	6	558	200	182	0.91	0.8	0.768881	
1	1	6	559	300	237	0.79	0.8	0.801967	
1	1	6	560	400	76	0.19	0.2	1.68751	
1	1	6	561	400	164	0.41	0.4	1.44223	
1	1	6	562	500	295	0.59	0.5	2.59315	
1	1	6	563	600	54	0.09	0.1	0.259124	
1	1	6	564	400	100	0.25	0.15	0.749694	
1	1	6	565	500	180	0.36	0.35	1.3248	
1	1	6	566	500	350	0.7	0.6	1.28567	
1	1	6	567	300	207	0.69	0.7	1.08283	
1	1	6	568	500	250	0.5	0.6	2.05199	
1	1	6	569	600	36	0.06	0.25	0.535725	
1	1	6	570	400	320	0.8	0.7	0.723249	
1	1	6	571	600	108	0.18	0.1	0.802279	
1	1	6	572	300	102	0.34	0.3	0.783067	
1	1	6	573	300	228	0.76	0.7	1.09031	
1	1	6	574	200	78	0.39	0.4	1.15149	
1	1	6	575	600	270	0.45	0.5	0.736575	
1	1	6	576	400	8	0.02	0.099	0.661853	
1	1	6	577	200	94	0.47	0.45	1.17529	
1	1	6	578	400	240	0.6	0.65	0.730469	
1	1	6	579	600	342	0.57	0.45	1.9378	
1	1	6	580	200	162	0.81	0.7	0.978398	
1	1	6	581	300	96	0.32	0.4	2.03353	
1	1	6	582	500	315	0.63	0.65	2.32793	
1	1	6	583	500	460	0.92	0.85	2.20895	
1	1	6	584	400	20	0.05	0.9	0.456568	
1	1	6	585	300	81	0.27	0.1	0.2763	
1	1	6	586	600	318	0.53	0.6	1.16487	
1	1	6	587	200	48	0.24	0.11	0.884013	
1	1	6	588	200	2	0.01	0.025	1.01682	
1	1	6	589	600	510	0.85	0.855	1.04387	
1	1	6	590	300	105	0.35	0.35	0.792981	
1	1	6	591	400	260	0.65	0.6	1.09849	
1	1	6	592	600	156	0.26	0.45	0.985651	
1	1	6	593	400	52	0.13	0.2	0.630657	
1	1	6	594	200	22	0.11	0.1	0.286062	
1	1	6	595	400	244	0.61	0.45	1.17737	
1	1	6	596	300	204	0.68	0.7	1.10639	
1	1	6	597	600	252	0.42	0.7	1.06517	
1	1	6	598	300	270	0.9	0.8	0.448218	
1	1	6	599	300	84	0.28	0.45	1.13581	
1	1	6	600	300	42	0.14	0.2	0.283142	
1	1	7	601	300	12	0.04	0.08	1.51008	
1	1	7	602	400	332	0.83	0.85	1.25404	
1	1	7	603	600	174	0.29	0.35	0.999613	
1	1	7	604	200	182	0.91	0.9	0.34077	
1	1	7	605	200	66	0.33	0.3	0.758285	
1	1	7	606	300	21	0.07	0.2	1.06777	
1	1	7	607	400	140	0.35	0.4	0.958891	
1	1	7	608	400	120	0.3	0.4	0.218204	
1	1	7	609	300	15	0.05	0.2	2.23799	
1	1	7	610	400	112	0.28	0.4	1.20844	
1	1	7	611	500	420	0.84	0.7	1.95364	
1	1	7	612	300	285	0.95	0.8	1.22596	
1	1	7	613	300	237	0.79	0.8	0.90128	
1	1	7	614	200	26	0.13	0.11	5.54641	
1	1	7	615	600	336	0.56	0.49	1.18624	
1	1	7	616	600	216	0.36	0.49	1.3093	
1	1	7	617	500	445	0.89	0.9	0.842198	
1	1	7	618	500	400	0.8	0.8	0.873642	
1	1	7	619	500	15	0.03	0.1	1.02498	
1	1	7	620	400	256	0.64	0.3	0.840294	
1	1	7	621	300	132	0.44	0.6	1.09357	
1	1	7	622	600	414	0.69	0.6	0.798941	
1	1	7	623	400	296	0.74	0.65	1.02848	
1	1	7	624	200	142	0.71	0.7	0.721333	
1	1	7	625	300	141	0.47	0.5	1.8007	
1	1	7	626	200	174	0.87	0.8	1.05353	
1	1	7	627	500	90	0.18	0.8	6.96825	
1	1	7	628	400	156	0.39	0.33	1.92909	
1	1	7	629	600	222	0.37	0.4	0.839661	
1	1	7	630	500	115	0.23	0.35	1.00493	
1	1	7	631	200	102	0.51	0.45	1.63488	
1	1	7	632	400	252	0.63	0.6	1.05746	
1	1	7	633	600	420	0.7	0.6	0.864811	
1	1	7	634	600	372	0.62	0.6	0.425937	
1	1	7	635	200	38	0.19	0.1	0.973717	
1	1	7	636	300	138	0.46	0.3	1.93262	
1	1	7	637	500	295	0.59	0.5	1.27143	
1	1	7	638	400	200	0.5	0.5	0.258501	
1	1	7	639	500	205	0.41	0.4	1.07211	
1	1	7	640	200	12	0.06	0.15	1.49352	
1	1	7	641	400	124	0.31	0.2	0.953311	
1	1	7	642	200	162	0.81	0.7	1.35457	
1	1	7	643	400	100	0.25	0.3	1.08945	
1	1	7	644	500	385	0.77	0.65	1.84455	
1	1	7	645	500	40	0.08	0.1	0.752734	
1	1	7	646	300	198	0.66	0.8	1.77127	
1	1	7	647	500	495	0.99	0.95	2.83798	
1	1	7	648	300	219	0.73	0.9	0.513566	
1	1	7	649	600	300	0.5	0.4	0.897218	
1	1	7	650	600	552	0.92	0.8	0.840324	
1	1	7	651	200	24	0.12	0.1	0.775859	
1	1	7	652	400	388	0.97	0.8	1.18382	
1	1	7	653	400	36	0.09	0.2	0.983961	
1	1	7	654	300	234	0.78	0.7	0.955814	
1	1	7	655	500	430	0.86	0.7	1.77723	
1	1	7	656	600	360	0.6	0.5	0.613601	
1	1	7	657	300	63	0.21	0.25	1.31932	
1	1	7	658	400	372	0.93	0.8	2.6066	
1	1	7	659	200	68	0.34	0.3	1.68249	
1	1	7	660	600	510	0.85	0.65	1.95344	
1	1	7	661	600	90	0.15	0.25	0.925519	
1	1	7	662	500	190	0.38	0.35	1.01612	
1	1	7	663	300	270	0.9	0.85	1.57498	
1	1	7	664	200	98	0.49	0.4	0.977778	
1	1	7	665	300	126	0.42	0.45	1.62488	
1	1	7	666	600	132	0.22	0.3	1.5578	
1	1	7	667	600	492	0.82	0.9	1.17625	
1	1	7	668	400	272	0.68	0.65	1.64965	
1	1	7	669	400	352	0.88	0.9	3.26632	
1	1	7	670	200	108	0.54	0.6	0.931859	
1	1	7	671	200	96	0.48	0.4	0.887163	
1	1	7	672	200	20	0.1	0.1	0.322653	
1	1	7	673	600	6	0.01	0.075	2.25924	
1	1	7	674	500	70	0.14	0.2	1.60747	
1	1	7	675	400	376	0.94	0.9	1.19411	
1	1	7	676	600	432	0.72	0.5	1.11722	
1	1	7	677	300	78	0.26	0.4	4.37845	
1	1	7	678	400	220	0.55	0.5	0.647284	
1	1	7	679	200	106	0.53	0.6	0.862756	
1	1	7	680	500	325	0.65	0.7	2.12629	
1	1	7	681	600	258	0.43	0.5	1.01827	
1	1	7	682	500	55	0.11	0.25	0.677342	
1	1	7	683	300	72	0.24	0.15	2.25531	
1	1	7	684	500	225	0.45	0.33	1.52256	
1	1	7	685	400	392	0.98	0.9	0.666737	
1	1	7	686	300	156	0.52	0.7	1.67784	
1	1	7	687	500	85	0.17	0.2	1.41881	
1	1	7	688	500	375	0.75	0.855	1.57941	
1	1	7	689	600	402	0.67	0.6	2.12749	
1	1	7	690	300	96	0.32	0.2	1.3933	
1	1	7	691	300	120	0.4	0.4	1.07192	
1	1	7	692	200	32	0.16	0.15	0.411018	
1	1	7	693	300	81	0.27	0.2	0.313917	
1	1	7	694	200	114	0.57	0.5	1.00438	
1	1	7	695	600	120	0.2	0.4	0.775246	
1	1	7	696	500	290	0.58	0.5	0.736652	
1	1	7	697	200	192	0.96	0.9	1.292	
1	1	7	698	600	456	0.76	0.7	1.25494	
1	1	7	699	400	244	0.61	0.6	3.20769	
1	1	7	700	200	4	0.02	0.04	2.86527	
1	1	8	701	300	279	0.93	0.9	1.59152	
1	1	8	702	200	24	0.12	0.1	0.357703	
1	1	8	703	300	60	0.2	0.1	0.441957	
1	1	8	704	500	460	0.92	0.9	0.435678	
1	1	8	705	400	172	0.43	0.05	0.902595	
1	1	8	706	500	90	0.18	0.25	1.8018	
1	1	8	707	300	162	0.54	0.4	4.85807	
1	1	8	708	600	84	0.14	0.65	5.38685	
1	1	8	709	500	45	0.09	0.35	2.15452	
1	1	8	710	600	300	0.5	0.5	2.6092	
1	1	8	711	300	15	0.05	0.09	1.19742	
1	1	8	712	500	10	0.02	0.09	0.568461	
1	1	8	713	400	376	0.94	0.9	1.30215	
1	1	8	714	600	264	0.44	0.5	0.576801	
1	1	8	715	500	40	0.08	0.15	0.632302	
1	1	8	716	600	576	0.96	0.9	0.992802	
1	1	8	717	500	65	0.13	0.2	2.58984	
1	1	8	718	600	504	0.84	0.6	1.39798	
1	1	8	719	400	156	0.39	0.45	0.656291	
1	1	8	720	600	162	0.27	0.45	1.80571	
1	1	8	721	200	172	0.86	0.8	1.95606	
1	1	8	722	400	348	0.87	0.75	0.834796	
1	1	8	723	300	57	0.19	0.2	1.40575	
1	1	8	724	200	56	0.28	0.3	1.93061	
1	1	8	725	200	96	0.48	0.4	4.66539	
1	1	8	726	200	120	0.6	0.6	1.02224	
1	1	8	727	400	168	0.42	0.6	1.13237	
1	1	8	728	400	4	0.01	0.05	0.577628	
1	1	8	729	600	456	0.76	0.7	2.44113	
1	1	8	730	600	306	0.51	0.5	1.13769	
1	1	8	731	300	138	0.46	0.4	2.15652	
1	1	8	732	200	30	0.15	0.1	1.31161	
1	1	8	733	200	82	0.41	0.3	1.07451	
1	1	8	734	600	402	0.67	0.8	0.931623	
1	1	8	735	400	272	0.68	0.8	0.386902	
1	1	8	736	600	24	0.04	0.15	1.70233	
1	1	8	737	400	40	0.1	0.15	0.562704	
1	1	8	738	500	285	0.57	0.6	2.7206	
1	1	8	739	400	308	0.77	0.7	1.08757	
1	1	8	740	400	288	0.72	0.665	1.95353	
1	1	8	741	300	120	0.4	0.3	1.62648	
1	1	8	742	300	18	0.06	0.1	0.905175	
1	1	8	743	600	438	0.73	0.7	0.89648	
1	1	8	744	600	126	0.21	0.35	0.907834	
1	1	8	745	200	140	0.7	0.45	2.91299	
1	1	8	746	400	300	0.75	0.8	1.05703	
1	1	8	747	200	98	0.49	0.4	1.41609	
1	1	8	748	500	125	0.25	0.4	0.88121	
1	1	8	749	400	232	0.58	0.5	1.04034	
1	1	8	750	200	100	0.5	0.45	0.977638	
1	1	8	751	500	275	0.55	0.4	0.763119	
1	1	8	752	600	210	0.35	0.4	1.19053	
1	1	8	753	200	60	0.3	0.3	0.981446	
1	1	8	754	500	265	0.53	0.7	1.18443	
1	1	8	755	200	126	0.63	0.7	1.02767	
1	1	8	756	500	390	0.78	0.6	0.737422	
1	1	8	757	400	92	0.23	0.11	0.250992	
1	1	8	758	500	185	0.37	0.2	0.85824	
1	1	8	759	200	94	0.47	0.45	1.39145	
1	1	8	760	500	85	0.17	0.2	1.13125	
1	1	8	761	200	160	0.8	0.8	0.506365	
1	1	8	762	600	486	0.81	0.75	0.747995	
1	1	8	763	300	264	0.88	0.8	0.835172	
1	1	8	764	200	142	0.71	0.8	2.1842	
1	1	8	765	400	332	0.83	0.8	0.928678	
1	1	8	766	300	108	0.36	0.44	0.948621	
1	1	8	767	600	66	0.11	0.2	0.00299499	
1	1	8	768	600	204	0.34	0.4	0.826223	
1	1	8	769	600	354	0.59	0.5	0.76557	
1	1	8	770	300	66	0.22	0.2	1.8008	
1	1	8	771	200	76	0.38	0.1	1.32973	
1	1	8	772	500	80	0.16	0.1	0.392648	
1	1	8	773	300	237	0.79	0.8	1.89774	
1	1	8	774	200	130	0.65	0.8	0.7224	
1	1	8	775	500	425	0.85	0.9	3.09561	
1	1	8	776	400	328	0.82	0.85	0.865111	
1	1	8	777	400	116	0.29	0.3	1.43655	
1	1	8	778	500	345	0.69	0.6	0.783349	
1	1	8	779	300	78	0.26	0.3	0.922854	
1	1	8	780	500	370	0.74	0.6	1.34797	
1	1	8	781	300	267	0.89	0.7	1.5351	
1	1	8	782	500	455	0.91	0.8	1.20318	
1	1	8	783	300	96	0.32	0.3	0.852312	
1	1	8	784	400	180	0.45	0.45	0.773394	
1	1	8	785	300	93	0.31	0.4	0.933066	
1	1	8	786	200	112	0.56	0.6	1.88233	
1	1	8	787	500	310	0.62	0.7	0.722691	
1	1	8	788	600	540	0.9	0.8	0.812269	
1	1	8	789	400	12	0.03	0.955	1.36929	
1	1	8	790	400	132	0.33	0.35	2.63022	
1	1	8	791	300	72	0.24	0.25	2.13366	
1	1	8	792	200	132	0.66	0.8	0.763702	
1	1	8	793	600	312	0.52	0.7	1.36528	
1	1	8	794	300	291	0.97	0.95	1.93956	
1	1	8	795	600	588	0.98	0.95	0.916113	
1	1	8	796	400	396	0.99	0.975	1.06664	
1	1	8	797	200	122	0.61	0.6	0.823817	
1	1	8	798	300	285	0.95	0.89	1.23128	
1	1	8	799	300	192	0.64	0.6	1.65628	
1	1	8	800	500	35	0.07	0.11	1.44109	
