Subject#	Target_color	Block#	Trial#	Numerosity	N_target	P_true	P_reported	RT	
2	2	1	1	400	316	0.79	0.87	3.24672	
2	2	1	2	300	30	0.1	0.21	2.70335	
2	2	1	3	600	414	0.69	0.79	1.37063	
2	2	1	4	200	156	0.78	0.74	9.52024	
2	2	1	5	200	68	0.34	0.43	5.77968	
2	2	1	6	300	141	0.47	0.28	2.09652	
2	2	1	7	300	48	0.16	0.18	1.82682	
2	2	1	8	300	276	0.92	0.87	1.67219	
2	2	1	9	400	156	0.39	0.54	2.83184	
2	2	1	10	300	186	0.62	0.86	1.46262	
2	2	1	11	500	380	0.76	0.89	1.1371	
2	2	1	12	600	546	0.91	0.95	1.7662	
2	2	1	13	500	370	0.74	0.9	3.40774	
2	2	1	14	400	104	0.26	0.36	1.61245	
2	2	1	15	400	36	0.09	0.1	1.03411	
2	2	1	16	500	95	0.19	0.15	1.07608	
2	2	1	17	500	350	0.7	0.5	3.35168	
2	2	1	18	400	152	0.38	0.5	3.49837	
2	2	1	19	500	255	0.51	0.67	2.76515	
2	2	1	20	300	39	0.13	0.12	1.74645	
2	2	1	21	300	285	0.95	0.99	1.15007	
2	2	1	22	600	360	0.6	0.6	1.47277	
2	2	1	23	200	168	0.84	0.95	3.32294	
2	2	1	24	600	576	0.96	0.999	2.36376	
2	2	1	25	500	270	0.54	0.7	1.19247	
2	2	1	26	500	220	0.44	0.55	1.35333	
2	2	1	27	200	40	0.2	0.3	1.52938	
2	2	1	28	600	396	0.66	0.68	5.11723	
2	2	1	29	200	130	0.65	0.64	2.63299	
2	2	1	30	300	240	0.8	0.89	1.40027	
2	2	1	31	600	102	0.17	0.3	1.25651	
2	2	1	32	400	132	0.33	0.27	3.75473	
2	2	1	33	500	200	0.4	0.4	3.78549	
2	2	1	34	200	194	0.97	0.999	1.07214	
2	2	1	35	400	116	0.29	0.32	1.45437	
2	2	1	36	300	135	0.45	0.5	0.865706	
2	2	1	37	500	135	0.27	0.4	1.3633	
2	2	1	38	300	264	0.88	0.99	1.84562	
2	2	1	39	400	124	0.31	0.35	5.01014	
2	2	1	40	400	252	0.63	0.6	1.32625	
2	2	1	41	500	265	0.53	0.8	2.9164	
2	2	1	42	200	164	0.82	0.7	1.19367	
2	2	1	43	500	160	0.32	0.28	2.1799	
2	2	1	44	600	348	0.58	0.5	1.04966	
2	2	1	45	300	150	0.5	0.5	1.0683	
2	2	1	46	300	144	0.48	0.5	1.07122	
2	2	1	47	500	425	0.85	0.9	1.60376	
2	2	1	48	600	168	0.28	0.2	1.74622	
2	2	1	49	400	200	0.5	0.5	3.02637	
2	2	1	50	200	12	0.06	0.05	4.08182	
2	2	1	51	300	36	0.12	0.1	3.64452	
2	2	1	52	200	172	0.86	0.94	2.57137	
2	2	1	53	600	210	0.35	0.4	1.6582	
2	2	1	54	300	123	0.41	0.5	1.13239	
2	2	1	55	500	15	0.03	0.1	1.71119	
2	2	1	56	500	40	0.08	0.05	1.68276	
2	2	1	57	600	258	0.43	0.5	1.04925	
2	2	1	58	600	408	0.68	0.8	1.12297	
2	2	1	59	200	162	0.81	0.8	1.36729	
2	2	1	60	600	402	0.67	0.75	1.73937	
2	2	1	61	600	564	0.94	0.95	1.10124	
2	2	1	62	200	36	0.18	0.2	1.55214	
2	2	1	63	600	594	0.99	0.99	1.10482	
2	2	1	64	600	522	0.87	0.8	4.50537	
2	2	1	65	600	498	0.83	0.8	1.17204	
2	2	1	66	400	120	0.3	0.35	1.21192	
2	2	1	67	200	50	0.25	0.3	1.91686	
2	2	1	68	400	244	0.61	0.6	1.32053	
2	2	1	69	300	6	0.02	0.05	1.47478	
2	2	1	70	600	84	0.14	0.1	1.24336	
2	2	1	71	500	55	0.11	0.1	0.791846	
2	2	1	72	200	142	0.71	0.5	3.67636	
2	2	1	73	300	225	0.75	0.7	3.91633	
2	2	1	74	300	12	0.04	0.05	1.21903	
2	2	1	75	400	196	0.49	0.555	1.0176	
2	2	1	76	300	171	0.57	0.555	1.15324	
2	2	1	77	200	10	0.05	0.05	2.2757	
2	2	1	78	200	2	0.01	0.01	1.00588	
2	2	1	79	500	35	0.07	0.15	1.28269	
2	2	1	80	400	92	0.23	0.25	0.611063	
2	2	1	81	200	128	0.64	0.75	2.12991	
2	2	1	82	400	208	0.52	0.5	0.915759	
2	2	1	83	200	74	0.37	0.5	2.33335	
2	2	1	84	500	275	0.55	0.6	0.899333	
2	2	1	85	600	432	0.72	0.75	2.86568	
2	2	1	86	200	112	0.56	0.5	2.73471	
2	2	1	87	600	540	0.9	0.8	2.976	
2	2	1	88	500	180	0.36	0.4	1.25137	
2	2	1	89	300	219	0.73	0.8	1.37985	
2	2	1	90	400	96	0.24	0.25	2.93394	
2	2	1	91	200	30	0.15	0.3	5.41359	
2	2	1	92	400	88	0.22	0.3	2.17797	
2	2	1	93	500	295	0.59	0.55	1.06312	
2	2	1	94	400	392	0.98	0.09	1.58569	
2	2	1	95	600	558	0.93	0.1	1.02833	
2	2	1	96	400	84	0.21	0.3	3.57675	
2	2	1	97	500	210	0.42	0.5	2.22947	
2	2	1	98	200	92	0.46	0.5	0.720227	
2	2	1	99	400	308	0.77	0.76	2.82093	
2	2	1	100	300	267	0.89	0.9	2.70458	
2	2	2	101	300	210	0.7	0.75	1.85709	
2	2	2	102	200	112	0.56	0.6	2.2438	
2	2	2	103	200	80	0.4	0.4	1.24999	
2	2	2	104	400	104	0.26	0.3	1.48278	
2	2	2	105	300	45	0.15	0.2	1.01108	
2	2	2	106	400	248	0.62	0.65	1.37996	
2	2	2	107	400	132	0.33	0.033	2.05404	
2	2	2	108	400	4	0.01	0.05	6.3974	
2	2	2	109	500	110	0.22	0.24	2.55464	
2	2	2	110	500	210	0.42	0.5	1.76598	
2	2	2	111	400	328	0.82	0.8	1.68826	
2	2	2	112	300	207	0.69	0.8	4.0174	
2	2	2	113	400	388	0.97	0.95	0.950107	
2	2	2	114	500	235	0.47	0.5	0.376129	
2	2	2	115	200	34	0.17	0.2	2.28876	
2	2	2	116	600	510	0.85	0.7	1.80193	
2	2	2	117	600	180	0.3	0.3	2.75328	
2	2	2	118	300	276	0.92	0.85	2.66689	
2	2	2	119	200	62	0.31	0.35	4.13801	
2	2	2	120	600	258	0.43	0.4	1.59047	
2	2	2	121	600	534	0.89	0.75	1.51458	
2	2	2	122	300	237	0.79	0.8	2.49268	
2	2	2	123	300	177	0.59	0.6	2.71413	
2	2	2	124	600	558	0.93	0.9	2.55762	
2	2	2	125	500	30	0.06	0.17	1.86054	
2	2	2	126	200	162	0.81	0.7	2.28045	
2	2	2	127	200	90	0.45	0.5	0.844194	
2	2	2	128	600	378	0.63	0.6	1.08111	
2	2	2	129	200	190	0.95	0.98	1.20388	
2	2	2	130	200	8	0.04	0.05	4.31803	
2	2	2	131	400	240	0.6	0.5	1.60842	
2	2	2	132	500	120	0.24	0.2	2.59269	
2	2	2	133	300	102	0.34	0.5	3.15647	
2	2	2	134	200	96	0.48	0.5	1.06533	
2	2	2	135	400	228	0.57	0.5	0.556039	
2	2	2	136	600	408	0.68	0.5	1.20649	
2	2	2	137	300	174	0.58	0.6	1.89318	
2	2	2	138	500	325	0.65	0.65	1.55123	
2	2	2	139	200	188	0.94	0.9	1.15363	
2	2	2	140	500	450	0.9	0.8	1.17732	
2	2	2	141	500	190	0.38	0.5	2.17014	
2	2	2	142	400	208	0.52	0.5	1.60011	
2	2	2	143	300	288	0.96	0.95	1.36452	
2	2	2	144	600	138	0.23	0.2	2.24098	
2	2	2	145	600	528	0.88	0.8	2.46789	
2	2	2	146	200	128	0.64	0.5	1.66352	
2	2	2	147	300	81	0.27	0.3	1.32201	
2	2	2	148	200	102	0.51	0.7	1.55405	
2	2	2	149	500	305	0.61	0.5	0.792283	
2	2	2	150	300	198	0.66	0.6	0.804993	
2	2	2	151	500	385	0.77	0.7	1.76778	
2	2	2	152	200	110	0.55	0.5	1.06599	
2	2	2	153	300	54	0.18	0.2	1.70373	
2	2	2	154	600	222	0.37	0.4	0.417991	
2	2	2	155	200	20	0.1	0.1	0.585234	
2	2	2	156	300	108	0.36	0.25	1.41641	
2	2	2	157	500	95	0.19	0.3	0.473021	
2	2	2	158	300	201	0.67	0.7	0.383855	
2	2	2	159	300	258	0.86	0.8	3.8745	
2	2	2	160	200	70	0.35	0.3	1.88534	
2	2	2	161	500	420	0.84	0.8	0.650977	
2	2	2	162	500	25	0.05	0.1	1.58791	
2	2	2	163	600	12	0.02	0.1	1.00246	
2	2	2	164	200	26	0.13	0.2	0.539273	
2	2	2	165	300	63	0.21	0.3	0.844181	
2	2	2	166	500	390	0.78	0.7	2.74713	
2	2	2	167	400	156	0.39	0.5	1.13056	
2	2	2	168	400	44	0.11	0.25	3.43287	
2	2	2	169	200	82	0.41	0.5	0.832811	
2	2	2	170	400	296	0.74	0.75	1.35149	
2	2	2	171	400	212	0.53	0.6	1.06029	
2	2	2	172	600	96	0.16	0.35	1.6732	
2	2	2	173	400	28	0.07	0.19	1.79945	
2	2	2	174	500	145	0.29	0.35	0.781414	
2	2	2	175	400	284	0.71	0.8	1.73244	
2	2	2	176	600	294	0.49	0.5	0.970681	
2	2	2	177	600	432	0.72	0.7	0.959843	
2	2	2	178	500	125	0.25	0.25	1.4062	
2	2	2	179	500	70	0.14	0.15	1.23883	
2	2	2	180	600	192	0.32	0.4	0.953506	
2	2	2	181	300	225	0.75	0.7	1.40631	
2	2	2	182	500	45	0.09	0.1	2.15683	
2	2	2	183	200	198	0.99	0.999	1.12496	
2	2	2	184	200	196	0.98	0.999	0.936467	
2	2	2	185	500	415	0.83	0.8	0.960915	
2	2	2	186	600	522	0.87	0.75	0.919721	
2	2	2	187	400	80	0.2	0.3	1.08243	
2	2	2	188	400	12	0.03	0.15	1.04141	
2	2	2	189	400	112	0.28	0.35	1.18583	
2	2	2	190	300	132	0.44	0.4	1.06051	
2	2	2	191	500	60	0.12	0.3	0.881209	
2	2	2	192	600	276	0.46	0.5	0.615879	
2	2	2	193	600	300	0.5	0.5	0.772742	
2	2	2	194	300	240	0.8	0.5	1.84461	
2	2	2	195	300	162	0.54	0.5	0.0871733	
2	2	2	196	600	546	0.91	0.85	2.23623	
2	2	2	197	600	300	0.5	0.5	0.915777	
2	2	2	198	400	292	0.73	0.7	0.768735	
2	2	2	199	200	152	0.76	0.7	1.93915	
2	2	2	200	400	32	0.08	0.2	1.01069	
2	2	3	201	200	172	0.86	0.3	2.77401	
2	2	3	202	400	324	0.81	0.7	2.21878	
2	2	3	203	200	192	0.96	0.9	1.20998	
2	2	3	204	400	40	0.1	0.3	0.922369	
2	2	3	205	600	6	0.01	0.1	0.625445	
2	2	3	206	300	72	0.24	0.4	2.22409	
2	2	3	207	400	196	0.49	0.5	0.379867	
2	2	3	208	400	52	0.13	0.2	1.19915	
2	2	3	209	200	178	0.89	0.85	2.81989	
2	2	3	210	500	310	0.62	0.7	1.39873	
2	2	3	211	200	114	0.57	0.5	0.649201	
2	2	3	212	400	104	0.26	0.3	3.48838	
2	2	3	213	500	400	0.8	0.8	0.948806	
2	2	3	214	200	134	0.67	0.7	0.801921	
2	2	3	215	200	154	0.77	0.7	0.620751	
2	2	3	216	200	116	0.58	0.6	1.40128	
2	2	3	217	600	300	0.5	0.5	0.675828	
2	2	3	218	200	38	0.19	0.1	1.00108	
2	2	3	219	500	45	0.09	0.1	1.28776	
2	2	3	220	200	94	0.47	0.5	1.01261	
2	2	3	221	300	90	0.3	0.4	1.26521	
2	2	3	222	200	142	0.71	0.67	2.17995	
2	2	3	223	400	32	0.08	0.2	2.32634	
2	2	3	224	400	164	0.41	0.45	3.4361	
2	2	3	225	500	160	0.32	0.45	0.661566	
2	2	3	226	600	468	0.78	0.7	0.960615	
2	2	3	227	400	84	0.21	0.3	1.03513	
2	2	3	228	200	184	0.92	0.8	6.1778	
2	2	3	229	500	375	0.75	0.75	1.66535	
2	2	3	230	200	132	0.66	0.65	0.875946	
2	2	3	231	500	135	0.27	0.3	1.81455	
2	2	3	232	600	582	0.97	0.9	0.450934	
2	2	3	233	300	54	0.18	0.2	1.31198	
2	2	3	234	600	228	0.38	0.5	1.3705	
2	2	3	235	600	408	0.68	0.7	0.832019	
2	2	3	236	600	72	0.12	0.2	0.838922	
2	2	3	237	600	90	0.15	0.2	0.537252	
2	2	3	238	500	110	0.22	0.25	0.736528	
2	2	3	239	300	18	0.06	0.1	1.54694	
2	2	3	240	500	155	0.31	0.4	0.611437	
2	2	3	241	400	12	0.03	0.15	0.944277	
2	2	3	242	300	261	0.87	0.8	0.364878	
2	2	3	243	600	384	0.64	0.68	0.484189	
2	2	3	244	400	80	0.2	0.21	1.27497	
2	2	3	245	500	420	0.84	0.85	3.73346	
2	2	3	246	400	216	0.54	0.6	0.82014	
2	2	3	247	200	106	0.53	0.6	0.868514	
2	2	3	248	200	74	0.37	0.4	0.293525	
2	2	3	249	200	158	0.79	0.7	2.5807	
2	2	3	250	300	207	0.69	0.6	1.80615	
2	2	3	251	300	135	0.45	0.5	0.798447	
2	2	3	252	600	168	0.28	0.3	0.92541	
2	2	3	253	300	210	0.7	0.7	0.682217	
2	2	3	254	500	80	0.16	0.2	0.6672	
2	2	3	255	400	332	0.83	0.18	0.624201	
2	2	3	256	300	228	0.76	0.15	1.47475	
2	2	3	257	300	183	0.61	0.6	0.88115	
2	2	3	258	400	160	0.4	0.5	0.716098	
2	2	3	259	400	100	0.25	0.4	0.651176	
2	2	3	260	500	55	0.11	0.25	0.768109	
2	2	3	261	400	360	0.9	0.8	0.509419	
2	2	3	262	500	255	0.51	0.5	0.916172	
2	2	3	263	200	4	0.02	0.05	2.45133	
2	2	3	264	300	129	0.43	0.4	0.99124	
2	2	3	265	600	432	0.72	0.75	0.409646	
2	2	3	266	500	195	0.39	0.4	1.17024	
2	2	3	267	500	260	0.52	0.5	0.364666	
2	2	3	268	600	336	0.56	0.6	0.993766	
2	2	3	269	400	136	0.34	0.4	0.256417	
2	2	3	270	300	165	0.55	0.6	0.741832	
2	2	3	271	600	378	0.63	0.7	2.30657	
2	2	3	272	500	465	0.93	0.85	0.956113	
2	2	3	273	500	85	0.17	0.3	0.720945	
2	2	3	274	300	144	0.48	0.5	0.890086	
2	2	3	275	400	396	0.99	0.95	1.05698	
2	2	3	276	600	138	0.23	0.3	1.35662	
2	2	3	277	600	198	0.33	0.4	1.15943	
2	2	3	278	600	210	0.35	0.4	0.578394	
2	2	3	279	600	84	0.14	0.3	2.78942	
2	2	3	280	500	470	0.94	0.86	2.93559	
2	2	3	281	300	255	0.85	0.85	1.02109	
2	2	3	282	600	546	0.91	0.8	0.663977	
2	2	3	283	200	148	0.74	0.6	0.859675	
2	2	3	284	400	260	0.65	0.65	0.97069	
2	2	3	285	600	354	0.59	0.5	0.553593	
2	2	3	286	500	20	0.04	0.1	1.79855	
2	2	3	287	300	87	0.29	0.4	1.12876	
2	2	3	288	400	328	0.82	0.7	0.623	
2	2	3	289	200	14	0.07	0.15	0.881966	
2	2	3	290	200	196	0.98	0.999	0.777407	
2	2	3	291	600	300	0.5	0.5	0.730978	
2	2	3	292	300	132	0.44	0.45	0.830023	
2	2	3	293	300	15	0.05	0.1	0.885283	
2	2	3	294	500	440	0.88	0.85	0.522277	
2	2	3	295	300	219	0.73	0.76	2.46393	
2	2	3	296	300	108	0.36	0.48	2.45484	
2	2	3	297	500	210	0.42	0.5	0.196141	
2	2	3	298	400	240	0.6	0.6	0.609654	
2	2	3	299	300	138	0.46	0.5	0.806487	
2	2	3	300	200	190	0.95	0.9	1.03561	
2	2	4	301	300	54	0.18	0.3	1.25987	
2	2	4	302	300	219	0.73	0.65	1.3707	
2	2	4	303	600	36	0.06	0.2	0.825183	
2	2	4	304	400	160	0.4	0.5	1.58802	
2	2	4	305	500	10	0.02	0.1	1.05251	
2	2	4	306	600	114	0.19	0.3	1.08322	
2	2	4	307	400	4	0.01	0.05	1.76188	
2	2	4	308	500	380	0.76	0.7	1.54227	
2	2	4	309	300	45	0.15	0.2	1.89291	
2	2	4	310	600	564	0.94	0.85	2.34693	
2	2	4	311	300	99	0.33	0.35	2.36418	
2	2	4	312	300	12	0.04	0.1	0.840406	
2	2	4	313	500	225	0.45	0.6	0.70144	
2	2	4	314	600	126	0.21	0.35	0.700205	
2	2	4	315	300	267	0.89	0.8	1.63725	
2	2	4	316	300	75	0.25	0.5	3.92561	
2	2	4	317	600	384	0.64	0.6	0.424718	
2	2	4	318	400	112	0.28	0.4	0.159826	
2	2	4	319	400	196	0.49	0.5	0.693532	
2	2	4	320	200	144	0.72	0.65	3.00271	
2	2	4	321	300	39	0.13	0.2	1.07805	
2	2	4	322	200	198	0.99	0.99	1.16522	
2	2	4	323	400	104	0.26	0.4	1.41138	
2	2	4	324	400	380	0.95	0.9	0.828078	
2	2	4	325	300	48	0.16	0.2	1.86155	
2	2	4	326	400	44	0.11	0.25	0.757912	
2	2	4	327	500	410	0.82	0.8	1.90505	
2	2	4	328	400	120	0.3	0.4	2.24135	
2	2	4	329	500	70	0.14	0.3	1.07559	
2	2	4	330	500	300	0.6	0.7	0.862415	
2	2	4	331	600	504	0.84	0.8	1.35739	
2	2	4	332	200	176	0.88	0.8	0.761628	
2	2	4	333	200	16	0.08	0.17	0.91859	
2	2	4	334	200	170	0.85	0.85	3.21139	
2	2	4	335	500	275	0.55	0.5	0.676082	
2	2	4	336	600	288	0.48	0.5	0.0809361	
2	2	4	337	600	468	0.78	0.75	2.69644	
2	2	4	338	400	388	0.97	0.9	0.560298	
2	2	4	339	600	144	0.24	0.3	0.561398	
2	2	4	340	200	10	0.05	0.1	1.49675	
2	2	4	341	200	84	0.42	0.5	1.341	
2	2	4	342	500	115	0.23	0.35	1.94349	
2	2	4	343	500	460	0.92	0.85	1.10356	
2	2	4	344	300	159	0.53	0.5	0.37523	
2	2	4	345	300	273	0.91	0.85	1.00463	
2	2	4	346	500	450	0.9	0.7	1.42812	
2	2	4	347	200	130	0.65	0.6	1.08411	
2	2	4	348	600	522	0.87	0.7	0.722831	
2	2	4	349	600	408	0.68	0.6	1.62604	
2	2	4	350	200	134	0.67	0.6	0.604151	
2	2	4	351	300	30	0.1	0.2	0.999354	
2	2	4	352	400	200	0.5	0.4	1.3306	
2	2	4	353	200	118	0.59	0.5	1.02902	
2	2	4	354	600	498	0.83	0.7	1.71135	
2	2	4	355	300	171	0.57	0.5	0.749456	
2	2	4	356	200	126	0.63	0.65	1.25849	
2	2	4	357	200	6	0.03	0.1	0.826948	
2	2	4	358	500	490	0.98	0.95	0.448122	
2	2	4	359	400	136	0.34	0.4	0.771191	
2	2	4	360	400	296	0.74	0.65	3.20026	
2	2	4	361	500	145	0.29	0.3	0.779481	
2	2	4	362	300	108	0.36	0.4	0.798695	
2	2	4	363	300	243	0.81	0.7	0.751484	
2	2	4	364	400	36	0.09	0.2	0.999902	
2	2	4	365	500	355	0.71	0.7	3.72072	
2	2	4	366	500	190	0.38	0.5	2.52433	
2	2	4	367	400	124	0.31	0.37	1.43382	
2	2	4	368	300	168	0.56	0.6	0.898971	
2	2	4	369	400	172	0.43	0.5	1.00997	
2	2	4	370	200	104	0.52	0.55	0.924923	
2	2	4	371	600	396	0.66	0.65	0.727955	
2	2	4	372	500	135	0.27	0.35	0.922915	
2	2	4	373	200	124	0.62	0.5	0.697697	
2	2	4	374	400	88	0.22	0.35	2.59665	
2	2	4	375	600	72	0.12	0.3	1.15862	
2	2	4	376	600	414	0.69	0.8	0.655636	
2	2	4	377	600	246	0.41	0.44	0.88104	
2	2	4	378	400	372	0.93	0.86	1.22391	
2	2	4	379	200	158	0.79	0.85	0.8283	
2	2	4	380	400	80	0.2	0.3	3.98462	
2	2	4	381	200	154	0.77	0.7	1.33176	
2	2	4	382	600	192	0.32	0.338	1.55008	
2	2	4	383	300	138	0.46	0.4	3.10962	
2	2	4	384	300	258	0.86	0.8	0.597962	
2	2	4	385	300	51	0.17	0.2	0.832618	
2	2	4	386	600	306	0.51	0.6	0.525537	
2	2	4	387	500	375	0.75	0.7	1.64207	
2	2	4	388	600	420	0.7	0.7	1.24264	
2	2	4	389	400	244	0.61	0.5	0.709114	
2	2	4	390	500	480	0.96	0.9	2.62608	
2	2	4	391	200	116	0.58	0.6	1.45899	
2	2	4	392	300	141	0.47	0.5	0.703314	
2	2	4	393	500	220	0.44	0.5	0.852096	
2	2	4	394	400	156	0.39	0.4	0.524992	
2	2	4	395	200	70	0.35	0.4	0.762279	
2	2	4	396	500	250	0.5	0.5	0.0592888	
2	2	4	397	500	185	0.37	0.5	0.886867	
2	2	4	398	600	42	0.07	0.2	0.545382	
2	2	4	399	200	108	0.54	0.5	0.819546	
2	2	4	400	200	160	0.8	0.8	0.936592	
2	2	5	401	200	72	0.36	0.35	2.58419	
2	2	5	402	200	114	0.57	0.5	1.01332	
2	2	5	403	500	65	0.13	0.2	1.56596	
2	2	5	404	500	35	0.07	0.18	1.97719	
2	2	5	405	300	285	0.95	0.95	2.19089	
2	2	5	406	600	486	0.81	0.8	1.82141	
2	2	5	407	600	288	0.48	0.45	1.35161	
2	2	5	408	500	85	0.17	0.25	0.848216	
2	2	5	409	300	3	0.01	0.08	1.39926	
2	2	5	410	400	344	0.86	0.8	3.16208	
2	2	5	411	200	100	0.5	0.5	1.22151	
2	2	5	412	400	332	0.83	0.75	2.01612	
2	2	5	413	600	210	0.35	0.45	1.51835	
2	2	5	414	200	18	0.09	0.15	2.33908	
2	2	5	415	400	272	0.68	0.65	0.996761	
2	2	5	416	300	246	0.82	0.7	1.9158	
2	2	5	417	200	82	0.41	0.5	1.11182	
2	2	5	418	400	268	0.67	0.65	0.728626	
2	2	5	419	500	295	0.59	0.6	0.719471	
2	2	5	420	400	64	0.16	0.25	1.112	
2	2	5	421	400	108	0.27	0.2	1.81532	
2	2	5	422	300	207	0.69	0.75	1.16677	
2	2	5	423	600	144	0.24	0.3	1.71143	
2	2	5	424	500	375	0.75	0.8	3.73949	
2	2	5	425	500	450	0.9	0.8	0.784819	
2	2	5	426	500	235	0.47	0.5	0.85998	
2	2	5	427	500	165	0.33	0.4	0.732105	
2	2	5	428	200	90	0.45	0.4	0.761544	
2	2	5	429	400	160	0.4	0.45	0.640547	
2	2	5	430	400	336	0.84	0.85	2.97061	
2	2	5	431	200	56	0.28	0.2	0.856007	
2	2	5	432	600	336	0.56	0.5	0.761079	
2	2	5	433	500	495	0.99	0.95	1.38786	
2	2	5	434	400	124	0.31	0.35	2.62459	
2	2	5	435	200	28	0.14	0.2	0.954156	
2	2	5	436	300	240	0.8	0.35	1.02107	
2	2	5	437	300	90	0.3	0.3	3.36539	
2	2	5	438	300	216	0.72	0.75	1.84482	
2	2	5	439	600	174	0.29	0.4	1.07304	
2	2	5	440	300	255	0.85	0.8	1.53793	
2	2	5	441	600	396	0.66	0.66	0.768608	
2	2	5	442	600	156	0.26	0.38	1.46947	
2	2	5	443	500	270	0.54	0.5	0.834939	
2	2	5	444	300	36	0.12	0.2	4.52184	
2	2	5	445	500	55	0.11	0.15	4.57236	
2	2	5	446	400	308	0.77	0.75	0.798942	
2	2	5	447	600	36	0.06	0.1	2.50154	
2	2	5	448	400	32	0.08	0.15	0.765392	
2	2	5	449	300	63	0.21	0.2	0.640561	
2	2	5	450	200	130	0.65	0.65	1.50365	
2	2	5	451	500	395	0.79	0.8	0.710159	
2	2	5	452	200	110	0.55	0.65	0.907937	
2	2	5	453	300	117	0.39	0.4	0.840825	
2	2	5	454	300	54	0.18	0.2	0.877831	
2	2	5	455	600	252	0.42	0.4	0.844843	
2	2	5	456	300	30	0.1	0.25	3.43556	
2	2	5	457	400	372	0.93	0.9	0.997676	
2	2	5	458	200	6	0.03	0.05	0.774311	
2	2	5	459	200	46	0.23	0.3	1.25715	
2	2	5	460	500	290	0.58	0.5	4.82654	
2	2	5	461	400	388	0.97	0.95	2.01701	
2	2	5	462	200	148	0.74	0.7	1.59331	
2	2	5	463	500	110	0.22	0.35	3.24802	
2	2	5	464	400	348	0.87	0.8	3.46545	
2	2	5	465	300	15	0.05	0.1	4.10264	
2	2	5	466	300	189	0.63	0.5	0.915732	
2	2	5	467	200	64	0.32	0.4	2.05481	
2	2	5	468	600	258	0.43	0.5	0.845026	
2	2	5	469	200	184	0.92	0.9	1.38374	
2	2	5	470	500	250	0.5	0.5	0.730422	
2	2	5	471	600	576	0.96	0.9	1.7456	
2	2	5	472	400	312	0.78	0.7	1.40162	
2	2	5	473	300	6	0.02	0.1	0.74829	
2	2	5	474	600	372	0.62	0.5	0.297319	
2	2	5	475	600	150	0.25	0.3	2.72062	
2	2	5	476	600	222	0.37	0.4	0.644237	
2	2	5	477	500	440	0.88	0.2	0.921192	
2	2	5	478	500	470	0.94	0.8	0.729994	
2	2	5	479	500	365	0.73	0.7	0.671292	
2	2	5	480	500	455	0.91	0.8	1.53756	
2	2	5	481	400	80	0.2	0.25	0.75835	
2	2	5	482	300	183	0.61	0.6	1.11324	
2	2	5	483	300	210	0.7	0.65	0.804351	
2	2	5	484	200	102	0.51	0.5	0.999579	
2	2	5	485	200	152	0.76	0.7	0.688721	
2	2	5	486	600	204	0.34	0.4	0.681012	
2	2	5	487	500	220	0.44	0.5	0.882312	
2	2	5	488	200	104	0.52	0.5	1.05345	
2	2	5	489	600	426	0.71	0.7	2.5925	
2	2	5	490	400	76	0.19	0.3	1.10441	
2	2	5	491	400	392	0.98	0.95	1.86308	
2	2	5	492	400	356	0.89	0.78	0.768742	
2	2	5	493	600	360	0.6	0.6	0.892371	
2	2	5	494	200	30	0.15	0.3	0.671522	
2	2	5	495	600	276	0.46	0.5	0.786259	
2	2	5	496	400	256	0.64	0.6	0.709464	
2	2	5	497	300	159	0.53	0.5	0.986897	
2	2	5	498	600	24	0.04	0.15	1.10192	
2	2	5	499	200	76	0.38	0.4	1.22675	
2	2	5	500	300	147	0.49	0.5	0.923404	
2	2	6	501	200	176	0.88	0.9	1.51497	
2	2	6	502	500	120	0.24	0.4	4.4309	
2	2	6	503	600	324	0.54	0.5	0.474151	
2	2	6	504	500	330	0.66	0.6	3.75331	
2	2	6	505	400	220	0.55	0.5	2.26489	
2	2	6	506	300	222	0.74	0.7	2.00489	
2	2	6	507	400	384	0.96	0.9	0.85495	
2	2	6	508	300	90	0.3	0.6	2.44324	
2	2	6	509	600	78	0.13	0.2	4.48119	
2	2	6	510	300	183	0.61	0.6	0.937141	
2	2	6	511	400	16	0.04	0.1	1.55983	
2	2	6	512	300	228	0.76	0.6	1.64828	
2	2	6	513	300	150	0.5	0.5	1.0324	
2	2	6	514	400	8	0.02	0.1	0.823051	
2	2	6	515	400	60	0.15	0.2	3.35367	
2	2	6	516	300	102	0.34	0.4	3.18548	
2	2	6	517	600	18	0.03	0.1	3.04271	
2	2	6	518	200	66	0.33	0.3	7.81778	
2	2	6	519	400	80	0.2	0.3	2.23591	
2	2	6	520	400	64	0.16	0.3	0.794513	
2	2	6	521	400	316	0.79	0.75	1.83305	
2	2	6	522	600	108	0.18	0.4	1.26503	
2	2	6	523	200	188	0.94	0.9	0.985437	
2	2	6	524	600	300	0.5	0.5	0.130497	
2	2	6	525	300	234	0.78	0.65	2.85961	
2	2	6	526	400	284	0.71	0.65	2.80135	
2	2	6	527	400	260	0.65	0.6	1.32712	
2	2	6	528	300	132	0.44	0.4	0.491846	
2	2	6	529	500	235	0.47	0.5	0.300957	
2	2	6	530	500	260	0.52	0.5	0.382368	
2	2	6	531	500	230	0.46	0.5	0.293622	
2	2	6	532	200	2	0.01	0.01	1.89014	
2	2	6	533	500	40	0.08	0.15	0.739146	
2	2	6	534	400	232	0.58	0.7	2.2042	
2	2	6	535	300	255	0.85	0.8	0.947263	
2	2	6	536	200	18	0.09	0.2	1.66643	
2	2	6	537	200	154	0.77	0.8	2.22496	
2	2	6	538	300	192	0.64	0.6	0.301214	
2	2	6	539	200	10	0.05	0.15	0.764516	
2	2	6	540	200	52	0.26	0.5	3.54141	
2	2	6	541	500	35	0.07	0.2	1.04068	
2	2	6	542	600	318	0.53	0.55	1.94935	
2	2	6	543	500	375	0.75	0.78	2.60766	
2	2	6	544	300	201	0.67	0.7	2.33556	
2	2	6	545	400	44	0.11	0.2	2.64749	
2	2	6	546	600	378	0.63	0.65	1.22146	
2	2	6	547	600	588	0.98	0.9	1.38826	
2	2	6	548	200	50	0.25	0.4	2.48004	
2	2	6	549	600	480	0.8	0.8	1.53834	
2	2	6	550	300	147	0.49	0.5	0.44842	
2	2	6	551	600	102	0.17	0.2	1.22945	
2	2	6	552	500	185	0.37	0.5	0.893883	
2	2	6	553	400	24	0.06	0.2	1.62462	
2	2	6	554	500	475	0.95	0.8	2.93499	
2	2	6	555	300	171	0.57	0.7	1.2739	
2	2	6	556	300	30	0.1	0.15	3.30791	
2	2	6	557	600	414	0.69	0.8	0.949297	
2	2	6	558	600	114	0.19	0.7	4.85426	
2	2	6	559	300	261	0.87	0.8	2.76014	
2	2	6	560	600	432	0.72	0.85	1.40627	
2	2	6	561	500	155	0.31	0.4	0.70879	
2	2	6	562	400	112	0.28	0.3	2.11942	
2	2	6	563	500	340	0.68	0.7	1.38969	
2	2	6	564	600	306	0.51	0.5	0.758572	
2	2	6	565	400	156	0.39	0.5	0.817348	
2	2	6	566	400	84	0.21	0.4	3.57632	
2	2	6	567	500	410	0.82	0.8	1.07357	
2	2	6	568	200	162	0.81	0.65	2.75236	
2	2	6	569	600	438	0.73	0.7	0.970419	
2	2	6	570	500	180	0.36	0.35	2.86743	
2	2	6	571	400	152	0.38	0.5	1.03098	
2	2	6	572	400	56	0.14	0.2	0.960081	
2	2	6	573	600	72	0.12	0.1	1.28484	
2	2	6	574	200	82	0.41	0.45	0.581837	
2	2	6	575	200	178	0.89	0.85	1.58969	
2	2	6	576	200	194	0.97	0.95	1.01399	
2	2	6	577	400	360	0.9	0.9	5.69061	
2	2	6	578	500	350	0.7	0.8	1.0867	
2	2	6	579	600	288	0.48	0.5	0.877402	
2	2	6	580	200	46	0.23	0.25	3.79944	
2	2	6	581	600	336	0.56	0.5	2.28495	
2	2	6	582	300	279	0.93	0.9	1.95899	
2	2	6	583	400	140	0.35	0.2	1.76318	
2	2	6	584	200	44	0.22	0.5	27.7142	
2	2	6	585	500	415	0.83	0.8	0.967132	
2	2	6	586	500	210	0.42	0.5	2.51974	
2	2	6	587	600	240	0.4	0.4	1.31777	
2	2	6	588	600	360	0.6	0.6	0.490756	
2	2	6	589	500	430	0.86	0.5	5.71976	
2	2	6	590	500	495	0.99	0.9	1.27105	
2	2	6	591	300	276	0.92	0.85	2.54398	
2	2	6	592	300	177	0.59	0.6	1.88947	
2	2	6	593	200	182	0.91	0.5	5.46566	
2	2	6	594	300	129	0.43	0.4	1.07155	
2	2	6	595	200	64	0.32	0.5	4.02441	
2	2	6	596	200	124	0.62	0.6	1.01932	
2	2	6	597	200	58	0.29	0.5	2.27618	
2	2	6	598	300	81	0.27	0.2	1.75386	
2	2	6	599	500	225	0.45	0.5	0.890061	
2	2	6	600	200	168	0.84	0.8	0.809572	
2	2	7	601	300	90	0.3	0.3	1.0627	
2	2	7	602	200	130	0.65	0.6	1.6067	
2	2	7	603	600	576	0.96	0.9	1.22589	
2	2	7	604	200	84	0.42	0.5	0.834837	
2	2	7	605	400	220	0.55	0.5	0.841511	
2	2	7	606	200	70	0.35	0.5	2.13447	
2	2	7	607	200	162	0.81	0.8	1.26089	
2	2	7	608	200	156	0.78	0.75	2.41117	
2	2	7	609	400	352	0.88	0.8	3.27267	
2	2	7	610	400	204	0.51	0.6	1.52791	
2	2	7	611	400	188	0.47	0.5	0.642612	
2	2	7	612	400	388	0.97	0.9	4.3299	
2	2	7	613	500	330	0.66	0.65	0.752737	
2	2	7	614	400	176	0.44	0.4	0.98766	
2	2	7	615	600	384	0.64	0.5	0.954672	
2	2	7	616	400	216	0.54	0.5	0.775904	
2	2	7	617	500	410	0.82	0.75	0.838924	
2	2	7	618	500	290	0.58	0.5	1.25005	
2	2	7	619	200	22	0.11	0.2	0.672807	
2	2	7	620	200	174	0.87	0.8	2.44791	
2	2	7	621	200	120	0.6	0.5	0.932341	
2	2	7	622	300	108	0.36	0.5	1.60327	
2	2	7	623	600	24	0.04	0.1	1.42596	
2	2	7	624	500	5	0.01	0.05	0.52075	
2	2	7	625	600	540	0.9	0.85	3.59613	
2	2	7	626	300	213	0.71	0.6	3.73134	
2	2	7	627	600	30	0.05	0.15	1.54241	
2	2	7	628	500	345	0.69	0.8	1.77062	
2	2	7	629	500	145	0.29	0.5	3.50322	
2	2	7	630	600	12	0.02	0.1	1.7571	
2	2	7	631	300	171	0.57	0.5	0.821626	
2	2	7	632	500	385	0.77	0.5	6.00873	
2	2	7	633	600	498	0.83	0.8	0.964349	
2	2	7	634	300	222	0.74	0.7	0.843382	
2	2	7	635	400	196	0.49	0.5	0.868613	
2	2	7	636	500	375	0.75	0.75	1.06604	
2	2	7	637	300	18	0.06	0.2	2.72893	
2	2	7	638	200	170	0.85	0.9	2.31489	
2	2	7	639	300	120	0.4	0.6	1.22916	
2	2	7	640	200	14	0.07	0.2	0.548176	
2	2	7	641	200	188	0.94	0.9	2.09938	
2	2	7	642	200	26	0.13	0.15	2.30582	
2	2	7	643	400	132	0.33	0.4	0.65773	
2	2	7	644	500	420	0.84	0.8	1.24925	
2	2	7	645	400	56	0.14	0.2	1.62011	
2	2	7	646	200	140	0.7	0.6	1.90477	
2	2	7	647	300	177	0.59	0.65	0.759455	
2	2	7	648	600	570	0.95	0.8	0.712712	
2	2	7	649	500	110	0.22	0.35	2.9941	
2	2	7	650	600	150	0.25	0.4	2.94356	
2	2	7	651	400	180	0.45	0.5	0.60959	
2	2	7	652	400	152	0.38	0.4	0.82695	
2	2	7	653	300	159	0.53	0.5	2.01427	
2	2	7	654	600	516	0.86	0.5	3.39264	
2	2	7	655	600	300	0.5	0.5	1.18005	
2	2	7	656	500	460	0.92	0.8	0.64299	
2	2	7	657	400	292	0.73	0.6	0.754475	
2	2	7	658	400	396	0.99	0.99	0.873482	
2	2	7	659	300	78	0.26	0.5	1.20075	
2	2	7	660	500	195	0.39	0.4	1.26338	
2	2	7	661	400	252	0.63	0.5	1.6701	
2	2	7	662	200	38	0.19	0.1	4.77287	
2	2	7	663	600	204	0.34	0.5	0.939668	
2	2	7	664	500	445	0.89	0.88	0.959676	
2	2	7	665	300	36	0.12	0.2	1.24181	
2	2	7	666	300	30	0.1	0.1	1.36949	
2	2	7	667	500	140	0.28	0.5	1.47003	
2	2	7	668	300	81	0.27	0.4	0.895367	
2	2	7	669	300	294	0.98	0.99	1.56028	
2	2	7	670	600	120	0.2	0.4	1.37128	
2	2	7	671	300	111	0.37	0.5	0.527759	
2	2	7	672	400	248	0.62	0.65	1.02326	
2	2	7	673	600	102	0.17	0.35	1.16986	
2	2	7	674	200	160	0.8	0.808	2.44476	
2	2	7	675	600	48	0.08	0.1	1.87231	
2	2	7	676	300	204	0.68	0.7	0.768291	
2	2	7	677	500	465	0.93	0.8	2.51552	
2	2	7	678	400	192	0.48	0.5	0.435564	
2	2	7	679	300	72	0.24	0.4	1.50293	
2	2	7	680	400	224	0.56	0.5	1.53955	
2	2	7	681	500	155	0.31	0.4	1.36198	
2	2	7	682	500	455	0.91	0.9	2.6388	
2	2	7	683	600	366	0.61	0.8	1.02498	
2	2	7	684	300	48	0.16	0.2	1.22981	
2	2	7	685	300	201	0.67	0.6	3.7498	
2	2	7	686	500	105	0.21	0.3	0.783129	
2	2	7	687	500	90	0.18	0.3	3.03583	
2	2	7	688	600	474	0.79	0.7	0.665477	
2	2	7	689	300	45	0.15	0.3	0.697037	
2	2	7	690	200	64	0.32	0.4	1.36974	
2	2	7	691	400	304	0.76	0.7	1.3926	
2	2	7	692	400	12	0.03	0.5	1.09126	
2	2	7	693	200	82	0.41	0.4	0.971217	
2	2	7	694	200	92	0.46	0.5	0.626324	
2	2	7	695	200	144	0.72	0.7	1.10744	
2	2	7	696	200	100	0.5	0.6	0.986446	
2	2	7	697	600	138	0.23	0.2	1.41722	
2	2	7	698	600	54	0.09	0.2	0.874053	
2	2	7	699	500	260	0.52	0.65	1.06707	
2	2	7	700	600	258	0.43	0.45	1.58587	
2	2	8	701	300	54	0.18	0.2	3.57766	
2	2	8	702	300	12	0.04	0.1	0.874419	
2	2	8	703	600	582	0.97	0.95	0.979101	
2	2	8	704	200	110	0.55	0.5	1.32121	
2	2	8	705	500	240	0.48	0.5	0.777796	
2	2	8	706	400	68	0.17	0.35	1.86698	
2	2	8	707	600	174	0.29	0.4	1.24701	
2	2	8	708	200	42	0.21	0.4	2.9217	
2	2	8	709	200	72	0.36	0.5	1.17734	
2	2	8	710	300	150	0.5	0.5	0.930095	
2	2	8	711	300	207	0.69	0.68	0.761311	
2	2	8	712	300	198	0.66	0.7	1.05419	
2	2	8	713	500	305	0.61	0.6	0.884855	
2	2	8	714	400	44	0.11	0.2	1.55371	
2	2	8	715	500	280	0.56	0.8	1.54631	
2	2	8	716	600	594	0.99	0.99	1.26478	
2	2	8	717	500	475	0.95	0.9	0.723299	
2	2	8	718	500	125	0.25	0.4	2.41594	
2	2	8	719	600	72	0.12	0.3	1.80204	
2	2	8	720	200	66	0.33	0.4	2.49643	
2	2	8	721	600	426	0.71	0.8	2.01831	
2	2	8	722	500	195	0.39	0.5	0.553259	
2	2	8	723	600	114	0.19	0.4	3.19058	
2	2	8	724	200	62	0.31	0.4	3.07992	
2	2	8	725	500	335	0.67	0.5	1.3663	
2	2	8	726	400	180	0.45	0.5	0.221076	
2	2	8	727	400	128	0.32	0.4	1.46854	
2	2	8	728	600	144	0.24	0.4	0.519394	
2	2	8	729	200	172	0.86	0.9	1.32857	
2	2	8	730	600	138	0.23	0.3	2.17509	
2	2	8	731	300	162	0.54	0.5	0.775284	
2	2	8	732	200	92	0.46	0.5	1.06639	
2	2	8	733	300	90	0.3	0.5	0.963439	
2	2	8	734	300	48	0.16	0.2	0.564213	
2	2	8	735	200	130	0.65	0.6	4.38546	
2	2	8	736	400	312	0.78	0.5	63.2872	
2	2	8	737	600	492	0.82	0.8	1.65058	
2	2	8	738	300	177	0.59	0.6	1.7571	
2	2	8	739	500	190	0.38	0.4	1.21169	
2	2	8	740	500	460	0.92	0.9	2.25062	
2	2	8	741	400	108	0.27	0.3	0.506949	
2	2	8	742	500	470	0.94	0.8	0.991662	
2	2	8	743	500	385	0.77	0.7	1.15515	
2	2	8	744	400	20	0.05	0.1	1.46591	
2	2	8	745	200	116	0.58	0.6	0.796802	
2	2	8	746	400	40	0.1	0.15	1.22984	
2	2	8	747	600	264	0.44	0.45	1.17539	
2	2	8	748	500	175	0.35	0.4	0.738491	
2	2	8	749	600	588	0.98	0.9	1.1998	
2	2	8	750	300	210	0.7	0.8	3.89743	
2	2	8	751	200	18	0.09	0.1	1.37674	
2	2	8	752	300	123	0.41	0.5	0.785638	
2	2	8	753	400	28	0.07	0.1	1.38477	
2	2	8	754	300	9	0.03	0.05	0.0596816	
2	2	8	755	400	316	0.79	0.75	2.59317	
2	2	8	756	300	249	0.83	0.8	2.89312	
2	2	8	757	500	245	0.49	0.8	5.5468	
2	2	8	758	200	12	0.06	0.1	0.756654	
2	2	8	759	600	306	0.51	0.5	0.659804	
2	2	8	760	600	252	0.42	0.5	0.827005	
2	2	8	761	400	172	0.43	0.4	0.431796	
2	2	8	762	500	420	0.84	0.75	1.1132	
2	2	8	763	500	440	0.88	0.8	0.887824	
2	2	8	764	600	360	0.6	0.65	0.916833	
2	2	8	765	400	324	0.81	0.75	1.39205	
2	2	8	766	400	8	0.02	0.1	0.596682	
2	2	8	767	200	40	0.2	0.25	2.30505	
2	2	8	768	400	104	0.26	0.3	0.711109	
2	2	8	769	600	48	0.08	0.3	0.87637	
2	2	8	770	400	288	0.72	0.8	0.724925	
2	2	8	771	500	170	0.34	0.5	0.722223	
2	2	8	772	200	44	0.22	0.4	2.70507	
2	2	8	773	400	372	0.93	0.9	0.517025	
2	2	8	774	400	252	0.63	0.6	0.502255	
2	2	8	775	500	365	0.73	0.7	0.393784	
2	2	8	776	600	546	0.91	0.8	0.529189	
2	2	8	777	200	74	0.37	0.4	0.803097	
2	2	8	778	200	94	0.47	0.5	0.527373	
2	2	8	779	500	285	0.57	0.6	0.380897	
2	2	8	780	200	148	0.74	0.65	1.35226	
2	2	8	781	200	26	0.13	0.2	1.90296	
2	2	8	782	600	480	0.8	0.75	1.0675	
2	2	8	783	300	42	0.14	0.35	1.42313	
2	2	8	784	300	192	0.64	0.6	1.37583	
2	2	8	785	400	348	0.87	0.8	1.16673	
2	2	8	786	600	534	0.89	0.8	1.16146	
2	2	8	787	400	304	0.76	0.75	0.761703	
2	2	8	788	400	112	0.28	0.4	0.29658	
2	2	8	789	300	120	0.4	0.5	0.54016	
2	2	8	790	500	310	0.62	0.65	2.87743	
2	2	8	791	200	170	0.85	0.1	2.97709	
2	2	8	792	200	2	0.01	0.01	1.6591	
2	2	8	793	300	204	0.68	0.5	1.13846	
2	2	8	794	300	270	0.9	0.8	0.426351	
2	2	8	795	300	156	0.52	0.5	0.783385	
2	2	8	796	300	150	0.5	0.5	0.430675	
2	2	8	797	200	192	0.96	0.9	0.74589	
2	2	8	798	500	375	0.75	0.7	0.197936	
2	2	8	799	600	318	0.53	0.5	0.677674	
2	2	8	800	600	90	0.15	0.2	1.17087	
