Subject#	Target_color	Block#	Trial#	Numerosity	N_target	P_true	P_reported	RT	
3	1	1	1	300	6	0.02	0.01	1.12382	
3	1	1	2	600	192	0.32	0.39	1.44601	
3	1	1	3	300	123	0.41	0.545	2.68879	
3	1	1	4	600	444	0.74	0.879	1.39163	
3	1	1	5	200	38	0.19	0.8	3.53292	
3	1	1	6	200	46	0.23	0.54	2.00585	
3	1	1	7	300	288	0.96	0.98	2.18393	
3	1	1	8	400	144	0.36	0.605	3.29377	
3	1	1	9	300	90	0.3	0.49	3.66657	
3	1	1	10	400	88	0.22	0.345	1.04531	
3	1	1	11	200	70	0.35	0.5	4.53769	
3	1	1	12	500	355	0.71	0.77	1.70625	
3	1	1	13	500	260	0.52	0.605	2.25042	
3	1	1	14	300	81	0.27	0.29	2.17452	
3	1	1	15	500	405	0.81	0.87	2.60932	
3	1	1	16	200	154	0.77	0.5	2.10488	
3	1	1	17	200	86	0.43	0.6	2.25845	
3	1	1	18	600	570	0.95	0.899	3.86067	
3	1	1	19	600	126	0.21	0.34	3.13441	
3	1	1	20	500	315	0.63	0.75	1.11973	
3	1	1	21	300	297	0.99	0.999	1.2304	
3	1	1	22	200	92	0.46	0.6	2.84513	
3	1	1	23	500	310	0.62	0.59	2.28697	
3	1	1	24	500	120	0.24	0.305	1.21672	
3	1	1	25	500	170	0.34	0.56	2.22463	
3	1	1	26	500	50	0.1	0.203	2.37803	
3	1	1	27	400	372	0.93	0.93	2.25534	
3	1	1	28	600	222	0.37	0.7	2.20938	
3	1	1	29	500	255	0.51	0.6	2.56174	
3	1	1	30	400	188	0.47	0.6	1.69778	
3	1	1	31	400	60	0.15	0.19	1.52832	
3	1	1	32	400	176	0.44	0.3	2.33415	
3	1	1	33	400	236	0.59	0.6	1.48052	
3	1	1	34	400	224	0.56	0.8	1.71327	
3	1	1	35	600	564	0.94	0.88	1.52548	
3	1	1	36	200	98	0.49	0.6	1.54586	
3	1	1	37	400	300	0.75	0.8	1.48792	
3	1	1	38	500	395	0.79	0.8	2.38688	
3	1	1	39	300	264	0.88	0.9	2.61659	
3	1	1	40	600	96	0.16	0.9	2.64895	
3	1	1	41	400	272	0.68	0.8	1.30877	
3	1	1	42	400	16	0.04	0.05	1.01139	
3	1	1	43	600	540	0.9	0.79	3.21831	
3	1	1	44	600	582	0.97	0.98	1.7234	
3	1	1	45	500	130	0.26	0.66	3.90051	
3	1	1	46	300	33	0.11	0.05	1.73509	
3	1	1	47	300	27	0.09	0.3	4.34755	
3	1	1	48	200	152	0.76	0.67	5.43404	
3	1	1	49	600	360	0.6	0.57	3.65612	
3	1	1	50	400	368	0.92	0.69	2.15014	
3	1	1	51	400	280	0.7	0.6	1.94585	
3	1	1	52	600	468	0.78	0.74	1.15235	
3	1	1	53	200	90	0.45	0.69	2.19342	
3	1	1	54	200	34	0.17	0.2	0.977745	
3	1	1	55	200	78	0.39	0.5	1.69232	
3	1	1	56	400	292	0.73	0.65	2.52745	
3	1	1	57	500	425	0.85	0.86	0.910727	
3	1	1	58	500	250	0.5	0.8	2.58698	
3	1	1	59	400	56	0.14	0.4	2.24087	
3	1	1	60	400	32	0.08	0.6	1.56207	
3	1	1	61	200	14	0.07	0.05	3.1823	
3	1	1	62	200	10	0.05	0.05	0.999803	
3	1	1	63	500	240	0.48	0.5	1.37907	
3	1	1	64	200	116	0.58	0.6	1.84557	
3	1	1	65	600	174	0.29	0.45	1.51267	
3	1	1	66	300	207	0.69	0.78	0.994503	
3	1	1	67	600	492	0.82	0.8	2.7542	
3	1	1	68	500	325	0.65	0.7	2.20183	
3	1	1	69	500	320	0.64	0.87	2.1962	
3	1	1	70	300	9	0.03	0.2	1.54656	
3	1	1	71	600	108	0.18	0.3	0.721606	
3	1	1	72	300	240	0.8	0.87	1.7309	
3	1	1	73	400	364	0.91	0.91	1.15901	
3	1	1	74	600	300	0.5	0.83	1.20907	
3	1	1	75	300	75	0.25	0.39	3.8751	
3	1	1	76	300	252	0.84	0.88	3.27824	
3	1	1	77	600	588	0.98	0.99	1.22553	
3	1	1	78	300	165	0.55	0.607	1.55012	
3	1	1	79	300	84	0.28	0.5	4.14373	
3	1	1	80	500	415	0.83	0.67	0.918547	
3	1	1	81	200	132	0.66	0.78	1.81904	
3	1	1	82	200	2	0.01	0.011	6.11141	
3	1	1	83	200	108	0.54	0.5	2.85628	
3	1	1	84	300	267	0.89	0.8	0.422504	
3	1	1	85	600	522	0.87	0.76	0.182081	
3	1	1	86	500	210	0.42	0.56	2.0251	
3	1	1	87	200	134	0.67	0.7	0.936868	
3	1	1	88	400	52	0.13	0.2	1.04012	
3	1	1	89	600	318	0.53	0.5	1.24696	
3	1	1	90	300	60	0.2	0.3	1.15361	
3	1	1	91	600	72	0.12	0.34	0.876729	
3	1	1	92	500	155	0.31	0.25	1.44885	
3	1	1	93	400	24	0.06	0.15	1.7814	
3	1	1	94	200	114	0.57	0.7	2.46566	
3	1	1	95	500	190	0.38	0.6	1.21208	
3	1	1	96	300	216	0.72	0.8	0.646614	
3	1	1	97	300	99	0.33	0.4	1.57611	
3	1	1	98	200	80	0.4	0.5	1.92593	
3	1	1	99	600	516	0.86	0.8	1.05666	
3	1	1	100	400	244	0.61	0.5	1.17567	
3	1	2	101	200	56	0.28	0.2	1.53018	
3	1	2	102	300	114	0.38	0.4	0.133841	
3	1	2	103	200	100	0.5	0.4	0.602112	
3	1	2	104	300	297	0.99	0.999	0.907143	
3	1	2	105	300	282	0.94	0.99	0.441859	
3	1	2	106	600	528	0.88	0.89	0.279289	
3	1	2	107	400	84	0.21	0.4	1.09085	
3	1	2	108	400	80	0.2	0.3	1.14384	
3	1	2	109	400	292	0.73	0.8	0.992848	
3	1	2	110	400	20	0.05	0.1	0.476245	
3	1	2	111	500	145	0.29	0.3	1.10515	
3	1	2	112	600	534	0.89	0.99	0.770485	
3	1	2	113	500	220	0.44	0.5	0.331406	
3	1	2	114	500	415	0.83	0.7	3.16699	
3	1	2	115	200	80	0.4	0.5	0.176964	
3	1	2	116	600	402	0.67	0.7	0.806627	
3	1	2	117	500	255	0.51	0.5	1.16003	
3	1	2	118	200	164	0.82	0.8	0.829336	
3	1	2	119	300	72	0.24	0.5	1.62083	
3	1	2	120	400	324	0.81	0.7	0.577513	
3	1	2	121	300	213	0.71	0.75	0.303045	
3	1	2	122	200	118	0.59	0.5	0.938084	
3	1	2	123	600	18	0.03	0.05	3.53938	
3	1	2	124	600	258	0.43	0.5	3.24816	
3	1	2	125	400	48	0.12	0.3	0.864104	
3	1	2	126	200	136	0.68	0.6	0.999416	
3	1	2	127	500	390	0.78	0.8	0.506478	
3	1	2	128	500	235	0.47	0.5	0.0029923	
3	1	2	129	500	195	0.39	0.5	0.0329497	
3	1	2	130	400	348	0.87	0.8	2.39403	
3	1	2	131	300	90	0.3	0.45	0.544461	
3	1	2	132	600	246	0.41	0.5	1.9542	
3	1	2	133	600	204	0.34	0.5	0.0706785	
3	1	2	134	400	252	0.63	0.5	0.121815	
3	1	2	135	300	165	0.55	0.6	0.339609	
3	1	2	136	200	70	0.35	0.4	1.72495	
3	1	2	137	200	66	0.33	0.35	0.431761	
3	1	2	138	500	300	0.6	0.67	1.9992	
3	1	2	139	500	360	0.72	0.7	0.971648	
3	1	2	140	300	27	0.09	0.1	1.21706	
3	1	2	141	600	510	0.85	0.89	0.762081	
3	1	2	142	500	370	0.74	0.889	0.833158	
3	1	2	143	600	420	0.7	0.88	2.88229	
3	1	2	144	400	260	0.65	0.06	0.70186	
3	1	2	145	600	252	0.42	0.5	1.02251	
3	1	2	146	600	42	0.07	0.2	1.33574	
3	1	2	147	500	110	0.22	0.2	2.67683	
3	1	2	148	300	159	0.53	0.5	0.0769555	
3	1	2	149	500	5	0.01	0.05	0.980455	
3	1	2	150	500	85	0.17	0.4	2.97989	
3	1	2	151	300	237	0.79	0.7	3.92756	
3	1	2	152	200	160	0.8	0.8	2.05911	
3	1	2	153	600	450	0.75	0.8	1.1855	
3	1	2	154	200	196	0.98	0.99	0.416656	
3	1	2	155	200	98	0.49	0.89	1.99712	
3	1	2	156	300	273	0.91	0.91	0.00303444	
3	1	2	157	300	183	0.61	0.67	1.71628	
3	1	2	158	500	160	0.32	0.65	1.14061	
3	1	2	159	400	144	0.36	0.41	0.129543	
3	1	2	160	600	552	0.92	0.88	0.490458	
3	1	2	161	500	385	0.77	0.73	0.121515	
3	1	2	162	600	114	0.19	0.6	3.71092	
3	1	2	163	400	384	0.96	0.99	0.804381	
3	1	2	164	400	372	0.93	0.97	0.264517	
3	1	2	165	600	384	0.64	0.51	1.44183	
3	1	2	166	600	342	0.57	0.74	1.81806	
3	1	2	167	200	108	0.54	0.5	0.466414	
3	1	2	168	300	75	0.25	0.4	0.0920817	
3	1	2	169	200	194	0.97	0.999	0.0168054	
3	1	2	170	600	12	0.02	0.05	0.844108	
3	1	2	171	200	152	0.76	0.7	1.15854	
3	1	2	172	400	16	0.04	0.06	2.42641	
3	1	2	173	200	100	0.5	0.45	1.28861	
3	1	2	174	400	232	0.58	0.67	1.23188	
3	1	2	175	500	30	0.06	0.46	1.46476	
3	1	2	176	500	430	0.86	0.89	0.666815	
3	1	2	177	400	180	0.45	0.55	1.34213	
3	1	2	178	300	186	0.62	0.65	1.10948	
3	1	2	179	300	30	0.1	0.25	2.90405	
3	1	2	180	200	52	0.26	0.35	3.06607	
3	1	2	181	600	276	0.46	0.5	0.963572	
3	1	2	182	400	32	0.08	0.2	7.19472	
3	1	2	183	400	380	0.95	0.99	1.69185	
3	1	2	184	600	84	0.14	0.34	2.88675	
3	1	2	185	400	60	0.15	0.2	0.0394731	
3	1	2	186	200	26	0.13	0.2	2.67338	
3	1	2	187	400	64	0.16	0.2	1.05533	
3	1	2	188	600	504	0.84	0.8	1.35429	
3	1	2	189	500	115	0.23	0.4	1.45703	
3	1	2	190	300	81	0.27	0.4	2.656	
3	1	2	191	200	112	0.56	0.34	5.73987	
3	1	2	192	500	260	0.52	0.8	1.09737	
3	1	2	193	500	90	0.18	0.4	3.89446	
3	1	2	194	300	144	0.48	0.88	0.0454516	
3	1	2	195	300	111	0.37	0.49	2.10917	
3	1	2	196	400	264	0.66	0.62	2.53283	
3	1	2	197	200	22	0.11	0.1	1.04386	
3	1	2	198	300	207	0.69	0.569	3.66698	
3	1	2	199	300	93	0.31	0.5	0.944043	
3	1	2	200	200	180	0.9	0.78	1.26545	
3	1	3	201	300	279	0.93	0.8	3.25827	
3	1	3	202	300	87	0.29	0.4	0.0453593	
3	1	3	203	400	240	0.6	0.06	1.03887	
3	1	3	204	200	42	0.21	0.2	0.475774	
3	1	3	205	600	198	0.33	0.55	1.71508	
3	1	3	206	400	236	0.59	0.7	1.60795	
3	1	3	207	500	140	0.28	0.49	1.3786	
3	1	3	208	300	270	0.9	0.88	1.43905	
3	1	3	209	200	96	0.48	0.67	1.86068	
3	1	3	210	200	72	0.36	0.5	1.57738	
3	1	3	211	200	76	0.38	0.45	0.276229	
3	1	3	212	500	475	0.95	0.9	3.20171	
3	1	3	213	200	142	0.71	0.7	3.12478	
3	1	3	214	400	272	0.68	0.6	0.812825	
3	1	3	215	200	16	0.08	0.1	3.77394	
3	1	3	216	400	280	0.7	0.7	3.48555	
3	1	3	217	400	340	0.85	0.8	0.61907	
3	1	3	218	200	90	0.45	0.6	3.41439	
3	1	3	219	600	384	0.64	0.5	0.631311	
3	1	3	220	400	4	0.01	0.01	1.63448	
3	1	3	221	500	415	0.83	0.7	1.5234	
3	1	3	222	400	352	0.88	0.7	1.33202	
3	1	3	223	300	66	0.22	0.4	4.19906	
3	1	3	224	600	468	0.78	0.8	0.570081	
3	1	3	225	300	261	0.87	0.8	0.817747	
3	1	3	226	400	244	0.61	0.7	1.23279	
3	1	3	227	200	198	0.99	0.998	0.921598	
3	1	3	228	300	120	0.4	0.6	2.49268	
3	1	3	229	500	75	0.15	0.3	0.979007	
3	1	3	230	600	480	0.8	0.7	2.25607	
3	1	3	231	600	210	0.35	0.49	3.33631	
3	1	3	232	300	21	0.07	0.6	8.8973	
3	1	3	233	400	172	0.43	0.5	0.347251	
3	1	3	234	500	250	0.5	0.6	1.28911	
3	1	3	235	400	56	0.14	0.2	0.0030165	
3	1	3	236	200	8	0.04	0.01	0.620037	
3	1	3	237	400	96	0.24	0.2	2.0814	
3	1	3	238	300	48	0.16	0.1	0.781858	
3	1	3	239	600	342	0.57	0.6	0.974496	
3	1	3	240	300	15	0.05	0.5	5.19168	
3	1	3	241	600	294	0.49	0.6	0.63038	
3	1	3	242	500	275	0.55	0.6	2.45372	
3	1	3	243	400	168	0.42	0.6	0.0620502	
3	1	3	244	500	375	0.75	0.7	0.799294	
3	1	3	245	200	46	0.23	0.4	0.144824	
3	1	3	246	400	128	0.32	0.7	1.22243	
3	1	3	247	300	27	0.09	0.22	0.0336139	
3	1	3	248	300	267	0.89	0.9	0.22797	
3	1	3	249	400	76	0.19	0.2	0.665684	
3	1	3	250	500	315	0.63	0.6	1.73918	
3	1	3	251	500	255	0.51	0.6	0.977935	
3	1	3	252	200	194	0.97	0.99	1.66502	
3	1	3	253	200	20	0.1	0.2	2.65567	
3	1	3	254	600	438	0.73	0.99	0.0030066	
3	1	3	255	200	34	0.17	0.3	0.799739	
3	1	3	256	600	516	0.86	0.8	5.72098	
3	1	3	257	300	54	0.18	0.45	0.4493	
3	1	3	258	300	159	0.53	0.45	0.442478	
3	1	3	259	500	455	0.91	0.8	0.463113	
3	1	3	260	200	130	0.65	0.6	0.862791	
3	1	3	261	600	588	0.98	0.9	0.424181	
3	1	3	262	600	336	0.56	0.5	1.20765	
3	1	3	263	600	18	0.03	0.2	0.582462	
3	1	3	264	500	290	0.58	0.5	0.249978	
3	1	3	265	500	270	0.54	0.5	0.00308656	
3	1	3	266	600	504	0.84	0.8	0.764655	
3	1	3	267	200	52	0.26	0.5	0.530099	
3	1	3	268	200	68	0.34	0.49	0.953353	
3	1	3	269	500	125	0.25	0.5	4.00893	
3	1	3	270	200	132	0.66	0.7	1.04624	
3	1	3	271	500	360	0.72	0.6	0.113717	
3	1	3	272	500	250	0.5	0.6	1.5135	
3	1	3	273	500	310	0.62	0.7	0.774016	
3	1	3	274	300	60	0.2	0.49	1.66339	
3	1	3	275	500	10	0.02	0.1	0.303835	
3	1	3	276	300	246	0.82	0.8	1.12954	
3	1	3	277	600	462	0.77	0.6	1.0127	
3	1	3	278	200	184	0.92	0.9	1.08572	
3	1	3	279	400	108	0.27	0.04	1.629	
3	1	3	280	600	246	0.41	0.5	0.715463	
3	1	3	281	400	208	0.52	0.6	2.81502	
3	1	3	282	500	470	0.94	0.8	0.363124	
3	1	3	283	300	228	0.76	0.8	0.320597	
3	1	3	284	500	30	0.06	0.3	0.0706106	
3	1	3	285	200	60	0.3	0.3	2.75219	
3	1	3	286	600	486	0.81	0.8	1.1124	
3	1	3	287	600	402	0.67	0.5	0.953535	
3	1	3	288	400	124	0.31	0.5	0.184235	
3	1	3	289	300	138	0.46	0.5	0.316621	
3	1	3	290	600	234	0.39	0.5	0.0395326	
3	1	3	291	500	395	0.79	0.6	0.425587	
3	1	3	292	600	78	0.13	0.3	0.361248	
3	1	3	293	300	141	0.47	0.4	0.904105	
3	1	3	294	400	176	0.44	0.5	0.929061	
3	1	3	295	600	444	0.74	0.78	1.07915	
3	1	3	296	300	288	0.96	0.89	0.224857	
3	1	3	297	200	22	0.11	0.4	1.29798	
3	1	3	298	300	111	0.37	0.44	2.03118	
3	1	3	299	400	48	0.12	0.3	3.03064	
3	1	3	300	400	276	0.69	0.6	2.15849	
3	1	4	301	300	63	0.21	0.4	0.977295	
3	1	4	302	200	10	0.05	0.1	0.301415	
3	1	4	303	500	125	0.25	0.4	1.25733	
3	1	4	304	300	213	0.71	0.7	0.0784322	
3	1	4	305	200	30	0.15	0.1	0.676591	
3	1	4	306	400	296	0.74	0.89	1.65411	
3	1	4	307	500	240	0.48	0.89	0.928978	
3	1	4	308	600	486	0.81	0.99	1.0897	
3	1	4	309	200	4	0.02	0.05	0.494754	
3	1	4	310	500	175	0.35	0.7	4.22963	
3	1	4	311	300	21	0.07	0.2	0.00351724	
3	1	4	312	500	390	0.78	0.9	0.0269329	
3	1	4	313	400	144	0.36	0.6	0.00307856	
3	1	4	314	300	72	0.24	0.4	0.00299448	
3	1	4	315	300	57	0.19	0.3	0.922391	
3	1	4	316	500	445	0.89	0.89	0.103265	
3	1	4	317	200	144	0.72	0.7	1.10561	
3	1	4	318	400	388	0.97	0.99	0.710662	
3	1	4	319	200	110	0.55	0.5	5.44311	
3	1	4	320	400	212	0.53	0.5	0.713308	
3	1	4	321	500	335	0.67	0.5	0.818489	
3	1	4	322	200	76	0.38	0.4	0.481847	
3	1	4	323	600	504	0.84	0.8	0.481185	
3	1	4	324	500	90	0.18	0.4	1.65661	
3	1	4	325	500	395	0.79	0.7	0.401392	
3	1	4	326	400	292	0.73	0.6	0.495128	
3	1	4	327	600	180	0.3	0.5	0.610321	
3	1	4	328	400	24	0.06	0.1	0.135802	
3	1	4	329	200	26	0.13	0.09	1.49017	
3	1	4	330	300	180	0.6	0.5	1.61337	
3	1	4	331	400	256	0.64	0.8	0.0224306	
3	1	4	332	600	564	0.94	0.89	0.00311276	
3	1	4	333	600	270	0.45	0.05	1.53336	
3	1	4	334	400	300	0.75	0.6	1.30137	
3	1	4	335	400	308	0.77	0.6	2.95197	
3	1	4	336	600	60	0.1	0.2	2.5315	
3	1	4	337	200	172	0.86	0.8	0.566828	
3	1	4	338	600	498	0.83	0.88	0.844584	
3	1	4	339	500	310	0.62	0.6	0.280207	
3	1	4	340	200	100	0.5	0.5	1.09374	
3	1	4	341	600	348	0.58	0.8	0.217066	
3	1	4	342	500	250	0.5	0.7	1.74681	
3	1	4	343	600	282	0.47	0.5	0.0175123	
3	1	4	344	500	140	0.28	0.5	0.394173	
3	1	4	345	300	93	0.31	0.4	1.02573	
3	1	4	346	300	126	0.42	0.4	4.91657	
3	1	4	347	300	279	0.93	0.8	0.616367	
3	1	4	348	400	392	0.98	0.999	0.177783	
3	1	4	349	200	132	0.66	0.6	3.93527	
3	1	4	350	500	255	0.51	0.5	0.110648	
3	1	4	351	200	52	0.26	0.1	0.208614	
3	1	4	352	600	174	0.29	0.4	0.020319	
3	1	4	353	400	320	0.8	0.7	0.851879	
3	1	4	354	300	270	0.9	0.7	2.03918	
3	1	4	355	400	88	0.22	0.4	1.93625	
3	1	4	356	300	9	0.03	0.05	0.608525	
3	1	4	357	300	3	0.01	0.01	2.69158	
3	1	4	358	400	208	0.52	0.6	0.603872	
3	1	4	359	400	136	0.34	0.5	0.376437	
3	1	4	360	600	546	0.91	0.9	0.0241325	
3	1	4	361	200	136	0.68	0.7	2.11141	
3	1	4	362	600	594	0.99	0.5	5.88986	
3	1	4	363	400	280	0.7	0.5	1.01598	
3	1	4	364	600	522	0.87	0.8	0.00299986	
3	1	4	365	200	92	0.46	0.5	1.19978	
3	1	4	366	300	255	0.85	0.8	0.833006	
3	1	4	367	500	460	0.92	0.8	1.50618	
3	1	4	368	600	294	0.49	0.5	0.402861	
3	1	4	369	300	285	0.95	0.9	0.704273	
3	1	4	370	600	240	0.4	0.5	0.39635	
3	1	4	371	300	27	0.09	0.4	3.26362	
3	1	4	372	500	185	0.37	0.5	2.01311	
3	1	4	373	200	152	0.76	0.6	2.73581	
3	1	4	374	400	132	0.33	0.5	0.00382424	
3	1	4	375	200	138	0.69	0.6	0.185285	
3	1	4	376	500	215	0.43	0.6	0.508811	
3	1	4	377	300	168	0.56	0.56	0.340338	
3	1	4	378	500	100	0.2	0.4	1.60229	
3	1	4	379	600	84	0.14	0.2	0.315228	
3	1	4	380	400	228	0.57	0.5	1.10889	
3	1	4	381	400	68	0.17	0.2	1.76796	
3	1	4	382	600	528	0.88	0.5	2.69901	
3	1	4	383	600	378	0.63	0.7	0.0731253	
3	1	4	384	600	234	0.39	0.5	0.00300073	
3	1	4	385	200	82	0.41	0.5	3.4179	
3	1	4	386	200	46	0.23	0.3	0.429329	
3	1	4	387	400	328	0.82	0.78	0.0909669	
3	1	4	388	500	270	0.54	0.5	2.44695	
3	1	4	389	200	122	0.61	0.6	1.36496	
3	1	4	390	600	24	0.04	0.2	0.00301818	
3	1	4	391	300	195	0.65	0.5	0.00299906	
3	1	4	392	300	81	0.27	0.3	0.385127	
3	1	4	393	500	60	0.12	0.2	0.199036	
3	1	4	394	500	220	0.44	0.5	3.05001	
3	1	4	395	400	128	0.32	0.6	4.70584	
3	1	4	396	300	48	0.16	0.2	0.48266	
3	1	4	397	500	55	0.11	0.2	0.0030257	
3	1	4	398	300	177	0.59	0.6	0.689556	
3	1	4	399	200	16	0.08	0.2	0.33105	
3	1	4	400	200	192	0.96	0.99	0.963301	
3	1	5	401	200	102	0.51	0.6	0.496817	
3	1	5	402	500	345	0.69	0.8	0.263416	
3	1	5	403	400	396	0.99	0.99	0.0113432	
3	1	5	404	300	93	0.31	0.46	0.725396	
3	1	5	405	500	295	0.59	0.5	1.2003	
3	1	5	406	300	261	0.87	0.7	1.10737	
3	1	5	407	200	48	0.24	0.3	0.736799	
3	1	5	408	500	150	0.3	0.4	0.609648	
3	1	5	409	600	258	0.43	0.5	0.717236	
3	1	5	410	600	234	0.39	0.5	0.00472152	
3	1	5	411	400	288	0.72	0.7	1.20237	
3	1	5	412	400	208	0.52	0.5	0.835072	
3	1	5	413	200	24	0.12	0.05	3.02157	
3	1	5	414	600	420	0.7	0.89	0.804463	
3	1	5	415	400	344	0.86	0.9	1.63936	
3	1	5	416	400	244	0.61	0.6	3.1463	
3	1	5	417	200	132	0.66	0.6	2.24021	
3	1	5	418	300	81	0.27	0.3	0.534817	
3	1	5	419	200	66	0.33	0.45	1.47417	
3	1	5	420	600	348	0.58	0.69	1.32893	
3	1	5	421	500	85	0.17	0.2	1.27574	
3	1	5	422	200	178	0.89	0.94	1.68421	
3	1	5	423	200	156	0.78	0.8	2.87985	
3	1	5	424	300	138	0.46	0.7	0.697973	
3	1	5	425	200	148	0.74	0.67	0.019228	
3	1	5	426	400	24	0.06	0.05	2.55212	
3	1	5	427	500	20	0.04	0.01	0.418461	
3	1	5	428	600	318	0.53	0.5	0.42408	
3	1	5	429	400	28	0.07	0.1	1.06976	
3	1	5	430	200	42	0.21	0.4	1.58727	
3	1	5	431	600	498	0.83	0.8	1.22801	
3	1	5	432	400	80	0.2	0.3	1.22138	
3	1	5	433	400	320	0.8	0.8	0.458349	
3	1	5	434	300	270	0.9	0.89	0.003012	
3	1	5	435	200	28	0.14	0.1	1.5012	
3	1	5	436	300	108	0.36	0.5	1.52225	
3	1	5	437	300	264	0.88	0.97	0.50029	
3	1	5	438	600	588	0.98	0.999	0.829581	
3	1	5	439	600	546	0.91	0.9	2.88802	
3	1	5	440	300	3	0.01	0.01	1.25088	
3	1	5	441	500	250	0.5	0.5	0.708108	
3	1	5	442	400	304	0.76	0.7	1.21941	
3	1	5	443	400	224	0.56	0.5	1.01864	
3	1	5	444	600	156	0.26	0.4	0.609916	
3	1	5	445	500	95	0.19	0.43	2.48365	
3	1	5	446	200	4	0.02	0.005	1.98696	
3	1	5	447	500	220	0.44	0.5	1.17568	
3	1	5	448	600	384	0.64	0.87	0.940655	
3	1	5	449	500	270	0.54	0.54	1.21743	
3	1	5	450	400	20	0.05	0.15	1.59787	
3	1	5	451	200	194	0.97	0.98	1.14242	
3	1	5	452	600	564	0.94	0.99	2.5862	
3	1	5	453	600	282	0.47	0.5	0.287575	
3	1	5	454	600	54	0.09	0.23	2.32129	
3	1	5	455	400	384	0.96	0.9	1.43441	
3	1	5	456	300	54	0.18	0.4	1.74148	
3	1	5	457	300	147	0.49	0.5	1.21818	
3	1	5	458	400	44	0.11	0.2	1.63553	
3	1	5	459	300	252	0.84	0.8	1.09822	
3	1	5	460	500	425	0.85	0.9	0.347482	
3	1	5	461	300	84	0.28	0.5	1.21396	
3	1	5	462	200	110	0.55	0.56	1.28508	
3	1	5	463	600	300	0.5	0.54	1.01382	
3	1	5	464	500	315	0.63	0.5	0.209504	
3	1	5	465	300	231	0.77	0.6	1.08332	
3	1	5	466	200	150	0.75	0.67	0.934583	
3	1	5	467	300	243	0.81	0.08	1.93492	
3	1	5	468	400	248	0.62	0.6	2.09598	
3	1	5	469	300	9	0.03	0.01	0.602634	
3	1	5	470	500	50	0.1	0.1	0.634235	
3	1	5	471	200	70	0.35	0.3	2.44948	
3	1	5	472	200	30	0.15	0.3	0.424443	
3	1	5	473	600	342	0.57	0.5	0.0803066	
3	1	5	474	300	246	0.82	0.8	1.30588	
3	1	5	475	400	272	0.68	0.5	0.131205	
3	1	5	476	400	148	0.37	0.45	0.450885	
3	1	5	477	300	276	0.92	0.9	0.636653	
3	1	5	478	500	115	0.23	0.4	1.1441	
3	1	5	479	500	325	0.65	0.67	1.24687	
3	1	5	480	600	288	0.48	0.5	0.796015	
3	1	5	481	200	134	0.67	0.65	2.06485	
3	1	5	482	500	200	0.4	0.5	0.0101063	
3	1	5	483	300	39	0.13	0.01	1.8639	
3	1	5	484	400	136	0.34	0.45	0.222653	
3	1	5	485	400	168	0.42	0.5	0.418409	
3	1	5	486	600	438	0.73	0.091	1.41212	
3	1	5	487	600	474	0.79	0.8	2.2514	
3	1	5	488	200	82	0.41	0.4	0.589544	
3	1	5	489	600	132	0.22	0.29	0.798897	
3	1	5	490	500	300	0.6	0.67	1.28303	
3	1	5	491	400	372	0.93	0.9	0.479695	
3	1	5	492	500	355	0.71	0.7	2.51321	
3	1	5	493	500	475	0.95	0.97	0.388727	
3	1	5	494	500	40	0.08	0.2	1.09254	
3	1	5	495	200	50	0.25	0.4	2.37173	
3	1	5	496	500	145	0.29	0.45	1.09811	
3	1	5	497	600	192	0.32	0.35	0.785106	
3	1	5	498	200	32	0.16	0.1	1.35454	
3	1	5	499	300	135	0.45	0.3	1.81943	
3	1	5	500	300	114	0.38	0.3	0.00317653	
3	1	6	501	200	154	0.77	0.7	1.21725	
3	1	6	502	500	40	0.08	0.1	0.419607	
3	1	6	503	300	216	0.72	0.7	1.62961	
3	1	6	504	600	444	0.74	0.8	0.502856	
3	1	6	505	300	39	0.13	0.2	0.263899	
3	1	6	506	200	60	0.3	0.16	1.83393	
3	1	6	507	400	56	0.14	0.44	1.77988	
3	1	6	508	600	582	0.97	0.99	0.457697	
3	1	6	509	200	156	0.78	0.78	2.3116	
3	1	6	510	500	115	0.23	0.37	0.993228	
3	1	6	511	200	196	0.98	0.99	1.26203	
3	1	6	512	500	345	0.69	0.7	4.01909	
3	1	6	513	400	268	0.67	0.6	1.79245	
3	1	6	514	600	450	0.75	0.7	0.269458	
3	1	6	515	600	210	0.35	0.5	0.745132	
3	1	6	516	300	126	0.42	0.5	0.238438	
3	1	6	517	200	100	0.5	0.6	0.272183	
3	1	6	518	200	14	0.07	0.1	0.682017	
3	1	6	519	600	144	0.24	0.3	0.795071	
3	1	6	520	300	96	0.32	0.4	0.824475	
3	1	6	521	200	128	0.64	0.6	0.60392	
3	1	6	522	600	258	0.43	0.5	0.0794358	
3	1	6	523	400	304	0.76	0.8	0.751061	
3	1	6	524	500	400	0.8	0.7	0.00301156	
3	1	6	525	400	36	0.09	0.1	0.208289	
3	1	6	526	200	178	0.89	0.9	0.705982	
3	1	6	527	500	285	0.57	0.5	0.063496	
3	1	6	528	400	236	0.59	0.6	0.821414	
3	1	6	529	200	66	0.33	0.1	1.44091	
3	1	6	530	300	63	0.21	0.2	0.667687	
3	1	6	531	600	270	0.45	0.5	0.0413174	
3	1	6	532	400	20	0.05	0.1	0.520375	
3	1	6	533	500	395	0.79	0.8	0.809878	
3	1	6	534	600	96	0.16	0.3	0.95927	
3	1	6	535	500	305	0.61	0.5	0.00300941	
3	1	6	536	200	52	0.26	0.4	0.810043	
3	1	6	537	200	180	0.9	0.97	0.443425	
3	1	6	538	600	360	0.6	0.8	1.08768	
3	1	6	539	300	66	0.22	0.3	0.710462	
3	1	6	540	300	87	0.29	0.5	0.748117	
3	1	6	541	600	60	0.1	0.2	1.81135	
3	1	6	542	600	558	0.93	0.9	1.6304	
3	1	6	543	500	280	0.56	0.55	0.4432	
3	1	6	544	300	276	0.92	0.8	0.72837	
3	1	6	545	200	72	0.36	0.5	7.26148	
3	1	6	546	600	498	0.83	0.87	1.1325	
3	1	6	547	600	570	0.95	0.99	0.259073	
3	1	6	548	200	80	0.4	0.5	1.62497	
3	1	6	549	600	408	0.68	0.5	0.489691	
3	1	6	550	300	114	0.38	0.5	0.437281	
3	1	6	551	500	350	0.7	0.7	0.142991	
3	1	6	552	400	80	0.2	0.2	0.416817	
3	1	6	553	200	182	0.91	0.91	0.534725	
3	1	6	554	400	396	0.99	0.99	1.06703	
3	1	6	555	500	90	0.18	0.3	2.45806	
3	1	6	556	400	188	0.47	0.47	1.2422	
3	1	6	557	400	284	0.71	0.6	1.05915	
3	1	6	558	200	192	0.96	0.96	0.723154	
3	1	6	559	300	93	0.31	0.2	1.35709	
3	1	6	560	600	150	0.25	0.3	0.413971	
3	1	6	561	500	140	0.28	0.3	0.0255107	
3	1	6	562	400	232	0.58	0.55	0.754767	
3	1	6	563	500	60	0.12	0.2	1.61687	
3	1	6	564	300	162	0.54	0.2	1.49366	
3	1	6	565	400	176	0.44	0.5	0.516644	
3	1	6	566	300	195	0.65	0.6	1.88417	
3	1	6	567	200	168	0.84	0.86	0.798578	
3	1	6	568	500	265	0.53	0.6	0.67251	
3	1	6	569	500	75	0.15	0.2	0.419861	
3	1	6	570	300	153	0.51	0.4	0.431507	
3	1	6	571	400	248	0.62	0.6	0.768056	
3	1	6	572	500	195	0.39	0.5	0.00300272	
3	1	6	573	400	352	0.88	0.9	1.09924	
3	1	6	574	300	9	0.03	0.01	0.326276	
3	1	6	575	300	6	0.02	0.01	0.412166	
3	1	6	576	500	5	0.01	0.01	0.347724	
3	1	6	577	300	156	0.52	0.5	1.54157	
3	1	6	578	400	76	0.19	0.3	0.466407	
3	1	6	579	200	54	0.27	0.3	1.28227	
3	1	6	580	400	348	0.87	0.9	2.78705	
3	1	6	581	200	188	0.94	0.99	1.29717	
3	1	6	582	500	275	0.55	0.7	1.83994	
3	1	6	583	600	36	0.06	0.3	0.522662	
3	1	6	584	500	20	0.04	0.2	0.680037	
3	1	6	585	600	510	0.85	0.8	1.97166	
3	1	6	586	300	33	0.11	0.1	0.946125	
3	1	6	587	300	123	0.41	0.5	0.411169	
3	1	6	588	500	405	0.81	0.89	1.08446	
3	1	6	589	600	222	0.37	0.5	0.761867	
3	1	6	590	200	146	0.73	0.7	2.54901	
3	1	6	591	200	132	0.66	0.6	1.5053	
3	1	6	592	400	200	0.5	0.55	0.620358	
3	1	6	593	400	136	0.34	0.5	1.21868	
3	1	6	594	500	410	0.82	0.8	0.501236	
3	1	6	595	600	288	0.48	0.5	0.00299859	
3	1	6	596	400	196	0.49	0.5	0.0792821	
3	1	6	597	300	258	0.86	0.8	0.470785	
3	1	6	598	600	276	0.46	0.5	0.4684	
3	1	6	599	400	68	0.17	0.3	0.402014	
3	1	6	600	300	189	0.63	0.7	1.02775	
3	1	7	601	600	318	0.53	0.6	0.74061	
3	1	7	602	500	390	0.78	0.9	0.00302069	
3	1	7	603	300	48	0.16	0.2	0.625932	
3	1	7	604	400	356	0.89	0.9	0.483653	
3	1	7	605	400	280	0.7	0.8	0.88113	
3	1	7	606	500	190	0.38	0.5	0.308725	
3	1	7	607	500	475	0.95	0.99	0.262514	
3	1	7	608	300	276	0.92	0.98	0.284338	
3	1	7	609	400	232	0.58	0.7	1.12717	
3	1	7	610	200	60	0.3	0.2	0.335578	
3	1	7	611	600	66	0.11	0.2	1.69735	
3	1	7	612	300	192	0.64	0.4	0.164308	
3	1	7	613	400	184	0.46	0.5	0.45007	
3	1	7	614	300	258	0.86	0.85	1.80963	
3	1	7	615	400	332	0.83	0.8	0.187993	
3	1	7	616	400	196	0.49	0.5	0.00301252	
3	1	7	617	400	12	0.03	0.01	0.397465	
3	1	7	618	300	123	0.41	0.3	0.935288	
3	1	7	619	500	90	0.18	0.2	0.690989	
3	1	7	620	200	52	0.26	0.36	1.17768	
3	1	7	621	300	261	0.87	0.9	0.0411328	
3	1	7	622	400	216	0.54	0.9	1.29484	
3	1	7	623	500	110	0.22	0.37	0.636937	
3	1	7	624	300	297	0.99	0.999	1.39025	
3	1	7	625	400	176	0.44	0.56	0.878613	
3	1	7	626	200	112	0.56	0.47	1.44011	
3	1	7	627	400	252	0.63	0.6	1.51871	
3	1	7	628	200	20	0.1	0.2	2.80695	
3	1	7	629	500	75	0.15	0.3	1.49904	
3	1	7	630	300	273	0.91	0.8	0.723829	
3	1	7	631	500	295	0.59	0.6	0.408748	
3	1	7	632	600	168	0.28	0.4	0.946656	
3	1	7	633	200	100	0.5	0.05	0.21605	
3	1	7	634	400	100	0.25	0.45	0.855331	
3	1	7	635	200	24	0.12	0.1	1.39182	
3	1	7	636	600	312	0.52	0.7	0.301062	
3	1	7	637	300	243	0.81	0.9	1.18867	
3	1	7	638	500	20	0.04	0.1	0.617605	
3	1	7	639	600	372	0.62	0.8	0.131221	
3	1	7	640	400	76	0.19	0.2	0.62907	
3	1	7	641	200	168	0.84	0.8	0.164674	
3	1	7	642	500	355	0.71	0.9	0.530246	
3	1	7	643	300	102	0.34	0.4	1.2419	
3	1	7	644	300	111	0.37	0.3	0.339165	
3	1	7	645	200	78	0.39	0.5	0.706686	
3	1	7	646	400	20	0.05	0.05	0.524346	
3	1	7	647	200	48	0.24	0.3	0.985394	
3	1	7	648	600	102	0.17	0.3	0.992664	
3	1	7	649	300	291	0.97	0.98	2.06604	
3	1	7	650	600	192	0.32	0.47	0.877192	
3	1	7	651	200	176	0.88	0.92	2.7244	
3	1	7	652	200	158	0.79	0.89	1.46336	
3	1	7	653	200	4	0.02	0.01	1.61017	
3	1	7	654	300	63	0.21	0.1	3.85697	
3	1	7	655	400	24	0.06	0.1	0.704512	
3	1	7	656	600	288	0.48	0.5	0.576962	
3	1	7	657	300	198	0.66	0.7	0.206708	
3	1	7	658	500	210	0.42	0.5	0.00301393	
3	1	7	659	500	365	0.73	0.8	0.710414	
3	1	7	660	300	204	0.68	0.8	2.65331	
3	1	7	661	200	148	0.74	0.87	0.930702	
3	1	7	662	300	81	0.27	0.48	1.13633	
3	1	7	663	400	160	0.4	0.5	0.212571	
3	1	7	664	500	425	0.85	0.9	2.35424	
3	1	7	665	500	45	0.09	0.2	1.24248	
3	1	7	666	500	465	0.93	0.91	1.90559	
3	1	7	667	600	330	0.55	0.5	0.383822	
3	1	7	668	300	231	0.77	0.7	1.85735	
3	1	7	669	600	390	0.65	0.8	0.640049	
3	1	7	670	600	450	0.75	0.7	1.24768	
3	1	7	671	200	120	0.6	0.55	0.530331	
3	1	7	672	200	28	0.14	0.2	1.01773	
3	1	7	673	300	39	0.13	0.2	0.251159	
3	1	7	674	600	174	0.29	0.3	1.47799	
3	1	7	675	600	492	0.82	0.8	0.682877	
3	1	7	676	600	42	0.07	0.1	0.700588	
3	1	7	677	400	188	0.47	0.5	0.365203	
3	1	7	678	500	255	0.51	0.5	0.215778	
3	1	7	679	500	345	0.69	0.67	1.24154	
3	1	7	680	200	196	0.98	0.999	0.862451	
3	1	7	681	400	132	0.33	0.5	1.30548	
3	1	7	682	600	480	0.8	0.8	0.538668	
3	1	7	683	400	288	0.72	0.6	0.784274	
3	1	7	684	400	124	0.31	0.5	0.609825	
3	1	7	685	500	285	0.57	0.67	1.6094	
3	1	7	686	600	138	0.23	0.45	0.101573	
3	1	7	687	200	86	0.43	0.45	0.769678	
3	1	7	688	300	24	0.08	0.1	0.99912	
3	1	7	689	500	180	0.36	0.5	0.907622	
3	1	7	690	500	225	0.45	0.5	0.344957	
3	1	7	691	500	100	0.2	0.4	1.06011	
3	1	7	692	600	402	0.67	0.8	0.785539	
3	1	7	693	200	100	0.5	0.5	0.292956	
3	1	7	694	200	180	0.9	0.99	0.178105	
3	1	7	695	600	456	0.76	0.89	0.337821	
3	1	7	696	600	564	0.94	0.9	1.00906	
3	1	7	697	600	576	0.96	0.9	0.224322	
3	1	7	698	300	105	0.35	0.5	1.20204	
3	1	7	699	400	4	0.01	0.2	1.39334	
3	1	7	700	200	122	0.61	0.6	0.513828	
3	1	8	701	200	10	0.05	0.2	1.20577	
3	1	8	702	400	192	0.48	0.5	0.719858	
3	1	8	703	300	114	0.38	0.5	0.287833	
3	1	8	704	300	120	0.4	0.5	0.281609	
3	1	8	705	200	44	0.22	0.3	0.639356	
3	1	8	706	200	122	0.61	0.6	0.378993	
3	1	8	707	300	258	0.86	0.98	0.660323	
3	1	8	708	300	69	0.23	0.47	1.50141	
3	1	8	709	400	208	0.52	0.67	2.90766	
3	1	8	710	500	445	0.89	0.9	1.48172	
3	1	8	711	500	330	0.66	0.8	2.56062	
3	1	8	712	500	195	0.39	0.5	0.00306617	
3	1	8	713	600	582	0.97	0.9	0.284693	
3	1	8	714	500	420	0.84	0.9	0.04213	
3	1	8	715	500	210	0.42	0.5	0.208138	
3	1	8	716	300	219	0.73	0.7	1.42781	
3	1	8	717	400	252	0.63	0.5	0.00494341	
3	1	8	718	600	60	0.1	0.3	1.00147	
3	1	8	719	500	345	0.69	0.6	1.87472	
3	1	8	720	300	63	0.21	0.1	0.189617	
3	1	8	721	500	495	0.99	0.999	1.34545	
3	1	8	722	600	264	0.44	0.49	1.74442	
3	1	8	723	200	140	0.7	0.6	2.52687	
3	1	8	724	600	90	0.15	0.2	0.21707	
3	1	8	725	300	225	0.75	0.06	1.66516	
3	1	8	726	400	216	0.54	0.5	0.834261	
3	1	8	727	500	300	0.6	0.7	2.44167	
3	1	8	728	200	4	0.02	0.01	0.603924	
3	1	8	729	200	196	0.98	0.99	0.475604	
3	1	8	730	400	120	0.3	0.46	1.62716	
3	1	8	731	300	105	0.35	0.5	0.253401	
3	1	8	732	600	408	0.68	0.7	0.406926	
3	1	8	733	600	306	0.51	0.5	0.00309737	
3	1	8	734	200	26	0.13	0.2	1.94252	
3	1	8	735	400	172	0.43	0.5	0.380933	
3	1	8	736	400	256	0.64	0.6	0.616419	
3	1	8	737	600	510	0.85	0.8	1.09394	
3	1	8	738	400	228	0.57	0.5	1.09921	
3	1	8	739	400	4	0.01	0.01	1.43425	
3	1	8	740	300	123	0.41	0.5	0.104348	
3	1	8	741	200	8	0.04	0.005	2.99193	
3	1	8	742	200	62	0.31	0.4	0.963894	
3	1	8	743	300	282	0.94	0.9	1.54122	
3	1	8	744	500	250	0.5	0.6	0.445973	
3	1	8	745	200	182	0.91	0.9	0.75917	
3	1	8	746	600	528	0.88	0.9	0.296395	
3	1	8	747	500	145	0.29	0.46	1.17624	
3	1	8	748	600	216	0.36	0.49	1.74703	
3	1	8	749	600	372	0.62	0.6	1.03072	
3	1	8	750	200	164	0.82	0.89	3.08968	
3	1	8	751	400	12	0.03	0.2	0.490348	
3	1	8	752	600	168	0.28	0.46	0.779986	
3	1	8	753	300	36	0.12	0.4	7.51675	
3	1	8	754	600	96	0.16	0.2	1.53002	
3	1	8	755	400	316	0.79	0.7	0.518885	
3	1	8	756	200	98	0.49	0.5	0.386482	
3	1	8	757	300	165	0.55	0.5	0.220159	
3	1	8	758	400	296	0.74	0.7	0.955714	
3	1	8	759	400	268	0.67	0.8	1.86223	
3	1	8	760	400	148	0.37	0.5	0.759857	
3	1	8	761	500	385	0.77	0.8	0.753288	
3	1	8	762	200	106	0.53	0.5	0.968625	
3	1	8	763	400	36	0.09	0.2	1.4181	
3	1	8	764	400	324	0.81	0.8	1.38492	
3	1	8	765	300	24	0.08	0.01	0.427868	
3	1	8	766	400	24	0.06	0.1	2.02371	
3	1	8	767	200	144	0.72	0.8	2.66582	
3	1	8	768	600	390	0.65	0.5	0.224337	
3	1	8	769	600	102	0.17	0.3	2.02207	
3	1	8	770	200	156	0.78	0.8	0.79252	
3	1	8	771	300	168	0.56	0.8	1.93593	
3	1	8	772	500	465	0.93	0.9	0.268569	
3	1	8	773	400	360	0.9	0.99	1.31727	
3	1	8	774	400	72	0.18	0.2	2.34972	
3	1	8	775	500	135	0.27	0.36	0.896399	
3	1	8	776	600	114	0.19	0.26	1.33086	
3	1	8	777	200	94	0.47	0.49	0.848992	
3	1	8	778	600	552	0.92	0.8	0.73492	
3	1	8	779	300	78	0.26	0.48	0.550386	
3	1	8	780	300	42	0.14	0.3	0.689108	
3	1	8	781	200	190	0.95	0.9	1.09466	
3	1	8	782	500	380	0.76	0.8	1.79427	
3	1	8	783	500	230	0.46	0.6	2.75321	
3	1	8	784	500	480	0.96	0.9	0.771268	
3	1	8	785	400	180	0.45	0.5	0.549902	
3	1	8	786	500	250	0.5	0.5	0.0492846	
3	1	8	787	600	150	0.25	0.34	0.760139	
3	1	8	788	600	66	0.11	0.1	0.520219	
3	1	8	789	600	426	0.71	0.5	2.08636	
3	1	8	790	600	42	0.07	0.1	0.290567	
3	1	8	791	500	435	0.87	0.9	0.718451	
3	1	8	792	300	102	0.34	0.5	0.0230708	
3	1	8	793	200	40	0.2	0.2	1.10082	
3	1	8	794	300	177	0.59	0.6	0.380032	
3	1	8	795	200	116	0.58	0.8	2.65761	
3	1	8	796	300	99	0.33	0.3	0.289278	
3	1	8	797	500	415	0.83	0.89	3.63733	
3	1	8	798	200	48	0.24	0.3	1.18711	
3	1	8	799	500	160	0.32	0.5	0.828285	
3	1	8	800	300	240	0.8	0.89	0.969667	
