Subject#	Target_color	Block#	Trial#	Numerosity	N_target	P_true	P_reported	RT	
8	2	1	1	300	144	0.48	0.5	3.38388	
8	2	1	2	500	50	0.1	0.12	9.79043	
8	2	1	3	200	16	0.08	0.08	4.37793	
8	2	1	4	200	54	0.27	0.34	1.78948	
8	2	1	5	400	160	0.4	0.65	1.68189	
8	2	1	6	400	376	0.94	0.99	4.52022	
8	2	1	7	500	150	0.3	0.52	5.08697	
8	2	1	8	500	30	0.06	0.12	7.43909	
8	2	1	9	600	360	0.6	0.87	5.59667	
8	2	1	10	200	150	0.75	0.85	7.1286	
8	2	1	11	400	144	0.36	0.55	4.19678	
8	2	1	12	600	534	0.89	0.91	2.77971	
8	2	1	13	600	30	0.05	0.095	5.28115	
8	2	1	14	300	270	0.9	0.94	2.56071	
8	2	1	15	300	153	0.51	0.74	2.43923	
8	2	1	16	400	388	0.97	0.93	2.8737	
8	2	1	17	200	8	0.04	0.07	3.11347	
8	2	1	18	500	415	0.83	0.78	5.08158	
8	2	1	19	400	280	0.7	0.74	1.60355	
8	2	1	20	600	192	0.32	0.43	3.59009	
8	2	1	21	200	136	0.68	0.68	4.48329	
8	2	1	22	300	3	0.01	0.08	3.78998	
8	2	1	23	300	183	0.61	0.69	3.46318	
8	2	1	24	500	465	0.93	0.92	2.5761	
8	2	1	25	300	63	0.21	0.14	3.16388	
8	2	1	26	600	102	0.17	0.15	3.86105	
8	2	1	27	200	164	0.82	0.9	4.02837	
8	2	1	28	300	285	0.95	0.9	1.67341	
8	2	1	29	200	130	0.65	0.83	4.13603	
8	2	1	30	400	264	0.66	0.72	5.90321	
8	2	1	31	200	66	0.33	0.35	2.78694	
8	2	1	32	600	516	0.86	0.78	3.01037	
8	2	1	33	300	243	0.81	0.88	4.68394	
8	2	1	34	500	220	0.44	0.47	5.14459	
8	2	1	35	200	56	0.28	0.24	2.194	
8	2	1	36	500	210	0.42	0.49	4.00635	
8	2	1	37	200	52	0.26	0.45	6.1496	
8	2	1	38	400	152	0.38	0.48	2.92912	
8	2	1	39	200	86	0.43	0.43	2.39881	
8	2	1	40	400	228	0.57	0.52	2.07709	
8	2	1	41	400	36	0.09	0.12	1.60582	
8	2	1	42	400	236	0.59	0.5	0.608656	
8	2	1	43	400	336	0.84	0.87	1.35196	
8	2	1	44	300	276	0.92	0.895	5.92875	
8	2	1	45	500	170	0.34	0.45	2.77636	
8	2	1	46	500	235	0.47	0.52	2.91814	
8	2	1	47	300	60	0.2	0.31	3.5012	
8	2	1	48	200	142	0.71	0.73	2.85202	
8	2	1	49	500	185	0.37	0.51	2.52024	
8	2	1	50	200	14	0.07	0.12	1.07039	
8	2	1	51	500	15	0.03	0.05	2.38517	
8	2	1	52	600	336	0.56	0.52	1.22661	
8	2	1	53	300	240	0.8	0.84	2.97258	
8	2	1	54	200	90	0.45	0.36	2.25261	
8	2	1	55	400	96	0.24	0.25	0.953008	
8	2	1	56	500	290	0.58	0.51	2.06785	
8	2	1	57	400	116	0.29	0.45	2.2002	
8	2	1	58	600	234	0.39	0.499	2.68503	
8	2	1	59	200	28	0.14	0.32	3.27437	
8	2	1	60	600	108	0.18	0.26	2.007	
8	2	1	61	500	345	0.69	0.86	1.34364	
8	2	1	62	200	82	0.41	0.51	2.98239	
8	2	1	63	500	125	0.25	0.43	2.93742	
8	2	1	64	600	186	0.31	0.38	2.07913	
8	2	1	65	500	55	0.11	0.11	1.49537	
8	2	1	66	500	455	0.91	0.915	3.19013	
8	2	1	67	200	196	0.98	0.99	3.0279	
8	2	1	68	300	189	0.63	0.86	3.38468	
8	2	1	69	300	234	0.78	0.82	2.64049	
8	2	1	70	500	250	0.5	0.38	2.85032	
8	2	1	71	500	365	0.73	0.45	2.73622	
8	2	1	72	300	162	0.54	0.48	3.52846	
8	2	1	73	400	288	0.72	0.56	1.90586	
8	2	1	74	200	170	0.85	0.86	5.73069	
8	2	1	75	400	196	0.49	0.43	2.28869	
8	2	1	76	500	265	0.53	0.43	0.754515	
8	2	1	77	600	78	0.13	0.23	3.03294	
8	2	1	78	600	576	0.96	0.82	4.06135	
8	2	1	79	500	230	0.46	0.38	1.23215	
8	2	1	80	600	138	0.23	0.22	2.68515	
8	2	1	81	600	90	0.15	0.25	0.959618	
8	2	1	82	400	348	0.87	0.83	0.682507	
8	2	1	83	300	36	0.12	0.11	3.528	
8	2	1	84	400	8	0.02	0.06	1.82547	
8	2	1	85	400	308	0.77	0.74	1.57621	
8	2	1	86	600	528	0.88	0.87	1.70296	
8	2	1	87	600	114	0.19	0.27	2.57367	
8	2	1	88	400	256	0.64	0.74	1.70982	
8	2	1	89	300	150	0.5	0.68	4.06855	
8	2	1	90	600	372	0.62	0.65	3.08354	
8	2	1	91	200	158	0.79	0.59	5.6469	
8	2	1	92	600	96	0.16	0.43	7.34656	
8	2	1	93	200	44	0.22	0.25	5.88211	
8	2	1	94	400	296	0.74	0.75	1.82936	
8	2	1	95	600	594	0.99	0.983	3.42097	
8	2	1	96	300	105	0.35	0.368	3.71791	
8	2	1	97	300	228	0.76	0.856	3.03283	
8	2	1	98	600	330	0.55	0.679	2.76837	
8	2	1	99	300	156	0.52	0.645	2.72414	
8	2	1	100	300	201	0.67	0.65	4.15563	
8	2	2	101	500	280	0.56	0.59	3.45966	
8	2	2	102	300	204	0.68	0.23	0.406814	
8	2	2	103	500	430	0.86	0.12	0.980577	
8	2	2	104	600	390	0.65	0.79	3.10495	
8	2	2	105	200	198	0.99	0.989	2.89444	
8	2	2	106	600	564	0.94	0.923	9.70177	
8	2	2	107	200	80	0.4	0.31	4.24329	
8	2	2	108	400	68	0.17	0.12	1.54606	
8	2	2	109	300	192	0.64	0.74	2.16297	
8	2	2	110	500	235	0.47	0.35	3.55359	
8	2	2	111	600	138	0.23	0.213	2.73822	
8	2	2	112	200	126	0.63	0.65	2.7933	
8	2	2	113	500	5	0.01	0.04	9.44089	
8	2	2	114	500	25	0.05	0.12	3.70564	
8	2	2	115	600	546	0.91	0.913	3.04849	
8	2	2	116	600	342	0.57	0.75	15.8554	
8	2	2	117	300	234	0.78	0.88	0.854744	
8	2	2	118	400	148	0.37	0.045	2.04371	
8	2	2	119	600	126	0.21	0.46	3.35194	
8	2	2	120	200	124	0.62	0.856	1.75715	
8	2	2	121	600	510	0.85	0.85	1.39333	
8	2	2	122	200	180	0.9	0.912	3.55356	
8	2	2	123	500	195	0.39	0.78	3.61287	
8	2	2	124	500	75	0.15	0.809	1.43358	
8	2	2	125	500	60	0.12	0.12	0.352171	
8	2	2	126	300	243	0.81	0.872	1.52754	
8	2	2	127	300	57	0.19	0.11	2.06989	
8	2	2	128	400	216	0.54	0.88	2.00624	
8	2	2	129	400	300	0.75	0.91	1.57487	
8	2	2	130	600	294	0.49	0.77	1.88142	
8	2	2	131	500	130	0.26	0.76	5.1318	
8	2	2	132	200	20	0.1	0.11	2.47999	
8	2	2	133	600	174	0.29	0.311	2.93576	
8	2	2	134	400	308	0.77	0.78	1.62496	
8	2	2	135	300	228	0.76	0.7	1.47392	
8	2	2	136	500	55	0.11	0.82	4.55253	
8	2	2	137	500	10	0.02	0.98	1.60163	
8	2	2	138	600	438	0.73	0.87	1.8772	
8	2	2	139	500	490	0.98	0.91	3.11193	
8	2	2	140	200	60	0.3	0.443	3.18988	
8	2	2	141	400	356	0.89	0.28	3.26635	
8	2	2	142	300	132	0.44	0.22	1.80831	
8	2	2	143	400	268	0.67	0.34	2.06907	
8	2	2	144	600	552	0.92	0.21	1.46154	
8	2	2	145	200	92	0.46	0.12	1.19226	
8	2	2	146	400	112	0.28	0.11	1.7076	
8	2	2	147	600	444	0.74	0.11	0.948345	
8	2	2	148	200	144	0.72	0.22	2.82352	
8	2	2	149	300	279	0.93	0.87	3.84137	
8	2	2	150	400	124	0.31	0.11	0.5048	
8	2	2	151	400	232	0.58	0.45	1.94627	
8	2	2	152	400	164	0.41	0.34	0.928935	
8	2	2	153	200	40	0.2	0.11	1.62185	
8	2	2	154	300	129	0.43	0.44	1.97842	
8	2	2	155	300	96	0.32	0.221	1.50031	
8	2	2	156	500	410	0.82	0.11	0.0616008	
8	2	2	157	200	142	0.71	0.8	1.50876	
8	2	2	158	200	48	0.24	0.45	6.42133	
8	2	2	159	400	140	0.35	0.47	4.73291	
8	2	2	160	600	318	0.53	0.53	6.7416	
8	2	2	161	300	27	0.09	0.11	3.05946	
8	2	2	162	600	24	0.04	0.1	1.30508	
8	2	2	163	300	291	0.97	0.89	1.82977	
8	2	2	164	600	366	0.61	0.67	2.21254	
8	2	2	165	400	316	0.79	0.71	3.39055	
8	2	2	166	500	80	0.16	0.23	1.04623	
8	2	2	167	600	48	0.08	0.21	1.04338	
8	2	2	168	600	78	0.13	0.23	1.23863	
8	2	2	169	400	236	0.59	0.33	3.51765	
8	2	2	170	300	198	0.66	0.44	1.67313	
8	2	2	171	500	225	0.45	0.45	1.504	
8	2	2	172	300	288	0.96	0.89	1.69068	
8	2	2	173	300	150	0.5	0.611	4.31518	
8	2	2	174	200	168	0.84	0.899	2.49725	
8	2	2	175	200	14	0.07	0.11	1.90731	
8	2	2	176	300	18	0.06	0.11	1.74001	
8	2	2	177	500	260	0.52	0.77	3.35465	
8	2	2	178	400	168	0.42	0.72	1.56341	
8	2	2	179	200	76	0.38	0.61	1.89802	
8	2	2	180	600	420	0.7	0.61	2.10602	
8	2	2	181	300	108	0.36	0.74	1.66065	
8	2	2	182	400	192	0.48	0.74	1.96259	
8	2	2	183	400	332	0.83	0.85	2.64319	
8	2	2	184	400	12	0.03	0.11	1.62952	
8	2	2	185	400	240	0.6	0.75	3.56433	
8	2	2	186	600	204	0.34	0.43	1.52196	
8	2	2	187	300	99	0.33	0.23	2.50663	
8	2	2	188	500	475	0.95	0.87	2.34485	
8	2	2	189	500	255	0.51	0.54	6.04892	
8	2	2	190	300	261	0.87	0.87	1.78001	
8	2	2	191	400	200	0.5	0.468	4.82077	
8	2	2	192	200	36	0.18	0.12	2.90134	
8	2	2	193	200	138	0.69	0.442	2.04723	
8	2	2	194	500	440	0.88	0.81	1.96726	
8	2	2	195	200	50	0.25	0.32	2.10149	
8	2	2	196	200	44	0.22	0.21	1.02859	
8	2	2	197	600	162	0.27	0.31	2.6317	
8	2	2	198	500	400	0.8	0.23	1.49313	
8	2	2	199	300	42	0.14	0.13	0.222018	
8	2	2	200	200	110	0.55	0.67	1.41729	
8	2	3	201	400	80	0.2	0.034	1.87813	
8	2	3	202	200	76	0.38	0.43	0.898072	
8	2	3	203	300	36	0.12	0.21	0.641999	
8	2	3	204	400	8	0.02	0.11	1.02728	
8	2	3	205	600	528	0.88	0.89	0.87443	
8	2	3	206	200	8	0.04	0.09	2.37966	
8	2	3	207	500	35	0.07	0.11	1.95229	
8	2	3	208	400	304	0.76	0.8	1.45092	
8	2	3	209	300	174	0.58	0.82	1.04167	
8	2	3	210	600	546	0.91	0.78	6.72079	
8	2	3	211	600	474	0.79	0.77	4.96818	
8	2	3	212	600	504	0.84	0.66	1.86089	
8	2	3	213	300	39	0.13	0.13	1.13494	
8	2	3	214	500	130	0.26	0.12	0.00319894	
8	2	3	215	600	570	0.95	0.88	0.947776	
8	2	3	216	400	300	0.75	0.85	1.42916	
8	2	3	217	300	63	0.21	0.21	2.76353	
8	2	3	218	600	276	0.46	0.38	1.64593	
8	2	3	219	400	216	0.54	0.82	1.51276	
8	2	3	220	500	480	0.96	0.92	1.42332	
8	2	3	221	500	460	0.92	0.94	3.3362	
8	2	3	222	600	330	0.55	0.51	6.00569	
8	2	3	223	400	268	0.67	0.45	2.70952	
8	2	3	224	500	240	0.48	0.34	1.40922	
8	2	3	225	300	222	0.74	0.77	2.34068	
8	2	3	226	200	124	0.62	0.87	2.04097	
8	2	3	227	600	522	0.87	0.8	1.38964	
8	2	3	228	300	291	0.97	0.91	1.2527	
8	2	3	229	300	105	0.35	0.14	0.87173	
8	2	3	230	600	516	0.86	0.87	4.64896	
8	2	3	231	200	142	0.71	0.63	3.78143	
8	2	3	232	200	12	0.06	0.23	1.88895	
8	2	3	233	500	390	0.78	0.14	6.56344	
8	2	3	234	400	120	0.3	0.12	1.89716	
8	2	3	235	400	144	0.36	0.44	2.54984	
8	2	3	236	300	297	0.99	0.98	3.58966	
8	2	3	237	200	140	0.7	0.85	7.72863	
8	2	3	238	600	540	0.9	0.89	4.53621	
8	2	3	239	300	57	0.19	0.39	3.44317	
8	2	3	240	400	20	0.05	0.11	2.35897	
8	2	3	241	400	132	0.33	0.33	1.46908	
8	2	3	242	500	425	0.85	0.77	7.33405	
8	2	3	243	300	102	0.34	0.33	4.95292	
8	2	3	244	400	164	0.41	0.31	2.16769	
8	2	3	245	200	114	0.57	0.33	15.9339	
8	2	3	246	600	588	0.98	0.95	1.10371	
8	2	3	247	600	414	0.69	0.73	5.369	
8	2	3	248	300	180	0.6	0.74	6.04069	
8	2	3	249	500	250	0.5	0.43	2.19439	
8	2	3	250	400	12	0.03	0.11	0.208474	
8	2	3	251	500	465	0.93	0.33	4.69621	
8	2	3	252	600	300	0.5	0.77	2.07692	
8	2	3	253	600	132	0.22	0.03	1.55947	
8	2	3	254	400	60	0.15	0.35	8.54452	
8	2	3	255	500	365	0.73	0.41	2.39474	
8	2	3	256	200	102	0.51	0.56	1.78068	
8	2	3	257	200	36	0.18	0.12	1.16929	
8	2	3	258	500	315	0.63	0.61	1.68615	
8	2	3	259	400	128	0.32	0.56	1.8427	
8	2	3	260	200	18	0.09	0.14	0.816967	
8	2	3	261	500	5	0.01	0.08	2.01045	
8	2	3	262	500	410	0.82	0.78	1.87698	
8	2	3	263	400	320	0.8	0.87	2.50578	
8	2	3	264	200	20	0.1	0.12	5.14761	
8	2	3	265	300	192	0.64	0.79	2.12027	
8	2	3	266	600	144	0.24	0.44	5.48816	
8	2	3	267	300	168	0.56	0.077	1.12876	
8	2	3	268	200	166	0.83	0.89	0.668819	
8	2	3	269	300	111	0.37	0.43	0.533479	
8	2	3	270	500	360	0.72	0.78	1.32389	
8	2	3	271	300	156	0.52	0.67	7.80247	
8	2	3	272	600	396	0.66	0.78	1.84122	
8	2	3	273	300	147	0.49	0.43	2.48569	
8	2	3	274	300	51	0.17	0.22	1.29156	
8	2	3	275	600	486	0.81	0.83	2.78567	
8	2	3	276	500	220	0.44	0.33	0.884572	
8	2	3	277	400	32	0.08	0.18	1.59967	
8	2	3	278	500	140	0.28	0.44	15.0681	
8	2	3	279	200	86	0.43	0.22	1.69855	
8	2	3	280	300	159	0.53	0.45	1.26112	
8	2	3	281	200	28	0.14	0.13	1.50002	
8	2	3	282	600	66	0.11	0.11	0.782823	
8	2	3	283	500	235	0.47	0.68	1.52947	
8	2	3	284	400	236	0.59	0.44	1.3373	
8	2	3	285	500	225	0.45	0.48	0.81645	
8	2	3	286	300	195	0.65	0.44	2.79318	
8	2	3	287	400	272	0.68	0.33	0.6946	
8	2	3	288	200	46	0.23	0.12	0.2861	
8	2	3	289	300	120	0.4	0.14	0.827978	
8	2	3	290	600	534	0.89	0.75	1.82515	
8	2	3	291	500	470	0.94	0.84	1.208	
8	2	3	292	200	154	0.77	0.76	0.933222	
8	2	3	293	200	122	0.61	0.66	1.49252	
8	2	3	294	200	54	0.27	0.78	2.24544	
8	2	3	295	200	78	0.39	0.7	1.6979	
8	2	3	296	600	150	0.25	0.22	1.10407	
8	2	3	297	500	80	0.16	0.11	2.30198	
8	2	3	298	400	124	0.31	0.11	5.77602	
8	2	3	299	200	58	0.29	0.08	5.65194	
8	2	3	300	400	168	0.42	0.44	0.558549	
8	2	4	301	200	44	0.22	0.42	0.927093	
8	2	4	302	600	360	0.6	0.33	1.9126	
8	2	4	303	300	291	0.97	0.92	3.55567	
8	2	4	304	500	270	0.54	0.33	0.761399	
8	2	4	305	500	160	0.32	0.32	0.328781	
8	2	4	306	200	72	0.36	0.22	1.61873	
8	2	4	307	200	38	0.19	0.18	1.11972	
8	2	4	308	200	50	0.25	0.45	1.08248	
8	2	4	309	400	4	0.01	0.1	1.72585	
8	2	4	310	400	300	0.75	0.87	1.90646	
8	2	4	311	500	280	0.56	0.88	1.49699	
8	2	4	312	200	100	0.5	0.77	1.66398	
8	2	4	313	600	258	0.43	0.65	2.01288	
8	2	4	314	300	153	0.51	0.54	1.75546	
8	2	4	315	600	540	0.9	0.89	0.312091	
8	2	4	316	500	260	0.52	0.76	2.03755	
8	2	4	317	500	465	0.93	0.91	1.6867	
8	2	4	318	400	280	0.7	0.87	1.71333	
8	2	4	319	300	45	0.15	0.13	0.494078	
8	2	4	320	200	158	0.79	0.81	2.62173	
8	2	4	321	400	328	0.82	0.71	4.62983	
8	2	4	322	400	104	0.26	0.22	2.23857	
8	2	4	323	300	48	0.16	0.12	0.504806	
8	2	4	324	200	168	0.84	0.12	0.964574	
8	2	4	325	300	159	0.53	0.17	2.12774	
8	2	4	326	600	384	0.64	0.82	0.711989	
8	2	4	327	600	84	0.14	0.21	2.06659	
8	2	4	328	200	118	0.59	0.73	4.00946	
8	2	4	329	200	14	0.07	0.12	1.07368	
8	2	4	330	500	415	0.83	0.82	0.827978	
8	2	4	331	500	155	0.31	0.222	5.22019	
8	2	4	332	400	20	0.05	0.11	1.57679	
8	2	4	333	500	425	0.85	0.81	2.80721	
8	2	4	334	500	220	0.44	0.34	7.70209	
8	2	4	335	600	12	0.02	0.21	4.04996	
8	2	4	336	200	92	0.46	0.34	2.3162	
8	2	4	337	300	171	0.57	0.45	1.76861	
8	2	4	338	400	368	0.92	0.87	2.06154	
8	2	4	339	600	252	0.42	0.34	1.48882	
8	2	4	340	400	148	0.37	0.33	0.461597	
8	2	4	341	200	24	0.12	0.099	1.4294	
8	2	4	342	600	18	0.03	0.109	0.823545	
8	2	4	343	400	344	0.86	0.89	2.25042	
8	2	4	344	300	297	0.99	0.975	3.1703	
8	2	4	345	600	330	0.55	0.73	2.4245	
8	2	4	346	300	285	0.95	0.78	2.91467	
8	2	4	347	600	102	0.17	0.23	1.88149	
8	2	4	348	300	195	0.65	0.33	2.06048	
8	2	4	349	400	364	0.91	0.8	2.50518	
8	2	4	350	600	168	0.28	0.34	1.46537	
8	2	4	351	200	40	0.2	0.32	1.15629	
8	2	4	352	500	65	0.13	0.22	0.531547	
8	2	4	353	300	54	0.18	0.14	0.563153	
8	2	4	354	200	138	0.69	0.84	1.68032	
8	2	4	355	500	370	0.74	0.93	1.19488	
8	2	4	356	400	312	0.78	0.87	1.27402	
8	2	4	357	500	225	0.45	0.78	4.41885	
8	2	4	358	500	240	0.48	0.67	6.1641	
8	2	4	359	200	68	0.34	0.455	1.24169	
8	2	4	360	600	522	0.87	0.92	1.82638	
8	2	4	361	400	232	0.58	0.78	1.9148	
8	2	4	362	200	122	0.61	0.78	1.939	
8	2	4	363	600	564	0.94	0.81	2.21552	
8	2	4	364	400	200	0.5	0.72	1.6135	
8	2	4	365	400	120	0.3	0.34	0.97645	
8	2	4	366	300	216	0.72	0.74	0.7934	
8	2	4	367	400	160	0.4	0.47	1.9425	
8	2	4	368	400	36	0.09	0.23	1.88109	
8	2	4	369	300	105	0.35	0.44	2.31139	
8	2	4	370	600	486	0.81	0.78	1.95997	
8	2	4	371	300	201	0.67	0.84	1.51131	
8	2	4	372	200	124	0.62	0.76	1.65724	
8	2	4	373	200	136	0.68	0.54	2.36207	
8	2	4	374	300	114	0.38	0.23	1.43433	
8	2	4	375	600	234	0.39	0.32	0.107142	
8	2	4	376	200	146	0.73	0.87	0.824755	
8	2	4	377	600	66	0.11	0.23	2.69004	
8	2	4	378	300	87	0.29	0.332	1.1402	
8	2	4	379	300	288	0.96	0.76	3.68705	
8	2	4	380	200	12	0.06	0.12	1.88132	
8	2	4	381	500	165	0.33	0.384	2.50149	
8	2	4	382	500	135	0.27	0.23	0.31138	
8	2	4	383	400	320	0.8	0.83	1.27897	
8	2	4	384	500	115	0.23	0.47	0.00310659	
8	2	4	385	300	198	0.66	0.87	1.13129	
8	2	4	386	400	164	0.41	0.72	2.16031	
8	2	4	387	600	588	0.98	0.89	1.69107	
8	2	4	388	600	528	0.88	0.82	1.41771	
8	2	4	389	500	315	0.63	0.78	1.60493	
8	2	4	390	400	188	0.47	0.67	1.58949	
8	2	4	391	400	356	0.89	0.81	0.334464	
8	2	4	392	500	20	0.04	0.08	1.77416	
8	2	4	393	600	60	0.1	0.12	1.11505	
8	2	4	394	200	142	0.71	0.92	0.896184	
8	2	4	395	300	72	0.24	0.23	1.18951	
8	2	4	396	300	24	0.08	0.07	2.53653	
8	2	4	397	500	105	0.21	0.28	1.32114	
8	2	4	398	500	245	0.49	0.43	4.81595	
8	2	4	399	600	462	0.77	0.87	1.01058	
8	2	4	400	300	228	0.76	0.78	0.797771	
8	2	5	401	300	297	0.99	0.98	1.2454	
8	2	5	402	400	40	0.1	0.114	2.86606	
8	2	5	403	500	200	0.4	0.489	1.50792	
8	2	5	404	500	410	0.82	0.84	1.47841	
8	2	5	405	300	150	0.5	0.68	2.02711	
8	2	5	406	400	140	0.35	0.44	1.60114	
8	2	5	407	500	115	0.23	0.34	0.400152	
8	2	5	408	300	183	0.61	0.51	1.35938	
8	2	5	409	600	84	0.14	0.22	2.04973	
8	2	5	410	600	246	0.41	0.48	1.65444	
8	2	5	411	200	8	0.04	0.11	2.53535	
8	2	5	412	400	116	0.29	0.34	4.55145	
8	2	5	413	200	96	0.48	0.48	2.73646	
8	2	5	414	200	32	0.16	0.33	1.85436	
8	2	5	415	400	72	0.18	0.22	0.321374	
8	2	5	416	500	95	0.19	0.25	1.09492	
8	2	5	417	200	190	0.95	0.83	1.2001	
8	2	5	418	400	176	0.44	0.74	1.3899	
8	2	5	419	400	104	0.26	0.42	4.96419	
8	2	5	420	400	96	0.24	0.033	0.754989	
8	2	5	421	500	125	0.25	0.31	1.21578	
8	2	5	422	200	110	0.55	0.23	1.66433	
8	2	5	423	600	312	0.52	0.77	1.15081	
8	2	5	424	400	268	0.67	0.84	1.38164	
8	2	5	425	200	166	0.83	0.94	2.39873	
8	2	5	426	500	65	0.13	0.34	4.02654	
8	2	5	427	600	162	0.27	0.28	1.84206	
8	2	5	428	400	128	0.32	0.38	2.31643	
8	2	5	429	300	204	0.68	0.68	1.64483	
8	2	5	430	300	36	0.12	0.26	3.00142	
8	2	5	431	600	480	0.8	0.815	1.98957	
8	2	5	432	400	152	0.38	0.56	6.10507	
8	2	5	433	400	188	0.47	0.6	1.98274	
8	2	5	434	600	588	0.98	0.92	6.48284	
8	2	5	435	200	6	0.03	0.085	3.65032	
8	2	5	436	600	534	0.89	0.88	2.32733	
8	2	5	437	600	132	0.22	0.22	0.519547	
8	2	5	438	200	90	0.45	0.67	1.35736	
8	2	5	439	300	216	0.72	0.87	0.726012	
8	2	5	440	500	345	0.69	0.78	1.50667	
8	2	5	441	200	140	0.7	0.85	1.13246	
8	2	5	442	200	84	0.42	0.052	1.91945	
8	2	5	443	200	188	0.94	0.944	1.36412	
8	2	5	444	600	42	0.07	0.12	4.61942	
8	2	5	445	600	540	0.9	0.81	1.1064	
8	2	5	446	200	12	0.06	0.095	3.80105	
8	2	5	447	300	159	0.53	0.73	4.48635	
8	2	5	448	300	279	0.93	0.82	2.66099	
8	2	5	449	500	315	0.63	0.76	4.37687	
8	2	5	450	500	420	0.84	0.88	0.921792	
8	2	5	451	500	185	0.37	0.54	2.65703	
8	2	5	452	600	576	0.96	0.89	3.53554	
8	2	5	453	300	90	0.3	0.32	1.51754	
8	2	5	454	600	372	0.62	0.61	5.3324	
8	2	5	455	600	294	0.49	0.61	0.815891	
8	2	5	456	300	3	0.01	0.04	3.9022	
8	2	5	457	500	385	0.77	0.65	2.56703	
8	2	5	458	200	170	0.85	0.88	0.844913	
8	2	5	459	200	130	0.65	0.88	3.0357	
8	2	5	460	200	184	0.92	0.92	1.20953	
8	2	5	461	400	156	0.39	0.59	3.4265	
8	2	5	462	400	296	0.74	0.79	1.5001	
8	2	5	463	400	124	0.31	0.37	2.87086	
8	2	5	464	300	273	0.91	0.75	9.33006	
8	2	5	465	400	324	0.81	0.77	1.7613	
8	2	5	466	600	306	0.51	0.74	12.2277	
8	2	5	467	400	232	0.58	0.56	8.95195	
8	2	5	468	600	396	0.66	0.85	1.46606	
8	2	5	469	200	68	0.34	0.56	1.33066	
8	2	5	470	300	108	0.36	0.78	0.343785	
8	2	5	471	500	280	0.56	0.84	0.557653	
8	2	5	472	600	54	0.09	0.23	0.400985	
8	2	5	473	500	250	0.5	0.67	1.00269	
8	2	5	474	300	258	0.86	0.84	0.747779	
8	2	5	475	500	165	0.33	0.456	1.14739	
8	2	5	476	400	240	0.6	0.76	0.876068	
8	2	5	477	500	375	0.75	0.77	0.715379	
8	2	5	478	600	90	0.15	0.32	0.653054	
8	2	5	479	300	162	0.54	0.75	1.25837	
8	2	5	480	200	156	0.78	0.87	1.38335	
8	2	5	481	500	440	0.88	0.83	1.42419	
8	2	5	482	200	40	0.2	0.32	0.602688	
8	2	5	483	500	10	0.02	0.33	3.68219	
8	2	5	484	400	388	0.97	0.88	1.23197	
8	2	5	485	400	348	0.87	0.87	1.59094	
8	2	5	486	600	168	0.28	0.43	1.33173	
8	2	5	487	300	213	0.71	0.76	1.0367	
8	2	5	488	200	10	0.05	0.12	2.31451	
8	2	5	489	500	230	0.46	0.644	1.58004	
8	2	5	490	300	63	0.21	0.28	2.85744	
8	2	5	491	500	320	0.64	0.75	1.3535	
8	2	5	492	500	365	0.73	0.85	0.262591	
8	2	5	493	600	48	0.08	0.25	0.55026	
8	2	5	494	300	129	0.43	0.54	0.545809	
8	2	5	495	400	304	0.76	0.75	0.401432	
8	2	5	496	200	34	0.17	0.123	0.544955	
8	2	5	497	600	474	0.79	0.79	0.428366	
8	2	5	498	300	171	0.57	0.54	0.198105	
8	2	5	499	300	177	0.59	0.56	0.653602	
8	2	5	500	300	33	0.11	0.32	0.309196	
8	2	6	501	200	92	0.46	0.45	0.479263	
8	2	6	502	300	192	0.64	0.4	1.25394	
8	2	6	503	500	135	0.27	0.46	1.31169	
8	2	6	504	200	102	0.51	0.67	0.784965	
8	2	6	505	500	35	0.07	0.12	0.538177	
8	2	6	506	300	171	0.57	0.57	1.25759	
8	2	6	507	500	295	0.59	0.76	1.45467	
8	2	6	508	600	282	0.47	0.84	1.10138	
8	2	6	509	600	330	0.55	0.86	1.21056	
8	2	6	510	500	90	0.18	0.68	2.53771	
8	2	6	511	300	282	0.94	0.8	2.41186	
8	2	6	512	400	320	0.8	0.81	1.26629	
8	2	6	513	500	250	0.5	0.68	1.44734	
8	2	6	514	200	164	0.82	0.76	1.31216	
8	2	6	515	200	182	0.91	0.73	0.833204	
8	2	6	516	400	300	0.75	0.72	0.596042	
8	2	6	517	400	384	0.96	0.776	0.0096243	
8	2	6	518	500	430	0.86	0.67	2.43614	
8	2	6	519	200	134	0.67	0.76	2.43027	
8	2	6	520	400	12	0.03	0.1	1.4926	
8	2	6	521	500	495	0.99	0.97	0.913214	
8	2	6	522	400	284	0.71	0.89	2.0324	
8	2	6	523	300	237	0.79	0.88	0.54122	
8	2	6	524	300	48	0.16	0.23	1.53662	
8	2	6	525	400	88	0.22	0.22	0.357332	
8	2	6	526	500	440	0.88	0.77	0.674907	
8	2	6	527	300	51	0.17	0.22	0.682616	
8	2	6	528	600	462	0.77	0.81	2.95795	
8	2	6	529	300	243	0.81	0.89	2.02185	
8	2	6	530	200	152	0.76	0.87	2.12024	
8	2	6	531	200	196	0.98	0.97	0.224714	
8	2	6	532	600	222	0.37	0.34	1.34719	
8	2	6	533	300	150	0.5	0.54	1.77818	
8	2	6	534	400	104	0.26	0.54	0.761037	
8	2	6	535	200	60	0.3	0.34	1.54628	
8	2	6	536	600	234	0.39	0.49	0.641176	
8	2	6	537	200	106	0.53	0.71	1.45682	
8	2	6	538	300	162	0.54	0.76	1.34733	
8	2	6	539	600	372	0.62	0.72	1.49822	
8	2	6	540	300	3	0.01	0.055	1.80904	
8	2	6	541	500	60	0.12	0.22	6.3593	
8	2	6	542	500	245	0.49	0.47	2.13498	
8	2	6	543	500	340	0.68	0.68	1.69748	
8	2	6	544	600	390	0.65	0.78	0.988128	
8	2	6	545	600	30	0.05	0.12	1.64495	
8	2	6	546	500	415	0.83	0.77	1.30997	
8	2	6	547	300	135	0.45	0.4	2.96492	
8	2	6	548	300	291	0.97	0.88	2.87225	
8	2	6	549	200	86	0.43	0.42	1.28831	
8	2	6	550	500	210	0.42	0.44	0.361519	
8	2	6	551	200	146	0.73	0.76	0.126962	
8	2	6	552	600	90	0.15	0.23	1.7706	
8	2	6	553	400	348	0.87	0.45	8.0952	
8	2	6	554	300	279	0.93	0.91	1.31586	
8	2	6	555	600	24	0.04	0.11	1.47449	
8	2	6	556	600	186	0.31	0.45	0.443445	
8	2	6	557	400	100	0.25	0.23	1.1748	
8	2	6	558	400	136	0.34	0.41	1.09223	
8	2	6	559	400	160	0.4	0.43	1.40726	
8	2	6	560	600	414	0.69	0.76	1.44025	
8	2	6	561	200	18	0.09	0.12	0.577	
8	2	6	562	200	82	0.41	0.34	0.776256	
8	2	6	563	500	175	0.35	0.66	1.5356	
8	2	6	564	600	396	0.66	0.76	0.399272	
8	2	6	565	500	300	0.6	0.76	3.41696	
8	2	6	566	200	112	0.56	0.77	1.09216	
8	2	6	567	600	48	0.08	0.43	0.363163	
8	2	6	568	400	40	0.1	0.23	1.19471	
8	2	6	569	500	305	0.61	0.44	0.839905	
8	2	6	570	400	288	0.72	0.677	3.08099	
8	2	6	571	200	76	0.38	0.38	1.23489	
8	2	6	572	400	340	0.85	0.88	0.355678	
8	2	6	573	200	22	0.11	0.23	3.11317	
8	2	6	574	400	56	0.14	0.22	1.35329	
8	2	6	575	200	104	0.52	0.56	0.478075	
8	2	6	576	500	460	0.92	0.82	0.913602	
8	2	6	577	400	80	0.2	0.35	1.06687	
8	2	6	578	600	264	0.44	0.76	0.639929	
8	2	6	579	400	76	0.19	0.34	0.491407	
8	2	6	580	600	348	0.58	0.76	1.31299	
8	2	6	581	300	234	0.78	0.87	0.450011	
8	2	6	582	600	540	0.9	0.85	0.367269	
8	2	6	583	400	296	0.74	0.82	1.52197	
8	2	6	584	300	39	0.13	0.2	2.05262	
8	2	6	585	500	475	0.95	0.811	3.3929	
8	2	6	586	300	87	0.29	0.45	1.28258	
8	2	6	587	500	350	0.7	0.76	4.45118	
8	2	6	588	400	8	0.02	0.11	1.47418	
8	2	6	589	400	336	0.84	0.87	0.338839	
8	2	6	590	600	288	0.48	0.45	3.76848	
8	2	6	591	300	267	0.89	0.89	1.57003	
8	2	6	592	500	160	0.32	0.41	1.55059	
8	2	6	593	200	42	0.21	0.21	2.1412	
8	2	6	594	600	36	0.06	0.33	1.99149	
8	2	6	595	300	84	0.28	0.32	1.06229	
8	2	6	596	600	216	0.36	0.44	0.783539	
8	2	6	597	300	189	0.63	0.44	1.42854	
8	2	6	598	300	99	0.33	0.44	5.44344	
8	2	6	599	200	48	0.24	0.32	0.377827	
8	2	6	600	200	46	0.23	0.23	1.17564	
8	2	7	601	300	195	0.65	0.76	0.867571	
8	2	7	602	400	148	0.37	0.55	0.0784854	
8	2	7	603	600	60	0.1	0.44	0.778742	
8	2	7	604	200	32	0.16	0.21	0.861898	
8	2	7	605	200	94	0.47	0.34	0.853003	
8	2	7	606	500	310	0.62	0.76	0.476098	
8	2	7	607	600	258	0.43	0.77	0.783418	
8	2	7	608	300	291	0.97	0.95	0.946944	
8	2	7	609	500	75	0.15	0.32	0.520009	
8	2	7	610	400	88	0.22	0.33	0.405171	
8	2	7	611	600	420	0.7	0.82	0.884258	
8	2	7	612	200	112	0.56	0.76	1.6874	
8	2	7	613	200	138	0.69	0.82	0.922371	
8	2	7	614	200	36	0.18	0.24	0.631497	
8	2	7	615	200	56	0.28	0.41	1.28885	
8	2	7	616	600	366	0.61	0.78	1.66384	
8	2	7	617	300	72	0.24	0.35	0.824444	
8	2	7	618	200	196	0.98	0.98	0.708836	
8	2	7	619	300	246	0.82	0.87	0.733982	
8	2	7	620	200	76	0.38	0.35	0.911853	
8	2	7	621	400	332	0.83	0.75	0.686678	
8	2	7	622	400	204	0.51	0.45	1.11401	
8	2	7	623	300	3	0.01	0.02	2.54489	
8	2	7	624	500	400	0.8	0.78	1.12917	
8	2	7	625	200	80	0.4	0.35	1.60061	
8	2	7	626	200	156	0.78	0.45	2.53874	
8	2	7	627	600	126	0.21	0.402	1.91351	
8	2	7	628	200	176	0.88	0.4	4.39948	
8	2	7	629	600	270	0.45	0.42	1.54799	
8	2	7	630	400	124	0.31	0.41	1.72487	
8	2	7	631	500	275	0.55	0.42	3.65772	
8	2	7	632	400	284	0.71	0.43	0.909257	
8	2	7	633	400	200	0.5	0.44	1.05235	
8	2	7	634	200	144	0.72	0.44	1.41555	
8	2	7	635	300	222	0.74	0.76	0.606256	
8	2	7	636	300	21	0.07	0.2	0.691736	
8	2	7	637	600	360	0.6	0.76	0.364875	
8	2	7	638	200	182	0.91	0.87	1.46059	
8	2	7	639	400	156	0.39	0.23	3.67925	
8	2	7	640	200	126	0.63	0.45	1.74278	
8	2	7	641	500	10	0.02	0.11	3.32932	
8	2	7	642	300	87	0.29	0.43	0.54295	
8	2	7	643	400	256	0.64	0.76	0.75675	
8	2	7	644	300	138	0.46	0.44	1.11199	
8	2	7	645	400	228	0.57	0.45	1.96713	
8	2	7	646	400	236	0.59	0.76	0.353781	
8	2	7	647	600	36	0.06	0.35	0.273414	
8	2	7	648	500	85	0.17	0.33	0.783176	
8	2	7	649	300	108	0.36	0.45	0.760698	
8	2	7	650	600	156	0.26	0.45	1.21997	
8	2	7	651	500	425	0.85	0.36	0.263075	
8	2	7	652	300	297	0.99	0.98	0.688372	
8	2	7	653	500	365	0.73	0.86	0.658004	
8	2	7	654	300	270	0.9	0.89	2.74327	
8	2	7	655	300	90	0.3	0.34	0.583267	
8	2	7	656	400	372	0.93	0.89	1.89872	
8	2	7	657	600	402	0.67	0.76	0.516747	
8	2	7	658	500	170	0.34	0.34	0.786288	
8	2	7	659	600	534	0.89	0.85	1.57783	
8	2	7	660	300	282	0.94	0.92	1.76058	
8	2	7	661	300	75	0.25	0.25	0.441037	
8	2	7	662	200	26	0.13	0.32	0.940522	
8	2	7	663	500	100	0.2	0.43	0.1919	
8	2	7	664	500	245	0.49	0.62	0.541338	
8	2	7	665	400	272	0.68	0.75	0.883097	
8	2	7	666	500	405	0.81	0.82	0.618424	
8	2	7	667	500	220	0.44	0.76	1.46388	
8	2	7	668	600	396	0.66	0.72	1.09871	
8	2	7	669	600	72	0.12	0.43	1.30185	
8	2	7	670	500	270	0.54	0.52	2.24481	
8	2	7	671	400	348	0.87	0.76	2.05905	
8	2	7	672	400	56	0.14	0.12	0.839453	
8	2	7	673	500	385	0.77	0.75	0.116692	
8	2	7	674	200	152	0.76	0.677	2.03459	
8	2	7	675	600	576	0.96	0.87	1.13305	
8	2	7	676	400	132	0.33	0.43	2.61611	
8	2	7	677	600	192	0.32	0.42	1.2814	
8	2	7	678	200	38	0.19	0.12	0.307534	
8	2	7	679	300	276	0.92	0.86	0.753047	
8	2	7	680	500	395	0.79	0.88	0.358652	
8	2	7	681	200	46	0.23	0.102	0.521068	
8	2	7	682	400	44	0.11	0.11	0.313363	
8	2	7	683	400	192	0.48	0.32	0.440993	
8	2	7	684	600	252	0.42	0.43	0.416519	
8	2	7	685	200	82	0.41	0.44	1.94231	
8	2	7	686	500	40	0.08	0.37	5.87955	
8	2	7	687	500	475	0.95	0.82	0.355049	
8	2	7	688	200	150	0.75	0.76	1.40456	
8	2	7	689	300	252	0.84	0.72	1.4953	
8	2	7	690	300	159	0.53	0.76	1.63	
8	2	7	691	600	18	0.03	0.32	0.914944	
8	2	7	692	600	24	0.04	0.21	0.704452	
8	2	7	693	400	36	0.09	0.11	0.333985	
8	2	7	694	500	290	0.58	0.68	0.937486	
8	2	7	695	300	150	0.5	0.71	1.23235	
8	2	7	696	600	210	0.35	0.67	1.43543	
8	2	7	697	500	260	0.52	0.76	1.52426	
8	2	7	698	400	20	0.05	0.24	0.835192	
8	2	7	699	600	162	0.27	0.35	0.562397	
8	2	7	700	300	258	0.86	0.68	0.8799	
8	2	8	701	200	156	0.78	0.86	1.17198	
8	2	8	702	600	366	0.61	0.68	1.20777	
8	2	8	703	500	445	0.89	0.78	0.140049	
8	2	8	704	600	30	0.05	0.13	1.22154	
8	2	8	705	500	125	0.25	0.42	0.448534	
8	2	8	706	500	385	0.77	0.82	0.888286	
8	2	8	707	200	16	0.08	0.08	1.31162	
8	2	8	708	500	90	0.18	0.1	1.62477	
8	2	8	709	500	75	0.15	0.11	0.36917	
8	2	8	710	600	72	0.12	0.32	0.300987	
8	2	8	711	300	57	0.19	0.25	1.10238	
8	2	8	712	200	80	0.4	0.67	2.0593	
8	2	8	713	600	480	0.8	0.75	0.469981	
8	2	8	714	400	84	0.21	0.72	4.7833	
8	2	8	715	500	115	0.23	0.42	2.25021	
8	2	8	716	200	146	0.73	0.72	0.348737	
8	2	8	717	500	355	0.71	0.82	1.70027	
8	2	8	718	400	24	0.06	0.21	2.50878	
8	2	8	719	300	165	0.55	0.68	1.0911	
8	2	8	720	300	126	0.42	0.76	1.66426	
8	2	8	721	600	540	0.9	0.75	0.858738	
8	2	8	722	400	64	0.16	0.35	0.314259	
8	2	8	723	500	440	0.88	0.75	1.42366	
8	2	8	724	600	336	0.56	0.42	5.74342	
8	2	8	725	300	261	0.87	0.76	4.47153	
8	2	8	726	300	66	0.22	0.34	0.93665	
8	2	8	727	200	52	0.26	0.24	0.783975	
8	2	8	728	600	570	0.95	0.82	0.773575	
8	2	8	729	300	207	0.69	0.62	0.871868	
8	2	8	730	500	330	0.66	0.76	1.73572	
8	2	8	731	300	12	0.04	0.11	0.814688	
8	2	8	732	500	410	0.82	0.02	0.889425	
8	2	8	733	600	510	0.85	0.92	1.03715	
8	2	8	734	600	354	0.59	0.72	0.836506	
8	2	8	735	200	60	0.3	0.34	1.80781	
8	2	8	736	400	204	0.51	0.45	1.87037	
8	2	8	737	600	294	0.49	0.42	1.38658	
8	2	8	738	200	20	0.1	0.12	1.47458	
8	2	8	739	600	378	0.63	0.45	6.60891	
8	2	8	740	400	108	0.27	0.24	1.00415	
8	2	8	741	200	22	0.11	0.22	1.52952	
8	2	8	742	500	470	0.94	0.89	1.36023	
8	2	8	743	400	368	0.92	0.92	1.76919	
8	2	8	744	200	140	0.7	0.79	2.87978	
8	2	8	745	300	135	0.45	0.38	1.39566	
8	2	8	746	400	240	0.6	0.69	3.12836	
8	2	8	747	400	144	0.36	0.22	4.0087	
8	2	8	748	300	21	0.07	0.12	0.393708	
8	2	8	749	400	232	0.58	0.76	1.30514	
8	2	8	750	400	152	0.38	0.72	0.298066	
8	2	8	751	200	106	0.53	0.76	1.7497	
8	2	8	752	300	228	0.76	0.82	0.248374	
8	2	8	753	400	184	0.46	0.76	1.86016	
8	2	8	754	200	150	0.75	0.81	0.456859	
8	2	8	755	200	40	0.2	0.13	0.288606	
8	2	8	756	400	112	0.28	0.45	1.20609	
8	2	8	757	200	136	0.68	0.76	1.93314	
8	2	8	758	500	420	0.84	0.82	0.317738	
8	2	8	759	600	246	0.41	0.76	1.50514	
8	2	8	760	300	156	0.52	0.72	0.674179	
8	2	8	761	300	258	0.86	0.73	2.54338	
8	2	8	762	500	455	0.91	0.92	0.361359	
8	2	8	763	300	150	0.5	0.72	4.45294	
8	2	8	764	600	84	0.14	0.42	3.64201	
8	2	8	765	500	490	0.98	0.91	1.84555	
8	2	8	766	300	141	0.47	0.42	1.76606	
8	2	8	767	300	96	0.32	0.37	1.29484	
8	2	8	768	300	99	0.33	0.44	1.01564	
8	2	8	769	500	495	0.99	0.44	5.17281	
8	2	8	770	400	296	0.74	0.23	5.00331	
8	2	8	771	600	210	0.35	0.1	8.07577	
8	2	8	772	300	243	0.81	0.76	0.154383	
8	2	8	773	600	54	0.09	0.23	0.370132	
8	2	8	774	600	234	0.39	0.42	0.405633	
8	2	8	775	500	415	0.83	0.61	0.747149	
8	2	8	776	400	136	0.34	0.42	3.0747	
8	2	8	777	500	10	0.02	0.12	0.392571	
8	2	8	778	600	258	0.43	0.64	2.25781	
8	2	8	779	400	388	0.97	0.89	1.40216	
8	2	8	780	600	558	0.93	0.88	0.177051	
8	2	8	781	400	68	0.17	0.34	2.20854	
8	2	8	782	200	130	0.65	0.45	3.37488	
8	2	8	783	500	65	0.13	0.21	0.761245	
8	2	8	784	600	222	0.37	0.44	0.009651	
8	2	8	785	200	58	0.29	0.34	0.885032	
8	2	8	786	200	134	0.67	0.72	1.62641	
8	2	8	787	300	171	0.57	0.77	1.38302	
8	2	8	788	600	144	0.24	0.43	1.14617	
8	2	8	789	500	240	0.48	0.75	0.927214	
8	2	8	790	400	248	0.62	0.71	2.71456	
8	2	8	791	200	158	0.79	0.82	2.00623	
8	2	8	792	400	4	0.01	0.04	4.15276	
8	2	8	793	300	9	0.03	0.04	1.33787	
8	2	8	794	200	62	0.31	0.75	0.753301	
8	2	8	795	200	192	0.96	0.94	0.890462	
8	2	8	796	400	256	0.64	0.75	1.03552	
8	2	8	797	200	100	0.5	0.75	1.50088	
8	2	8	798	500	270	0.54	0.75	0.759559	
8	2	8	799	400	288	0.72	0.82	1.06231	
8	2	8	800	300	132	0.44	0.42	0.602377	
