Subject#	Target_color	Block#	Trial#	Numerosity	N_target	P_true	P_reported	RT	
4	2	1	1	300	147	0.49	0.65	1.1388	
4	2	1	2	600	426	0.71	0.8	1.75118	
4	2	1	3	300	297	0.99	0.995	1.3941	
4	2	1	4	500	330	0.66	0.5	1.04847	
4	2	1	5	600	18	0.03	0.05	1.43142	
4	2	1	6	400	244	0.61	0.5	1.86413	
4	2	1	7	300	141	0.47	0.45	1.35067	
4	2	1	8	600	432	0.72	0.825	1.4651	
4	2	1	9	600	390	0.65	0.75	1.67362	
4	2	1	10	300	261	0.87	0.85	1.9381	
4	2	1	11	500	455	0.91	0.9	1.5164	
4	2	1	12	500	415	0.83	0.8	1.24662	
4	2	1	13	300	117	0.39	0.6	1.50369	
4	2	1	14	200	104	0.52	0.5	0.600624	
4	2	1	15	400	128	0.32	0.45	1.23376	
4	2	1	16	500	20	0.04	0.1	1.36467	
4	2	1	17	500	155	0.31	0.4	2.2877	
4	2	1	18	200	108	0.54	0.5	0.77944	
4	2	1	19	200	90	0.45	0.35	1.49066	
4	2	1	20	600	348	0.58	0.777	2.43722	
4	2	1	21	300	228	0.76	0.8	1.56241	
4	2	1	22	500	440	0.88	0.9	0.882571	
4	2	1	23	400	256	0.64	0.65	1.04195	
4	2	1	24	600	408	0.68	0.78	2.4069	
4	2	1	25	200	52	0.26	0.35	1.46664	
4	2	1	26	600	450	0.75	0.9	1.52945	
4	2	1	27	300	255	0.85	0.8	2.64281	
4	2	1	28	200	38	0.19	0.25	1.53262	
4	2	1	29	600	246	0.41	0.4	1.71356	
4	2	1	30	600	84	0.14	0.2	1.20027	
4	2	1	31	500	50	0.1	0.1	0.395236	
4	2	1	32	600	276	0.46	0.56	1.50284	
4	2	1	33	300	276	0.92	0.89	1.4673	
4	2	1	34	500	140	0.28	0.34	1.59802	
4	2	1	35	600	564	0.94	0.92	2.43575	
4	2	1	36	600	102	0.17	0.15	1.05569	
4	2	1	37	200	156	0.78	0.7	2.23622	
4	2	1	38	400	160	0.4	0.5	1.7447	
4	2	1	39	400	308	0.77	0.75	1.95124	
4	2	1	40	200	46	0.23	0.23	1.3755	
4	2	1	41	400	172	0.43	0.45	0.800085	
4	2	1	42	300	75	0.25	0.23	2.60106	
4	2	1	43	300	24	0.08	0.1	0.69739	
4	2	1	44	500	300	0.6	0.756	2.2065	
4	2	1	45	300	201	0.67	0.75	2.11209	
4	2	1	46	500	405	0.81	0.8	1.74029	
4	2	1	47	200	186	0.93	0.95	0.593033	
4	2	1	48	200	96	0.48	0.5	0.408247	
4	2	1	49	400	316	0.79	0.69	2.11183	
4	2	1	50	200	2	0.01	0.05	0.791856	
4	2	1	51	400	248	0.62	0.69	2.4648	
4	2	1	52	400	392	0.98	0.99	0.66059	
4	2	1	53	500	135	0.27	0.4	1.92187	
4	2	1	54	300	258	0.86	0.8	1.46854	
4	2	1	55	400	64	0.16	0.29	1.21933	
4	2	1	56	400	380	0.95	0.95	1.7081	
4	2	1	57	200	126	0.63	0.65	1.30384	
4	2	1	58	200	42	0.21	0.4	2.34853	
4	2	1	59	200	24	0.12	0.3	2.56055	
4	2	1	60	300	102	0.34	0.4	1.4388	
4	2	1	61	300	6	0.02	0.09	2.25772	
4	2	1	62	200	48	0.24	0.35	1.74622	
4	2	1	63	400	224	0.56	0.5	0.696094	
4	2	1	64	500	220	0.44	0.42	0.833409	
4	2	1	65	600	318	0.53	0.4	1.2164	
4	2	1	66	600	180	0.3	0.3	0.76952	
4	2	1	67	500	30	0.06	0.1	1.82099	
4	2	1	68	400	88	0.22	0.25	1.22861	
4	2	1	69	200	118	0.59	0.6	1.18897	
4	2	1	70	300	99	0.33	0.4	2.29955	
4	2	1	71	400	36	0.09	0.2	2.19185	
4	2	1	72	600	306	0.51	0.77	0.857907	
4	2	1	73	500	480	0.96	0.09	2.51031	
4	2	1	74	600	330	0.55	0.86	1.9804	
4	2	1	75	400	200	0.5	0.5	0.632604	
4	2	1	76	500	175	0.35	0.43	0.989663	
4	2	1	77	600	42	0.07	0.19	2.29432	
4	2	1	78	400	292	0.73	0.8	1.30887	
4	2	1	79	200	30	0.15	0.32	2.23754	
4	2	1	80	400	328	0.82	0.79	0.959415	
4	2	1	81	200	140	0.7	0.69	1.21083	
4	2	1	82	300	111	0.37	0.62	1.27159	
4	2	1	83	300	15	0.05	0.201	2.24761	
4	2	1	84	300	240	0.8	0.78	2.03157	
4	2	1	85	500	370	0.74	0.84	1.57158	
4	2	1	86	600	120	0.2	0.33	2.25589	
4	2	1	87	200	180	0.9	0.8	1.11385	
4	2	1	88	400	276	0.69	0.7	0.632863	
4	2	1	89	300	291	0.97	0.9	0.455873	
4	2	1	90	500	250	0.5	0.49	1.88956	
4	2	1	91	500	55	0.11	0.158	1.136	
4	2	1	92	400	116	0.29	0.264	2.04989	
4	2	1	93	300	171	0.57	0.501	1.5578	
4	2	1	94	500	445	0.89	0.685	1.85622	
4	2	1	95	200	168	0.84	0.6	1.30434	
4	2	1	96	200	84	0.42	0.7	1.90293	
4	2	1	97	600	216	0.36	0.4	1.30656	
4	2	1	98	400	72	0.18	0.25	1.07555	
4	2	1	99	500	65	0.13	0.28	0.964575	
4	2	1	100	600	228	0.38	0.35	1.27554	
4	2	2	101	500	135	0.27	0.39	1.33175	
4	2	2	102	400	224	0.56	0.66	0.85416	
4	2	2	103	200	38	0.19	0.45	0.899867	
4	2	2	104	200	20	0.1	0.39	2.4731	
4	2	2	105	600	12	0.02	0.1	1.36926	
4	2	2	106	600	270	0.45	0.47	1.21599	
4	2	2	107	400	216	0.54	0.69	1.74862	
4	2	2	108	300	3	0.01	0.05	0.453078	
4	2	2	109	400	168	0.42	0.6	1.92071	
4	2	2	110	600	264	0.44	0.55	0.691319	
4	2	2	111	600	240	0.4	0.4	1.3686	
4	2	2	112	200	126	0.63	0.74	2.12772	
4	2	2	113	200	58	0.29	0.3	0.949484	
4	2	2	114	400	68	0.17	0.39	0.857088	
4	2	2	115	600	552	0.92	0.88	1.41033	
4	2	2	116	200	174	0.87	0.7	1.81115	
4	2	2	117	200	64	0.32	0.66	1.07174	
4	2	2	118	200	12	0.06	0.25	1.24839	
4	2	2	119	600	360	0.6	0.6	1.45729	
4	2	2	120	500	250	0.5	0.8	1.16847	
4	2	2	121	400	276	0.69	0.75	0.481355	
4	2	2	122	600	300	0.5	0.55	1.36076	
4	2	2	123	300	291	0.97	0.9	1.02566	
4	2	2	124	600	486	0.81	0.81	1.30479	
4	2	2	125	200	46	0.23	0.45	1.53163	
4	2	2	126	500	35	0.07	0.19	1.82047	
4	2	2	127	400	196	0.49	0.59	2.35508	
4	2	2	128	300	285	0.95	0.88	1.24776	
4	2	2	129	300	216	0.72	0.66	0.996658	
4	2	2	130	300	237	0.79	0.65	0.538957	
4	2	2	131	200	68	0.34	0.49	1.1159	
4	2	2	132	200	114	0.57	0.59	0.810642	
4	2	2	133	300	195	0.65	0.5	0.531788	
4	2	2	134	200	70	0.35	0.3	0.460998	
4	2	2	135	500	155	0.31	0.4	1.49253	
4	2	2	136	300	114	0.38	0.38	2.33562	
4	2	2	137	500	350	0.7	0.71	2.2914	
4	2	2	138	600	234	0.39	0.56	1.41155	
4	2	2	139	400	308	0.77	0.85	0.578662	
4	2	2	140	500	260	0.52	0.55	0.805913	
4	2	2	141	300	138	0.46	0.45	0.979232	
4	2	2	142	400	272	0.68	0.65	0.726343	
4	2	2	143	500	25	0.05	0.21	0.84893	
4	2	2	144	400	300	0.75	0.7	1.48201	
4	2	2	145	600	492	0.82	0.89	1.08448	
4	2	2	146	300	279	0.93	0.91	0.32571	
4	2	2	147	500	70	0.14	0.275	1.55506	
4	2	2	148	200	172	0.86	0.85	1.13724	
4	2	2	149	400	12	0.03	0.115	0.45835	
4	2	2	150	400	336	0.84	0.745	1.21784	
4	2	2	151	500	90	0.18	0.33	1.07414	
4	2	2	152	600	384	0.64	0.49	1.25528	
4	2	2	153	300	273	0.91	0.75	0.612027	
4	2	2	154	200	56	0.28	0.39	1.53162	
4	2	2	155	400	304	0.76	0.49	1.4164	
4	2	2	156	500	45	0.09	0.21	1.12931	
4	2	2	157	200	16	0.08	0.33	1.54804	
4	2	2	158	600	282	0.47	0.45	0.314675	
4	2	2	159	400	244	0.61	0.5	0.79447	
4	2	2	160	300	12	0.04	0.17	1.33748	
4	2	2	161	400	64	0.16	0.28	0.998178	
4	2	2	162	200	26	0.13	0.3	1.25924	
4	2	2	163	300	201	0.67	0.7	1.53448	
4	2	2	164	500	480	0.96	0.85	0.427183	
4	2	2	165	300	66	0.22	0.4	1.08486	
4	2	2	166	500	265	0.53	0.49	0.770198	
4	2	2	167	500	55	0.11	0.3	0.713494	
4	2	2	168	400	376	0.94	0.79	1.44886	
4	2	2	169	600	144	0.24	0.39	1.19334	
4	2	2	170	300	264	0.88	0.67	1.55248	
4	2	2	171	600	540	0.9	0.8	0.552832	
4	2	2	172	200	96	0.48	0.5	0.581754	
4	2	2	173	500	100	0.2	0.45	1.67321	
4	2	2	174	300	36	0.12	0.25	1.0238	
4	2	2	175	200	166	0.83	0.7	1.84507	
4	2	2	176	300	123	0.41	0.56	1.36751	
4	2	2	177	400	172	0.43	0.55	0.426346	
4	2	2	178	200	102	0.51	0.5	0.378019	
4	2	2	179	300	165	0.55	0.47	0.651292	
4	2	2	180	600	348	0.58	0.65	0.728423	
4	2	2	181	600	438	0.73	0.75	0.719027	
4	2	2	182	500	355	0.71	0.77	1.20968	
4	2	2	183	500	390	0.78	0.79	0.984464	
4	2	2	184	300	99	0.33	0.4	0.501194	
4	2	2	185	300	255	0.85	0.8	0.696435	
4	2	2	186	500	125	0.25	0.2	0.583662	
4	2	2	187	300	240	0.8	0.7	1.62067	
4	2	2	188	200	196	0.98	0.95	0.43756	
4	2	2	189	200	60	0.3	0.33	0.826746	
4	2	2	190	500	330	0.66	0.69	1.05565	
4	2	2	191	400	84	0.21	0.29	1.97649	
4	2	2	192	600	222	0.37	0.47	1.6819	
4	2	2	193	500	445	0.89	0.8	1.0382	
4	2	2	194	500	310	0.62	0.67	0.823356	
4	2	2	195	400	296	0.74	0.69	1.2664	
4	2	2	196	600	354	0.59	0.85	1.24683	
4	2	2	197	400	60	0.15	0.25	0.247599	
4	2	2	198	600	156	0.26	0.39	2.05538	
4	2	2	199	600	594	0.99	0.09	1.14558	
4	2	2	200	400	144	0.36	0.75	1.51662	
4	2	3	201	300	72	0.24	0.25	0.504706	
4	2	3	202	600	486	0.81	0.75	0.3233	
4	2	3	203	400	40	0.1	0.19	0.415409	
4	2	3	204	300	33	0.11	0.33	0.764744	
4	2	3	205	200	186	0.93	0.79	0.911825	
4	2	3	206	200	164	0.82	0.7	1.23287	
4	2	3	207	500	295	0.59	0.65	0.985977	
4	2	3	208	200	142	0.71	0.65	1.81034	
4	2	3	209	300	96	0.32	0.39	1.22337	
4	2	3	210	400	320	0.8	0.8	1.52791	
4	2	3	211	400	312	0.78	0.7	0.402684	
4	2	3	212	400	340	0.85	0.85	0.538158	
4	2	3	213	500	135	0.27	0.4	0.747688	
4	2	3	214	600	564	0.94	0.89	1.1068	
4	2	3	215	400	68	0.17	0.25	0.249621	
4	2	3	216	600	312	0.52	0.55	0.363206	
4	2	3	217	500	450	0.9	0.89	0.404919	
4	2	3	218	500	305	0.61	0.7	0.51418	
4	2	3	219	400	36	0.09	0.115	0.361848	
4	2	3	220	300	63	0.21	0.33	0.832936	
4	2	3	221	500	30	0.06	0.25	0.962105	
4	2	3	222	300	141	0.47	0.4	0.497183	
4	2	3	223	300	66	0.22	0.49	2.09856	
4	2	3	224	500	320	0.64	0.61	0.791029	
4	2	3	225	200	32	0.16	0.29	1.22018	
4	2	3	226	400	364	0.91	0.85	1.27633	
4	2	3	227	600	450	0.75	0.69	0.491333	
4	2	3	228	400	388	0.97	0.9	0.456516	
4	2	3	229	200	106	0.53	0.4	1.12588	
4	2	3	230	500	385	0.77	0.76	1.26634	
4	2	3	231	300	297	0.99	0.91	0.515622	
4	2	3	232	200	68	0.34	0.36	1.09083	
4	2	3	233	500	100	0.2	0.29	1.14928	
4	2	3	234	400	152	0.38	0.4	1.34215	
4	2	3	235	300	78	0.26	0.36	0.53724	
4	2	3	236	600	48	0.08	0.19	1.25418	
4	2	3	237	400	224	0.56	0.75	1.25707	
4	2	3	238	200	144	0.72	0.8	0.786057	
4	2	3	239	300	135	0.45	0.6	0.62132	
4	2	3	240	200	10	0.05	0.1	0.288601	
4	2	3	241	200	190	0.95	0.89	1.02412	
4	2	3	242	200	24	0.12	0.27	0.993058	
4	2	3	243	200	184	0.92	0.75	1.42779	
4	2	3	244	200	2	0.01	0.05	0.818505	
4	2	3	245	400	216	0.54	0.6	1.79179	
4	2	3	246	300	171	0.57	0.6	0.786419	
4	2	3	247	400	112	0.28	0.36	1.19588	
4	2	3	248	500	230	0.46	0.48	1.06638	
4	2	3	249	200	14	0.07	0.2	1.41892	
4	2	3	250	600	522	0.87	0.85	0.489909	
4	2	3	251	200	166	0.83	0.75	2.11935	
4	2	3	252	600	288	0.48	0.46	1.44561	
4	2	3	253	500	185	0.37	0.43	0.416043	
4	2	3	254	600	84	0.14	0.275	0.89703	
4	2	3	255	500	380	0.76	0.78	2.14971	
4	2	3	256	600	252	0.42	0.36	1.49188	
4	2	3	257	200	30	0.15	0.25	0.784394	
4	2	3	258	400	12	0.03	0.1	1.0936	
4	2	3	259	600	360	0.6	0.66	1.0901	
4	2	3	260	300	108	0.36	0.455	1.85696	
4	2	3	261	500	125	0.25	0.29	1.58062	
4	2	3	262	500	205	0.41	0.375	2.35414	
4	2	3	263	300	210	0.7	0.601	0.770979	
4	2	3	264	500	335	0.67	0.71	0.867185	
4	2	3	265	300	150	0.5	0.51	1.18809	
4	2	3	266	400	204	0.51	0.595	3.00849	
4	2	3	267	200	138	0.69	0.675	2.04224	
4	2	3	268	400	316	0.79	0.71	1.30836	
4	2	3	269	500	165	0.33	0.43	1.00502	
4	2	3	270	600	138	0.23	0.25	1.44947	
4	2	3	271	200	148	0.74	0.75	0.714104	
4	2	3	272	500	445	0.89	0.89	0.34335	
4	2	3	273	600	210	0.35	0.45	1.60499	
4	2	3	274	600	390	0.65	0.685	0.689332	
4	2	3	275	600	234	0.39	0.425	0.858209	
4	2	3	276	300	189	0.63	0.51	0.530851	
4	2	3	277	300	219	0.73	0.67	0.667561	
4	2	3	278	600	396	0.66	0.7	0.950574	
4	2	3	279	200	196	0.98	0.859	0.571609	
4	2	3	280	300	174	0.58	0.6	1.25856	
4	2	3	281	500	430	0.86	0.8	0.338747	
4	2	3	282	300	186	0.62	0.59	1.66204	
4	2	3	283	400	172	0.43	0.49	1.46822	
4	2	3	284	600	294	0.49	0.66	1.98107	
4	2	3	285	400	272	0.68	0.66	0.497279	
4	2	3	286	200	88	0.44	0.45	0.956412	
4	2	3	287	300	288	0.96	0.88	0.745548	
4	2	3	288	600	180	0.3	0.4	1.77615	
4	2	3	289	300	165	0.55	0.35	0.746871	
4	2	3	290	600	78	0.13	0.34	0.414142	
4	2	3	291	400	116	0.29	0.4	1.17863	
4	2	3	292	400	336	0.84	0.725	0.321589	
4	2	3	293	500	20	0.04	0.24	1.39067	
4	2	3	294	600	186	0.31	0.33	1.0068	
4	2	3	295	300	120	0.4	0.46	0.699805	
4	2	3	296	600	114	0.19	0.33	1.40906	
4	2	3	297	200	36	0.18	0.49	1.31194	
4	2	3	298	500	10	0.02	0.19	0.486928	
4	2	3	299	500	440	0.88	0.8	0.50425	
4	2	3	300	400	200	0.5	0.7	0.665827	
4	2	4	301	500	405	0.81	0.66	0.697895	
4	2	4	302	200	146	0.73	0.65	1.51878	
4	2	4	303	300	201	0.67	0.75	0.830667	
4	2	4	304	300	96	0.32	0.325	0.624789	
4	2	4	305	200	30	0.15	0.115	0.370057	
4	2	4	306	200	138	0.69	0.75	0.871014	
4	2	4	307	500	270	0.54	0.6	0.780134	
4	2	4	308	300	99	0.33	0.39	0.537131	
4	2	4	309	500	115	0.23	0.3	1.40224	
4	2	4	310	600	132	0.22	0.375	0.415084	
4	2	4	311	300	36	0.12	0.29	1.55068	
4	2	4	312	400	68	0.17	0.36	0.785188	
4	2	4	313	300	216	0.72	0.75	1.53769	
4	2	4	314	400	140	0.35	0.48	1.4077	
4	2	4	315	600	276	0.46	0.56	0.693819	
4	2	4	316	500	430	0.86	0.75	0.272672	
4	2	4	317	400	52	0.13	0.25	0.654157	
4	2	4	318	300	210	0.7	0.77	2.18259	
4	2	4	319	200	122	0.61	0.51	1.59829	
4	2	4	320	400	252	0.63	0.6	0.396876	
4	2	4	321	500	425	0.85	0.79	0.504245	
4	2	4	322	300	225	0.75	0.69	1.54917	
4	2	4	323	200	8	0.04	0.25	1.54772	
4	2	4	324	400	384	0.96	0.85	1.70418	
4	2	4	325	600	108	0.18	0.34	1.19638	
4	2	4	326	300	27	0.09	0.25	1.18527	
4	2	4	327	200	198	0.99	0.9	0.88383	
4	2	4	328	500	55	0.11	0.265	2.09094	
4	2	4	329	600	504	0.84	0.725	1.04381	
4	2	4	330	400	8	0.02	0.1	0.651146	
4	2	4	331	600	42	0.07	0.365	1.51045	
4	2	4	332	600	312	0.52	0.5	1.55638	
4	2	4	333	300	15	0.05	0.345	1.22487	
4	2	4	334	200	50	0.25	0.375	1.09761	
4	2	4	335	300	273	0.91	0.75	0.386083	
4	2	4	336	500	450	0.9	0.7	0.981411	
4	2	4	337	500	320	0.64	0.69	1.54997	
4	2	4	338	200	188	0.94	0.86	0.550627	
4	2	4	339	600	60	0.1	0.195	1.6337	
4	2	4	340	400	380	0.95	0.74	0.511855	
4	2	4	341	400	304	0.76	0.685	0.440972	
4	2	4	342	300	60	0.2	0.335	0.576141	
4	2	4	343	600	396	0.66	0.675	1.9228	
4	2	4	344	600	462	0.77	0.75	0.903102	
4	2	4	345	200	164	0.82	0.86	1.31393	
4	2	4	346	600	186	0.31	0.385	0.784698	
4	2	4	347	300	264	0.88	0.865	1.09161	
4	2	4	348	300	42	0.14	0.39	1.78617	
4	2	4	349	200	156	0.78	0.7	1.43047	
4	2	4	350	500	250	0.5	0.445	0.945421	
4	2	4	351	200	6	0.03	0.1	0.353697	
4	2	4	352	200	136	0.68	0.65	1.19281	
4	2	4	353	400	348	0.87	0.78	0.493256	
4	2	4	354	600	252	0.42	0.425	1.23855	
4	2	4	355	500	245	0.49	0.36	0.816715	
4	2	4	356	400	372	0.93	0.75	0.799822	
4	2	4	357	200	32	0.16	0.33	0.866819	
4	2	4	358	600	444	0.74	0.68	1.44607	
4	2	4	359	300	249	0.83	0.75	0.930697	
4	2	4	360	300	276	0.92	0.85	0.991811	
4	2	4	361	400	220	0.55	0.61	2.1325	
4	2	4	362	600	390	0.65	0.725	0.852308	
4	2	4	363	300	81	0.27	0.39	2.44907	
4	2	4	364	600	228	0.38	0.45	3.50075	
4	2	4	365	500	265	0.53	0.55	1.46668	
4	2	4	366	400	248	0.62	0.59	2.65962	
4	2	4	367	400	200	0.5	0.405	0.417483	
4	2	4	368	200	2	0.01	0.1	0.848441	
4	2	4	369	400	24	0.06	0.15	0.392436	
4	2	4	370	200	88	0.44	0.49	0.890067	
4	2	4	371	500	295	0.59	0.86	0.854988	
4	2	4	372	500	400	0.8	0.85	0.528106	
4	2	4	373	600	282	0.47	0.4	1.08741	
4	2	4	374	500	485	0.97	0.89	0.454574	
4	2	4	375	300	237	0.79	0.7	0.542154	
4	2	4	376	600	348	0.58	0.49	1.08157	
4	2	4	377	400	136	0.34	0.37	0.272362	
4	2	4	378	500	445	0.89	0.685	1.15355	
4	2	4	379	300	84	0.28	0.29	1.98208	
4	2	4	380	400	104	0.26	0.33	0.606502	
4	2	4	381	200	196	0.98	0.95	0.755757	
4	2	4	382	500	355	0.71	0.725	2.69099	
4	2	4	383	200	58	0.29	0.385	1.52896	
4	2	4	384	600	342	0.57	0.45	1.76134	
4	2	4	385	300	144	0.48	0.44	1.22952	
4	2	4	386	300	90	0.3	0.3	0.256243	
4	2	4	387	600	144	0.24	0.2	0.492089	
4	2	4	388	400	160	0.4	0.47	1.24339	
4	2	4	389	400	180	0.45	0.46	0.640252	
4	2	4	390	500	185	0.37	0.365	0.383413	
4	2	4	391	500	300	0.6	0.51	0.353674	
4	2	4	392	200	78	0.39	0.485	0.950892	
4	2	4	393	400	84	0.21	0.365	0.397767	
4	2	4	394	600	246	0.41	0.475	0.656488	
4	2	4	395	200	38	0.19	0.36	0.943325	
4	2	4	396	500	255	0.51	0.65	0.938327	
4	2	4	397	200	112	0.56	0.51	0.447049	
4	2	4	398	600	216	0.36	0.6	2.79856	
4	2	4	399	400	32	0.08	0.2	0.344441	
4	2	4	400	500	215	0.43	0.4	0.527831	
4	2	5	401	300	21	0.07	0.39	1.80797	
4	2	5	402	200	56	0.28	0.4	0.621231	
4	2	5	403	600	576	0.96	0.765	0.959093	
4	2	5	404	300	228	0.76	0.65	1.04575	
4	2	5	405	200	36	0.18	0.425	1.61789	
4	2	5	406	500	25	0.05	0.19	1.18818	
4	2	5	407	500	60	0.12	0.2	0.442865	
4	2	5	408	200	184	0.92	0.65	0.844499	
4	2	5	409	600	594	0.99	0.95	0.431719	
4	2	5	410	500	155	0.31	0.375	0.626913	
4	2	5	411	500	15	0.03	0.15	0.655575	
4	2	5	412	400	16	0.04	0.17	0.912874	
4	2	5	413	600	36	0.06	0.18	1.5096	
4	2	5	414	200	186	0.93	0.7	1.00971	
4	2	5	415	500	185	0.37	0.38	1.46094	
4	2	5	416	300	105	0.35	0.4	0.893292	
4	2	5	417	200	162	0.81	0.65	1.16856	
4	2	5	418	300	156	0.52	0.5	0.463242	
4	2	5	419	300	39	0.13	0.28	0.578765	
4	2	5	420	600	468	0.78	0.75	0.552208	
4	2	5	421	300	27	0.09	0.25	0.415249	
4	2	5	422	300	162	0.54	0.69	1.54878	
4	2	5	423	400	344	0.86	0.7	1.24097	
4	2	5	424	500	375	0.75	0.75	2.77737	
4	2	5	425	500	485	0.97	0.9	0.531409	
4	2	5	426	500	160	0.32	0.4	2.28864	
4	2	5	427	300	66	0.22	0.35	0.730181	
4	2	5	428	400	272	0.68	0.6	1.96916	
4	2	5	429	600	156	0.26	0.38	1.02601	
4	2	5	430	200	140	0.7	0.6	0.678757	
4	2	5	431	400	288	0.72	0.7	1.20012	
4	2	5	432	200	188	0.94	0.88	1.27293	
4	2	5	433	200	38	0.19	0.39	1.56742	
4	2	5	434	200	110	0.55	0.7	1.76801	
4	2	5	435	400	204	0.51	0.4	1.10729	
4	2	5	436	400	316	0.79	0.6	0.588058	
4	2	5	437	200	112	0.56	0.55	0.919626	
4	2	5	438	500	215	0.43	0.5	0.594496	
4	2	5	439	400	80	0.2	0.35	1.46006	
4	2	5	440	300	249	0.83	0.69	1.55678	
4	2	5	441	200	20	0.1	0.2	1.83317	
4	2	5	442	400	236	0.59	0.59	1.1626	
4	2	5	443	500	85	0.17	0.3	1.65878	
4	2	5	444	400	348	0.87	0.55	1.75706	
4	2	5	445	400	136	0.34	0.38	1.31184	
4	2	5	446	200	22	0.11	0.25	0.53615	
4	2	5	447	200	78	0.39	0.4	0.483379	
4	2	5	448	600	366	0.61	0.7	1.60088	
4	2	5	449	500	150	0.3	0.44	1.96305	
4	2	5	450	400	116	0.29	0.39	0.795049	
4	2	5	451	400	284	0.71	0.75	1.6663	
4	2	5	452	300	207	0.69	0.78	1.09286	
4	2	5	453	500	105	0.21	0.36	0.943578	
4	2	5	454	500	320	0.64	0.6	0.972833	
4	2	5	455	400	184	0.46	0.45	0.819908	
4	2	5	456	300	267	0.89	0.8	0.502789	
4	2	5	457	300	198	0.66	0.6	0.842062	
4	2	5	458	600	540	0.9	0.78	1.5833	
4	2	5	459	200	196	0.98	0.9	0.631974	
4	2	5	460	200	48	0.24	0.38	1.22325	
4	2	5	461	600	390	0.65	0.7	1.62004	
4	2	5	462	300	174	0.58	0.48	1.83668	
4	2	5	463	600	444	0.74	0.62	1.99877	
4	2	5	464	300	180	0.6	0.65	1.91668	
4	2	5	465	600	318	0.53	0.5	0.669456	
4	2	5	466	300	24	0.08	0.25	0.630827	
4	2	5	467	200	88	0.44	0.49	1.87213	
4	2	5	468	500	425	0.85	0.76	0.568399	
4	2	5	469	300	6	0.02	0.1	0.251724	
4	2	5	470	400	192	0.48	0.5	0.465277	
4	2	5	471	400	320	0.8	0.75	0.192875	
4	2	5	472	400	164	0.41	0.44	0.344297	
4	2	5	473	600	528	0.88	0.85	0.943626	
4	2	5	474	600	492	0.82	0.8	0.474476	
4	2	5	475	300	114	0.38	0.38	1.36192	
4	2	5	476	300	69	0.23	0.4	0.796557	
4	2	5	477	200	114	0.57	0.45	0.563737	
4	2	5	478	500	225	0.45	0.48	0.88518	
4	2	5	479	300	141	0.47	0.49	1.02803	
4	2	5	480	400	292	0.73	0.6	0.746999	
4	2	5	481	600	240	0.4	0.38	0.760421	
4	2	5	482	300	186	0.62	0.47	0.669671	
4	2	5	483	500	245	0.49	0.46	1.21264	
4	2	5	484	500	315	0.63	0.46	1.5654	
4	2	5	485	200	50	0.25	0.38	2.12554	
4	2	5	486	500	75	0.15	0.25	0.393644	
4	2	5	487	500	385	0.77	0.75	0.964905	
4	2	5	488	600	252	0.42	0.47	1.13998	
4	2	5	489	600	216	0.36	0.4	0.432803	
4	2	5	490	400	132	0.33	0.45	1.46287	
4	2	5	491	600	162	0.27	0.35	0.823628	
4	2	5	492	600	504	0.84	0.8	0.522452	
4	2	5	493	200	32	0.16	0.3	0.311709	
4	2	5	494	400	4	0.01	0.09	0.629312	
4	2	5	495	200	134	0.67	0.68	1.53474	
4	2	5	496	600	300	0.5	0.6	1.08097	
4	2	5	497	500	475	0.95	0.85	0.333467	
4	2	5	498	600	84	0.14	0.25	0.673057	
4	2	5	499	400	200	0.5	0.3	0.326647	
4	2	5	500	600	546	0.91	0.75	0.350221	
4	2	6	501	600	78	0.13	0.34	0.532871	
4	2	6	502	500	195	0.39	0.4	0.38139	
4	2	6	503	600	492	0.82	0.69	0.509287	
4	2	6	504	500	340	0.68	0.59	1.30861	
4	2	6	505	400	16	0.04	0.2	0.491611	
4	2	6	506	300	252	0.84	0.65	0.823136	
4	2	6	507	200	60	0.3	0.44	0.744158	
4	2	6	508	600	396	0.66	0.55	0.673094	
4	2	6	509	500	375	0.75	0.65	0.578316	
4	2	6	510	600	564	0.94	0.68	0.409652	
4	2	6	511	300	192	0.64	0.65	0.990803	
4	2	6	512	200	12	0.06	0.2	0.742064	
4	2	6	513	300	174	0.58	0.67	1.23552	
4	2	6	514	200	30	0.15	0.4	0.932236	
4	2	6	515	400	132	0.33	0.45	1.00758	
4	2	6	516	300	222	0.74	0.7	0.866285	
4	2	6	517	200	106	0.53	0.5	1.28152	
4	2	6	518	200	74	0.37	0.46	0.386652	
4	2	6	519	400	208	0.52	0.475	1.02572	
4	2	6	520	200	48	0.24	0.38	1.4099	
4	2	6	521	500	95	0.19	0.285	0.818428	
4	2	6	522	600	126	0.21	0.25	1.66712	
4	2	6	523	400	380	0.95	0.75	0.489944	
4	2	6	524	600	156	0.26	0.33	0.489397	
4	2	6	525	200	6	0.03	0.15	0.990909	
4	2	6	526	500	220	0.44	0.45	0.890222	
4	2	6	527	200	44	0.22	0.4	1.38722	
4	2	6	528	600	282	0.47	0.5	0.522148	
4	2	6	529	500	440	0.88	0.701	0.685614	
4	2	6	530	300	228	0.76	0.68	1.2786	
4	2	6	531	300	93	0.31	0.4	1.01924	
4	2	6	532	300	237	0.79	0.63	1.6384	
4	2	6	533	600	102	0.17	0.29	1.08873	
4	2	6	534	300	27	0.09	0.25	0.715755	
4	2	6	535	200	120	0.6	0.55	0.720866	
4	2	6	536	300	150	0.5	0.501	0.846088	
4	2	6	537	400	364	0.91	0.68	0.976868	
4	2	6	538	500	465	0.93	0.79	0.25987	
4	2	6	539	200	20	0.1	0.33	1.28533	
4	2	6	540	300	288	0.96	0.89	0.790325	
4	2	6	541	300	123	0.41	0.49	1.25949	
4	2	6	542	200	162	0.81	0.66	1.79467	
4	2	6	543	500	295	0.59	0.45	1.18269	
4	2	6	544	500	70	0.14	0.33	0.202074	
4	2	6	545	400	340	0.85	0.7	0.527404	
4	2	6	546	200	92	0.46	0.44	0.764872	
4	2	6	547	300	54	0.18	0.38	0.349623	
4	2	6	548	500	460	0.92	0.735	1.1251	
4	2	6	549	500	415	0.83	0.77	0.727647	
4	2	6	550	300	33	0.11	0.33	1.42814	
4	2	6	551	400	92	0.23	0.38	0.256916	
4	2	6	552	600	390	0.65	0.6	1.02039	
4	2	6	553	300	75	0.25	0.4	0.49733	
4	2	6	554	600	372	0.62	0.56	0.916755	
4	2	6	555	600	324	0.54	0.57	0.801515	
4	2	6	556	300	3	0.01	0.05	1.16073	
4	2	6	557	200	58	0.29	0.49	1.35973	
4	2	6	558	500	345	0.69	0.62	1.57453	
4	2	6	559	300	96	0.32	0.39	1.86015	
4	2	6	560	600	534	0.89	0.76	1.12456	
4	2	6	561	400	252	0.63	0.66	3.31519	
4	2	6	562	200	102	0.51	0.58	0.656958	
4	2	6	563	400	140	0.35	0.41	0.895974	
4	2	6	564	500	100	0.2	0.36	0.378561	
4	2	6	565	200	90	0.45	0.44	0.419602	
4	2	6	566	500	40	0.08	0.25	0.0346623	
4	2	6	567	200	172	0.86	0.75	0.634448	
4	2	6	568	500	245	0.49	0.49	1.09761	
4	2	6	569	200	24	0.12	0.32	0.672702	
4	2	6	570	400	348	0.87	0.8	0.443786	
4	2	6	571	600	582	0.97	0.88	0.303378	
4	2	6	572	500	135	0.27	0.34	1.73063	
4	2	6	573	400	28	0.07	0.25	1.18113	
4	2	6	574	200	142	0.71	0.65	0.474203	
4	2	6	575	600	240	0.4	0.4	0.690307	
4	2	6	576	500	10	0.02	0.15	0.501341	
4	2	6	577	600	366	0.61	0.49	0.62688	
4	2	6	578	400	396	0.99	0.95	0.262338	
4	2	6	579	400	220	0.55	0.51	1.07201	
4	2	6	580	500	385	0.77	0.67	0.294567	
4	2	6	581	600	30	0.05	0.27	0.988287	
4	2	6	582	500	170	0.34	0.29	0.729008	
4	2	6	583	400	280	0.7	0.65	1.3143	
4	2	6	584	600	168	0.28	0.4	1.74847	
4	2	6	585	400	144	0.36	0.42	1.44918	
4	2	6	586	300	216	0.72	0.7	0.517662	
4	2	6	587	300	201	0.67	0.6	0.725163	
4	2	6	588	300	270	0.9	0.8	0.274329	
4	2	6	589	400	224	0.56	0.49	0.575958	
4	2	6	590	200	76	0.38	0.4	0.779113	
4	2	6	591	500	390	0.78	0.75	0.760193	
4	2	6	592	600	342	0.57	0.65	1.36139	
4	2	6	593	400	292	0.73	0.65	0.926392	
4	2	6	594	400	192	0.48	0.475	0.800994	
4	2	6	595	600	252	0.42	0.39	0.335423	
4	2	6	596	200	100	0.5	0.5	0.260941	
4	2	6	597	300	48	0.16	0.31	1.08868	
4	2	6	598	400	320	0.8	0.6	0.502586	
4	2	6	599	600	588	0.98	0.9	0.425109	
4	2	6	600	400	172	0.43	0.4	0.560759	
4	2	7	601	200	196	0.98	0.95	0.512757	
4	2	7	602	200	162	0.81	0.65	1.66354	
4	2	7	603	300	150	0.5	0.5	0.308936	
4	2	7	604	500	465	0.93	0.75	1.41865	
4	2	7	605	300	15	0.05	0.15	0.335495	
4	2	7	606	600	420	0.7	0.55	0.620894	
4	2	7	607	400	44	0.11	0.35	1.18422	
4	2	7	608	400	376	0.94	0.77	0.531035	
4	2	7	609	500	320	0.64	0.55	0.724318	
4	2	7	610	600	306	0.51	0.46	0.81161	
4	2	7	611	600	390	0.65	0.51	1.0648	
4	2	7	612	300	261	0.87	0.65	0.769488	
4	2	7	613	600	540	0.9	0.78	0.385037	
4	2	7	614	300	30	0.1	0.15	0.454387	
4	2	7	615	500	45	0.09	0.199	0.745906	
4	2	7	616	600	336	0.56	0.465	1.37955	
4	2	7	617	200	54	0.27	0.4	1.52202	
4	2	7	618	500	185	0.37	0.45	0.834785	
4	2	7	619	300	102	0.34	0.42	0.711728	
4	2	7	620	200	178	0.89	0.7	1.18663	
4	2	7	621	400	244	0.61	0.59	1.14166	
4	2	7	622	200	182	0.91	0.7	0.89677	
4	2	7	623	600	150	0.25	0.35	1.23572	
4	2	7	624	300	255	0.85	0.75	0.186529	
4	2	7	625	500	415	0.83	0.7	0.544096	
4	2	7	626	500	440	0.88	0.76	0.387733	
4	2	7	627	200	38	0.19	0.29	0.536798	
4	2	7	628	600	582	0.97	0.88	0.560131	
4	2	7	629	200	104	0.52	0.55	0.479728	
4	2	7	630	400	220	0.55	0.52	1.55106	
4	2	7	631	500	5	0.01	0.11	0.7714	
4	2	7	632	500	10	0.02	0.1	1.14269	
4	2	7	633	500	400	0.8	0.68	0.689647	
4	2	7	634	300	12	0.04	0.1	1.05883	
4	2	7	635	200	142	0.71	0.6	1.20214	
4	2	7	636	400	368	0.92	0.75	0.994154	
4	2	7	637	300	237	0.79	0.59	3.032	
4	2	7	638	500	430	0.86	0.65	1.11789	
4	2	7	639	500	245	0.49	0.55	1.23713	
4	2	7	640	400	48	0.12	0.4	0.614076	
4	2	7	641	400	292	0.73	0.67	1.26923	
4	2	7	642	600	360	0.6	0.525	0.610456	
4	2	7	643	500	295	0.59	0.525	0.711529	
4	2	7	644	600	300	0.5	0.53	1.09845	
4	2	7	645	500	340	0.68	0.6	0.345352	
4	2	7	646	300	252	0.84	0.68	0.89874	
4	2	7	647	200	16	0.08	0.2	0.738048	
4	2	7	648	400	156	0.39	0.33	0.973317	
4	2	7	649	200	82	0.41	0.4	0.330504	
4	2	7	650	300	9	0.03	0.15	0.57	
4	2	7	651	300	21	0.07	0.2	0.255219	
4	2	7	652	200	58	0.29	0.35	0.249052	
4	2	7	653	400	56	0.14	0.34	1.01068	
4	2	7	654	400	380	0.95	0.86	0.397329	
4	2	7	655	200	86	0.43	0.5	0.748579	
4	2	7	656	400	180	0.45	0.44	0.883634	
4	2	7	657	500	65	0.13	0.36	0.330555	
4	2	7	658	400	60	0.15	0.35	0.442313	
4	2	7	659	600	264	0.44	0.495	0.775449	
4	2	7	660	600	252	0.42	0.475	0.264131	
4	2	7	661	300	51	0.17	0.36	0.887066	
4	2	7	662	500	140	0.28	0.45	1.23366	
4	2	7	663	200	114	0.57	0.59	1.86868	
4	2	7	664	200	124	0.62	0.6	0.60734	
4	2	7	665	500	155	0.31	0.42	0.780864	
4	2	7	666	400	384	0.96	0.88	0.543516	
4	2	7	667	600	132	0.22	0.25	0.54084	
4	2	7	668	200	12	0.06	0.2	1.02217	
4	2	7	669	400	188	0.47	0.51	1.1772	
4	2	7	670	400	212	0.53	0.59	0.96809	
4	2	7	671	400	64	0.16	0.25	0.299965	
4	2	7	672	200	40	0.2	0.36	0.581801	
4	2	7	673	300	222	0.74	0.7	0.520789	
4	2	7	674	400	308	0.77	0.78	0.920166	
4	2	7	675	600	468	0.78	0.75	0.955372	
4	2	7	676	600	216	0.36	0.41	0.730151	
4	2	7	677	400	92	0.23	0.39	0.709029	
4	2	7	678	200	92	0.46	0.49	1.32861	
4	2	7	679	400	160	0.4	0.485	1.03747	
4	2	7	680	200	42	0.21	0.38	0.468186	
4	2	7	681	600	144	0.24	0.39	1.3476	
4	2	7	682	300	96	0.32	0.375	1.33422	
4	2	7	683	600	456	0.76	0.65	0.589121	
4	2	7	684	300	105	0.35	0.44	0.486507	
4	2	7	685	300	201	0.67	0.69	1.15554	
4	2	7	686	300	297	0.99	0.98	0.766688	
4	2	7	687	500	330	0.66	0.72	0.621333	
4	2	7	688	400	288	0.72	0.68	1.10833	
4	2	7	689	500	90	0.18	0.375	1.12322	
4	2	7	690	300	144	0.48	0.46	0.545862	
4	2	7	691	600	492	0.82	0.685	0.779319	
4	2	7	692	600	348	0.58	0.525	0.765924	
4	2	7	693	600	156	0.26	0.42	0.602925	
4	2	7	694	500	375	0.75	0.71	0.447734	
4	2	7	695	600	378	0.63	0.6	1.44509	
4	2	7	696	500	190	0.38	0.435	0.711984	
4	2	7	697	200	60	0.3	0.45	0.536395	
4	2	7	698	300	99	0.33	0.46	1.05345	
4	2	7	699	200	108	0.54	0.61	0.334358	
4	2	7	700	300	207	0.69	0.59	0.239557	
4	2	8	701	200	158	0.79	0.7	0.231578	
4	2	8	702	400	76	0.19	0.3	0.37435	
4	2	8	703	400	312	0.78	0.8	0.647911	
4	2	8	704	400	216	0.54	0.6	0.3286	
4	2	8	705	200	120	0.6	0.5	0.393715	
4	2	8	706	200	144	0.72	0.7	0.408837	
4	2	8	707	200	190	0.95	0.9	0.296229	
4	2	8	708	500	125	0.25	0.35	0.999388	
4	2	8	709	600	564	0.94	0.76	0.27972	
4	2	8	710	500	230	0.46	0.435	0.496899	
4	2	8	711	500	170	0.34	0.39	0.619622	
4	2	8	712	500	380	0.76	0.75	0.160477	
4	2	8	713	500	205	0.41	0.425	1.05393	
4	2	8	714	400	256	0.64	0.5	1.17659	
4	2	8	715	300	258	0.86	0.72	0.569335	
4	2	8	716	300	108	0.36	0.45	0.835787	
4	2	8	717	600	372	0.62	0.51	1.71866	
4	2	8	718	600	558	0.93	0.82	0.287829	
4	2	8	719	300	21	0.07	0.21	0.923154	
4	2	8	720	200	130	0.65	0.6	0.778365	
4	2	8	721	600	348	0.58	0.58	0.747227	
4	2	8	722	500	460	0.92	0.76	0.292322	
4	2	8	723	400	108	0.27	0.29	0.575288	
4	2	8	724	300	189	0.63	0.575	1.71448	
4	2	8	725	500	5	0.01	0.1	0.728703	
4	2	8	726	500	130	0.26	0.33	0.341269	
4	2	8	727	300	171	0.57	0.51	0.960629	
4	2	8	728	600	24	0.04	0.19	0.919516	
4	2	8	729	400	156	0.39	0.52	0.782664	
4	2	8	730	400	280	0.7	0.6	0.271119	
4	2	8	731	500	140	0.28	0.39	0.724845	
4	2	8	732	200	176	0.88	0.76	0.585643	
4	2	8	733	600	252	0.42	0.44	1.21866	
4	2	8	734	500	190	0.38	0.43	0.475221	
4	2	8	735	300	45	0.15	0.4	1.11616	
4	2	8	736	400	236	0.59	0.65	0.335088	
4	2	8	737	300	96	0.32	0.425	0.316997	
4	2	8	738	400	340	0.85	0.7	0.394123	
4	2	8	739	200	48	0.24	0.33	0.251319	
4	2	8	740	500	60	0.12	0.33	0.33885	
4	2	8	741	300	87	0.29	0.35	0.585491	
4	2	8	742	300	120	0.4	0.49	0.596141	
4	2	8	743	600	30	0.05	0.2	0.385382	
4	2	8	744	600	288	0.48	0.51	0.668268	
4	2	8	745	600	294	0.49	0.5	1.42434	
4	2	8	746	600	576	0.96	0.86	0.280749	
4	2	8	747	400	284	0.71	0.74	1.95494	
4	2	8	748	200	22	0.11	0.3	0.312741	
4	2	8	749	500	225	0.45	0.4	0.803792	
4	2	8	750	200	62	0.31	0.475	0.436614	
4	2	8	751	500	40	0.08	0.25	0.56351	
4	2	8	752	600	450	0.75	0.75	0.538512	
4	2	8	753	300	51	0.17	0.33	1.22544	
4	2	8	754	300	153	0.51	0.51	0.851757	
4	2	8	755	300	222	0.74	0.6	0.284429	
4	2	8	756	500	105	0.21	0.39	1.12552	
4	2	8	757	600	180	0.3	0.4	0.844141	
4	2	8	758	300	201	0.67	0.59	0.827197	
4	2	8	759	500	340	0.68	0.6	0.63809	
4	2	8	760	200	122	0.61	0.61	0.428823	
4	2	8	761	600	300	0.5	0.52	0.911758	
4	2	8	762	200	194	0.97	0.88	0.388812	
4	2	8	763	200	44	0.22	0.3	0.633566	
4	2	8	764	400	40	0.1	0.25	0.676902	
4	2	8	765	600	336	0.56	0.505	0.845251	
4	2	8	766	400	132	0.33	0.435	0.374103	
4	2	8	767	400	24	0.06	0.15	0.296586	
4	2	8	768	400	176	0.44	0.465	0.782171	
4	2	8	769	300	231	0.77	0.725	0.388945	
4	2	8	770	200	104	0.52	0.68	0.779988	
4	2	8	771	200	36	0.18	0.33	0.450463	
4	2	8	772	600	504	0.84	0.68	0.937578	
4	2	8	773	300	297	0.99	0.98	0.208545	
4	2	8	774	600	120	0.2	0.375	0.657631	
4	2	8	775	200	110	0.55	0.55	0.92803	
4	2	8	776	600	588	0.98	0.89	0.408906	
4	2	8	777	500	450	0.9	0.75	0.253742	
4	2	8	778	400	324	0.81	0.658	0.299092	
4	2	8	779	300	141	0.47	0.525	0.911794	
4	2	8	780	300	39	0.13	0.425	0.570497	
4	2	8	781	600	396	0.66	0.65	0.328767	
4	2	8	782	200	6	0.03	0.08	0.619836	
4	2	8	783	200	28	0.14	0.2	1.35256	
4	2	8	784	300	27	0.09	0.24	1.52541	
4	2	8	785	500	215	0.43	0.43	0.559748	
4	2	8	786	300	159	0.53	0.505	1.19447	
4	2	8	787	500	410	0.82	0.69	0.311908	
4	2	8	788	500	10	0.02	0.11	0.392955	
4	2	8	789	400	140	0.35	0.39	0.672117	
4	2	8	790	200	100	0.5	0.49	0.61519	
4	2	8	791	500	115	0.23	0.44	0.154325	
4	2	8	792	400	320	0.8	0.68	0.297765	
4	2	8	793	400	348	0.87	0.76	0.888474	
4	2	8	794	300	267	0.89	0.77	0.832821	
4	2	8	795	400	332	0.83	0.78	0.793557	
4	2	8	796	200	182	0.91	0.85	0.296147	
4	2	8	797	400	276	0.69	0.74	0.377608	
4	2	8	798	600	96	0.16	0.29	0.92886	
4	2	8	799	600	222	0.37	0.365	0.709358	
4	2	8	800	200	146	0.73	0.645	0.29623	
